0 0.35803622465867263 0.46306371688842773 0.06624669295090896 0.06685631091778095
0 0.615540651174692 0.8930416107177734 0.058177801278921276 0.0582269521859976
0 0.3041960642887996 0.3771098210261418 0.05969861837533804 0.059252225435697116
0 0.7993682714609 0.28989335206838757 0.02800912123460036 0.028212987459622897
0 0.8018502455491286 0.17901484782879168 0.02607140174278846 0.026113510131835938
0 0.45880706493671125 0.11488189147068904 0.04576257558969351 0.04595765700707069
0 0.5761497204120343 0.8074163290170523 0.024999691889836237 0.025163797231820915
0 0.8329029816847581 0.43037707989032453 0.025861153235802285 0.025861299954927884
0 0.8927465585561899 0.21486909572894758 0.02300409170297476 0.022883488581730768
0 0.47185747440044695 0.5995220771202674 0.026952376732459433 0.026894642756535456
0 0.7411281145535983 0.2722316521864671 0.024115782517653245 0.023848240192119893
0 0.26764642275296724 0.3894440210782565 0.027976036071777344 0.02807316413292518
0 0.5352193392240084 0.3801298141479492 0.01785909212552584 0.017818157489483174
0 0.25873506986177885 0.7222664172832782 0.029368473933293268 0.029557154728816107
0 0.7805098020113431 0.04323964852553148 0.021238180307241585 0.021064242491355308
0 0.05976081352967482 0.7036845867450421 0.03071125654073862 0.03045038076547476
0 0.2621444372030405 0.03227028021445641 0.02419886222252479 0.024129739174476035
0 0.03887052719409649 0.6872722185575045 0.019844201894906852 0.01992210975060096
0 0.6103052726158729 0.29619004176213193 0.025686997633713942 0.025720889751727764
0 0.5495595198411208 0.3138531538156363 0.017455907968374398 0.017496475806603067
0 0.5501439021183894 0.2005462646484375 0.01708045372596154 0.0170745849609375
0 0.9048438439002404 0.11574062017294076 0.029476459209735576 0.02945542335510254
0 0.8887525705190805 0.9613845531757061 0.017085735614483174 0.017270014836237982
0 0.3335380187401405 0.08655348190894493 0.022666490994966947 0.023034201218531683
0 0.465363282423753 0.46523659045879656 0.035182952880859375 0.03559200580303486
0 0.6151362565847543 0.7884197235107422 0.027155436002291165 0.027186467097355768
0 0.4797346041752742 0.23441395392784706 0.02454801706167368 0.024830084580641527
0 0.37598441197321963 0.9015780962430514 0.025205318744365986 0.025156607994666465
0 0.7993794954740084 0.566115929530217 0.017339559701772835 0.01745128631591797
0 0.29479674192575306 0.5552024107712966 0.01711115470299354 0.016814158512995794
0 0.5179389806894156 0.07761698502760667 0.034721081073467545 0.03534232653104342
0 0.2802563447218675 0.2332765139066256 0.023510859562800482 0.02374414297250601
0 0.37892972506009615 0.5902522527254545 0.02010044684776893 0.02002378610464243
0 0.18016525415273812 0.3237737508920523 0.02922347875741812 0.029221608088566706
0 0.3867196303147536 0.4141294772808368 0.031040191650390625 0.03122601142296424
0 0.620156508225661 0.847561029287485 0.04607739815345177 0.04553442734938402
0 0.5543979498056265 0.018497785696616538 0.01764678955078125 0.017665170706235446
0 0.18623153979961687 0.9249528004572942 0.016527726100041315 0.01672510000375601
0 0.38438525566687953 0.2101722130408654 0.016093034010667067 0.016108146080603965
0 0.4580831527709961 0.19191424663250262 0.023621192345252402 0.023532940791203424
0 0.06120214553979727 0.4176581089313214 0.016853708487290602 0.017142442556527946
0 0.39946739490215594 0.10865559944739708 0.018608826857346755 0.018541812896728516
0 0.21360478034386268 0.164747036420382 0.017014833597036507 0.01701043202326848
0 0.88709229689378 0.2770219582777757 0.01759954599233774 0.01756433340219351
0 0.4307026496300331 0.3829673987168532 0.03740149277907152 0.03769962604229267
0 0.11812877655029297 0.5170924846942608 0.016135307458730843 0.016020554762620192
0 0.8231001633864182 0.8244376549353967 0.06395662747896634 0.0642092778132512
0 0.42080138279841495 0.9535757211538461 0.024801254272460938 0.02485935504619892
0 0.2624976451580341 0.458557862501878 0.020774254432091348 0.020930657019981973
0 0.6681110675518329 0.29796582001906174 0.016245035024789665 0.016197608067439154
0 0.8589633061335638 0.18498314343965971 0.028560931865985576 0.02806223355806791
0 0.9420992044302133 0.20244954182551458 0.027761019193209134 0.02769316159761869
0 0.3991388907799354 0.25033363929161656 0.02090791555551382 0.021006437448354866
0 0.5007441594050481 0.1611472643338717 0.038074640127328724 0.038512312448941745
0 0.08217254968789908 0.655670166015625 0.05747644717876728 0.05853990408090445
0 0.7462433301485502 0.7797968937800481 0.020017037024864785 0.019962310791015625
0 0.5249483035160944 0.12272313007941613 0.05024367112379808 0.05008299534137432
0 0.2348942756652832 0.014220070380430955 0.050602656144362226 0.027528501473940335
0 0.19751633130587065 0.11707524152902457 0.014771094689002404 0.014421463012695312
0 0.6453611667339618 0.3699621053842398 0.017057418823242188 0.01698171175443209
0 0.7235837349524865 0.3122335947476901 0.018340037419245794 0.01787391075721154
0 0.7762134258563702 0.2260885972243089 0.014463571401742788 0.014760530911959134
0 0.7425088148850661 0.06406293465540959 0.030855325552133415 0.03093921221219576
0 0.2915621537428636 0.4750983164860652 0.026160753690279447 0.026366527263934795
0 0.6152188961322491 0.5468270228459284 0.015892468965970553 0.016109173114483174
0 0.8565694368802584 0.5063291696401743 0.015278449425330529 0.01552596459021935
0 0.6414036383995643 0.9475047771747296 0.015081258920522837 0.015316596397986779
0 0.34630977190457857 0.39579164064847505 0.017327382014347956 0.017387243417593148
0 0.09484580846933219 0.04474720129599938 0.014236633594219502 0.014058681634756235
0 0.882267218369704 0.7870641855093149 0.05826876713679387 0.05819438054011418
0 0.14423238314115083 0.6666001539963943 0.06649728921743539 0.0660846416766827
0 0.7799311417799729 0.8058088009174054 0.016480225783128005 0.016490642841045674
0 0.22027881328876203 0.3749900964590219 0.01909351348876953 0.01938027601975661
0 0.3739527922410231 0.3513212570777306 0.014664723322941707 0.014729939974271335
0 0.7378595792330228 0.04164170301877535 0.015347994290865384 0.01570510635009179
0 0.4086757073035607 0.49733455364520734 0.01651631868802584 0.01666538531963642
0 0.6925745743971604 0.8082026701707107 0.0406794914832482 0.040126947256234974
0 0.5381576097928561 0.2527538813077487 0.02390751471886268 0.02382509525005634
0 0.3437686333289513 0.9127238346980169 0.023676432096041165 0.02405724158653846
0 0.5111945225642278 0.2319025993347168 0.016464746915377103 0.01641214810884916
0 0.866935656620906 0.37912808931790865 0.016079095693734977 0.01632969196026142
0 0.24365707544180062 0.6120711106520432 0.0544279538668119 0.053528125469501205
0 0.4969792732825646 0.12193755003122184 0.020419927743765023 0.020684297268207256
0 0.22072260196392351 0.8734320860642654 0.057501646188589245 0.058168998131385215
0 0.3212996996366061 0.726529048039363 0.023962901188777044 0.023875603309044473
0 0.3744820814866286 0.7831342403705304 0.014616746168870192 0.014959188608022837
0 0.5039737774775579 0.8207896305964544 0.02097621330848107 0.020656879131610576
0 0.1477331014779898 0.67511353125939 0.01652068358201247 0.01657251211313101
0 0.6370814396784856 0.46799652393047625 0.018212245060847357 0.018488223736102764
0 0.6823899195744441 0.04583995158855732 0.015158139742337741 0.015091941906855656
0 0.2970690360436073 0.4441974346454327 0.025580626267653245 0.02580129183255709
0 0.2829563617706299 0.7050765110896184 0.026149676396296576 0.0261837885929988
0 0.6417353703425481 0.27465046369112456 0.04111392681415264 0.0409702887901893
0 0.5587100982666016 0.7053230725801908 0.027647898747370794 0.02860685495229868
0 0.2269752942598783 0.6629461141733023 0.036113885732797474 0.036291269155649036
0 0.1452184273646428 0.4525890350341797 0.014714241027832031 0.01467132568359375
0 0.04578089714050293 0.9273009667029748 0.017000583501962516 0.01708984375
0 0.3404397964477539 0.5372829437255859 0.013900830195500301 0.013954529395470252
0 0.8745686457707331 0.8398785224327674 0.04967146653395433 0.052038926344651446
0 0.622072880084698 0.4679758365337665 0.015287839449368991 0.015457740196814904
0 0.6522201391366812 0.01704786603267376 0.016192216139573317 0.016101410755744346
0 0.5159391256479117 0.24759774941664475 0.01760702866774339 0.017791931445782002
0 0.1668872833251953 0.7446157015286959 0.06264355549445519 0.06374241755558895
0 0.8972078470083383 0.7241450089674729 0.019909785344050482 0.020008967472956732
0 0.8231312678410456 0.3188513975877028 0.01649328378530649 0.016228602482722357
0 0.7248163956862229 0.7680533482478216 0.023487971379206732 0.023465670072115384
0 0.08498274363004245 0.9095083383413461 0.015038637014535757 0.01493072509765625
0 0.2931101872370793 0.4736176270705003 0.03233682192288912 0.03266407893254207
0 0.18584676889272836 0.2490400901207557 0.0281827633197491 0.028461456298828125
0 0.5409087034372183 0.09822266835432786 0.01653876671424279 0.01643520135145921
0 0.3024424406198355 0.5890618470998911 0.0359346683208759 0.03608923691969652
0 0.681018169109638 0.9872725560114934 0.02196532029371995 0.020596137413611777
0 0.0467605865918673 0.6074879719660833 0.03961583284231333 0.05377402672400841
0 0.6897073892446665 0.3410896888146034 0.016743293175330527 0.0166474122267503
0 0.5201766674335186 0.43624114990234375 0.015081478999211239 0.0155181884765625
