0 0.7367472281822791 0.049649023092710055 0.07245694673978366 0.07160695699545053
0 0.5037116270798904 0.07544416189193726 0.1107035416823167 0.11234111969287579
0 0.5264819952157828 0.48366630994356596 0.0632938971886268 0.06312817793626052
0 0.07266384363174438 0.982212653526893 0.05897675110743596 0.03322337223933293
0 0.4362316865187425 0.3050086131462684 0.03437365018404447 0.0343634165250338
0 0.37225671914907604 0.5440547282879169 0.055780264047475964 0.05602213052602915
0 0.1030212273964515 0.29053350595327526 0.03071772135221041 0.03112374819242037
0 0.5818416888897235 0.7139374659611628 0.04303462688739483 0.04267413799579327
0 0.5257489131047175 0.7551093468299279 0.035384178161621094 0.035626924954927884
0 0.05996334094267625 0.5236043196458083 0.02870794442983774 0.02880243154672476
0 0.1078860484636747 0.8519334059495193 0.023537342364971455 0.02363894535945012
0 0.3160089346078726 0.25465805713947004 0.023049574631911058 0.022925376892089844
0 0.47961748563326323 0.4358207262479342 0.01939113323505108 0.019231356107271634
0 0.6989195897028997 0.6007469250605657 0.02097320556640625 0.020900432880108174
0 0.8889884948730469 0.22852552854097807 0.022747333233173076 0.02305940481332632
0 0.6347761154174805 0.19762802124023438 0.0195465087890625 0.01938783205472506
0 0.11849385958451492 0.21009038044856146 0.022060302587655876 0.022288689246544473
0 0.5993482149564303 0.9732823005089393 0.028090697068434495 0.028252234825721152
0 0.07110939576075627 0.40410698377169096 0.021697172751793496 0.021611140324519232
0 0.7265454805814303 0.6526134197528546 0.018559089073768027 0.018355736365685098
0 0.8182155168973483 0.8729727818415716 0.021869512704702523 0.021984393780048076
0 0.5868555582486666 0.4787450937124399 0.02032015873835637 0.020191339346078727
0 0.6949594204242413 0.7862881880540115 0.020169918353740986 0.020060906043419473
0 0.6686308934138372 0.5644115301278921 0.01823278573843149 0.0184329106257512
0 0.7911821512075571 0.8663200965294471 0.018389188326322116 0.018306732177734375
0 0.3393824283893292 0.5064060504619892 0.021248010488656852 0.021350860595703125
0 0.8657421698937049 0.8686004051795373 0.024223914513221152 0.024348332331730768
0 0.35941028594970703 0.9482117432814378 0.02063413766714243 0.020723929772010215
0 0.6615814795860877 0.17255086165208083 0.018631568321814902 0.018588909736046426
0 0.359314881838285 0.14910155076246995 0.0177765626173753 0.01770617411686824
0 0.11330316616938664 0.8795722081111028 0.022871897770808294 0.022520798903245192
0 0.18949303260216346 0.40966371389535755 0.026999913729154147 0.027166366577148438
0 0.786160762493427 0.7051350520207331 0.01866325965294471 0.018596795889047477
0 0.05516968323634221 0.42956359569843 0.02156987557044396 0.021552892831655648
0 0.4406544612004207 0.08220854172339806 0.025836357703575723 0.02584501413198618
0 0.9571247100830078 0.1022182978116549 0.021620823786808893 0.021726314838115986
0 0.725887812100924 0.9802646636962891 0.017861146193284255 0.017906775841346152
0 0.08252069583305946 0.1622324173267071 0.018439843104435846 0.01838885820828951
0 0.3830005939190204 0.024149353687579814 0.017889903141902044 0.017580372782853935
0 0.6130115068875827 0.588831167954665 0.019822340745192308 0.01997214097243089
0 0.6594494306124173 0.8128421490009015 0.021852640005258415 0.02187171349158654
0 0.7397339160625751 0.965441630436824 0.021703573373647835 0.021881983830378607
0 0.2526843731219952 0.8999985914963943 0.01667987383328951 0.0167996333195613
0 0.17392165844257063 0.39505401024451625 0.020976946904109076 0.02107385488656851
0 0.9194005819467398 0.6426529517540565 0.01699212881234976 0.017012962928185098
0 0.7531034763042743 0.6496818249042218 0.016794644869290866 0.016764127291165866
0 0.8033200043898362 0.9343941761897161 0.01874234126164363 0.018577722402719352
0 0.673623305100661 0.9741977544931265 0.016743293175330527 0.01680330129770132
0 0.19244161018958458 0.8855560009296124 0.021374995891864482 0.021173917330228366
0 0.6149399097149189 0.7456956276526818 0.02115792494553786 0.02111053466796875
0 0.8734813103309045 0.32006065662090594 0.04053644033578726 0.03990371410663311
0 0.8930611977210412 0.3439625593332144 0.03075570326585036 0.03069584186260517
0 0.9339966407189002 0.9812121024498572 0.019889244666466348 0.020311649029071514
0 0.36236836360051083 0.3826563908503606 0.020448758051945612 0.020367842454176683
0 0.10065218118520883 0.6756431873028095 0.017620196709266074 0.017328995924729567
0 0.6704681103046124 0.06926895563419048 0.02002877455491286 0.02002082421229436
0 0.011663796810003428 0.7929897308349609 0.01564107032922598 0.017486572265625
0 0.7088912083552434 0.35395270127516526 0.03467295720027043 0.03464596088115986
0 0.8856685344989483 0.7861512991098257 0.0160525395320012 0.016111227182241585
0 0.28516549330491286 0.3574470373300406 0.016161551842322715 0.015998400174654447
0 0.09391637948843148 0.6234570283156174 0.01664271721473107 0.016672134399414062
0 0.7227674630972055 0.6704553457406851 0.016216278076171875 0.016034346360426683
0 0.10076062495891865 0.08077062093294583 0.015619204594538761 0.015648805178128757
0 0.44184391315166766 0.038011860388975874 0.019170320951021634 0.01928203381024874
0 0.7310127111581656 0.8196389858539288 0.018310987032376803 0.01825229938213642
0 0.6699006007267878 0.47146008564875674 0.021490830641526442 0.021626839270958535
0 0.9447647975041316 0.37198734283447266 0.017579298753004808 0.017618912916917067
0 0.9785771736731896 0.39898945735051083 0.02364657475398137 0.023394951453575723
0 0.7187541081355169 0.5228831217839167 0.014661935659555288 0.014814816988431491
0 0.10449918416830209 0.416445071880634 0.02190085557790903 0.021314620971679688
0 0.21631805713360125 0.1469512444276076 0.022164014669565055 0.022044823719904974
0 0.6735155399029071 0.6647286048302283 0.01763607905461238 0.01761010976938101
0 0.8553302471454327 0.6256858385526217 0.062267303466796875 0.061997486994816706
0 0.08743672187511738 0.7753317906306341 0.019443713701688327 0.01964730482835036
0 0.6274599662193885 0.7069541490994967 0.03894453782301683 0.03893236013559195
0 0.09413433074951172 0.4800697473379282 0.018595383717463568 0.018787677471454326
0 0.6780718289888822 0.5813793402451736 0.015293414776141826 0.015545111436110277
0 0.6808183376605694 0.7398970677302434 0.016399530264047477 0.016211583064152643
0 0.9860597757192758 0.00789549259039072 0.014723557692307692 0.014338995401675884
0 0.49836158752441406 0.29275035858154297 0.01806039076585036 0.018589239854079027
0 0.3526583451491136 0.393126707810622 0.020939020010141227 0.020347008338341348
0 0.016384936296022855 0.3585015810452975 0.01862273307947012 0.020630909846379206
0 0.9796309837928185 0.37406752659724307 0.02760168222280649 0.02965398935171274
0 0.34954280119675857 0.6276430716881385 0.0439142080453726 0.04405417809119591
0 0.5302869356595553 0.1976014467386099 0.018023564265324518 0.01754137185903696
0 0.055231607877291165 0.253722961132343 0.01481169920701247 0.01485303732065054
0 0.04229611158370972 0.9061072422907903 0.019288218938387357 0.018921485314002402
0 0.08205191905681904 0.6568220578707181 0.016106642209566556 0.016347444974459134
0 0.5110232279850886 0.7707437368539664 0.015229738675631009 0.015443361722506009
0 0.65691771874061 0.7498521071213943 0.016340989332932692 0.016490349402794473
0 0.08707201480865479 0.4543651067293607 0.016881796029897835 0.016970047583946817
0 0.3146393115703876 0.021885202481196478 0.014724438007061299 0.01486065869147961
0 0.2376397206233098 0.34018809978778547 0.014446185185359074 0.014569649329552284
0 0.4220095414381761 0.7048185788668119 0.018869546743539665 0.019031818096454326
0 0.5518675584059495 0.24898972878089318 0.03007059830885667 0.02982814495380108
0 0.6914159334622897 0.06749016505021316 0.020055037278395433 0.01998136593745305
0 0.5573187607985276 0.9574705270620493 0.014930284940279447 0.014884361853966346
0 0.6133266595693735 0.6781170918391302 0.018623938927283652 0.01857757568359375
0 0.12487484858586238 0.2819338945242075 0.016896908099834736 0.01723641615647536
0 0.915101564847506 0.26352981420663685 0.015841263991135817 0.015803703894981973
0 0.6609016565176157 0.32540211310753453 0.029576815091646634 0.030010370107797477
0 0.06369090997255765 0.6958216153658353 0.02061290007371169 0.020807706392728366
0 0.8030063188993014 0.03238854958460881 0.016115335317758415 0.016292141034052923
0 0.09718054991502029 0.5300091229952298 0.01737836691049429 0.01735232426570012
0 0.9858687474177434 0.4345070031973032 0.019366337702824518 0.026489697969876803
0 0.2167213880098783 0.7930972759540265 0.0150910891019381 0.014867342435396634
0 0.29723413173968977 0.16708630781907302 0.016596427330603965 0.016668319702148438
0 0.020461041193742018 0.09870426471416767 0.020509201746720534 0.0205077758202186
0 0.277957952939547 0.1807692967928373 0.019271997305063102 0.01942928020770733
0 0.010736387509566087 0.6064980947054349 0.013275247353773851 0.01581272712120643
0 0.7723985818716196 0.672093024620643 0.016372240506685697 0.016756497896634616
0 0.2611192556527945 0.7702683668870193 0.028328602130596455 0.028755041269155648
0 0.22528956486628607 0.10178121236654428 0.016623863807091348 0.01660752296447754
0 0.6390787271352915 0.42918843489426833 0.016867710993840143 0.016543755164513223
0 0.7841964134803185 0.2399440912099985 0.017395459688626803 0.017473844381479118
0 0.6642170685988206 0.647307249215933 0.015226364135742188 0.015481508695162259
0 0.20749957744891828 0.991054681631235 0.022979149451622598 0.014489393967848558
0 0.08359368947836068 0.4438607876117413 0.017372956642737754 0.017383795518141527
0 0.04346914933278011 0.32834566556490385 0.015485039124122033 0.015217267549954928
0 0.08081405896406907 0.6891009990985577 0.01499344752385066 0.014870276817908654
0 0.08612657510317288 0.4518626653231107 0.01859760284423828 0.018469810485839844
0 0.5891686219435471 0.3863939138559195 0.01798277634840745 0.018064205463115986
0 0.12684422272902268 0.8594805644108698 0.02048338376558744 0.02020425062913161
0 0.5548151456392728 0.3172797423142653 0.02849468818077674 0.029971801317655124
0 0.10112912838275616 0.4340534577002892 0.015122633713942308 0.01526172344501202
0 0.6420762722308819 0.29564316456134504 0.03509712219238281 0.03452517436100887
0 0.34912872314453125 0.1699824333190918 0.014787233792818509 0.014598406278170072
0 0.8772978415855994 0.07243093160482553 0.015523176926832933 0.015407763994657077
0 0.5523397005521334 0.2827325417445256 0.03100747328538161 0.031020421248215895
0 0.4498182443472055 0.05126456572459294 0.019344916710486777 0.01939684611100417
0 0.5907752697284405 0.025483511961423434 0.015534474299504207 0.015328307564441975
0 0.19976727779094988 0.08748171879695012 0.014818558326134315 0.014638900756835938
0 0.14228408153240496 0.5659736119783841 0.03341109936053936 0.033503165611853965
0 0.3317585725050706 0.2908052664536696 0.01476302513709435 0.01484973614032452
0 0.9329364483173077 0.0839246603158804 0.015724769005408652 0.01567003818658682
0 0.13736500189854547 0.41557546762319714 0.025973998583280124 0.025896365825946514
0 0.4549731474656325 0.6232136212862455 0.01703981252817007 0.016907325157752402
0 0.7397776383620042 0.3105182647705078 0.08581895094651443 0.08610811600318322
0 0.8722837888277494 0.20403080720167893 0.017841632549579326 0.01824356959416316
0 0.4405694374671349 0.3337848369891827 0.01411892817570613 0.014062001154972957
0 0.1579760588132418 0.36431631675133336 0.01675264651958759 0.0167694091796875
0 0.497900339273306 0.23479469005878156 0.04784540029672476 0.04769537999079777
0 0.9787210317758414 0.32863202461829555 0.015697772686298076 0.015434558574969951
0 0.6007645680354192 0.7956405052771935 0.021292759821965143 0.021432142991286058
0 0.7018803816575271 0.5822219115037185 0.01577450678898738 0.015543130727914663
0 0.669033930851863 0.24444827666649452 0.019727560190054085 0.01947340598473182
0 0.08923266484187199 0.7985778221717248 0.016079462491548978 0.016049898587740384
0 0.429441158588116 0.2552014864408053 0.014055838951697716 0.014049309950608473
0 0.8964986801147461 0.5446808888362005 0.01667154752291166 0.016687393188476562
0 0.6306692270132211 0.02505250619007991 0.04015023891742413 0.04175707010122446
0 0.7023654350867639 0.5798122332646296 0.0156252934382512 0.01644611358642578
0 0.11547271104959342 0.5360572154705341 0.01679840454688439 0.01660926525409405
0 0.1440735963674692 0.4076084723839393 0.017011679135836087 0.01706563509427584
0 0.2675511286808894 0.05974268913269043 0.018032073974609375 0.01802512315603403
0 0.8050400660588191 0.049621178553654596 0.015145521897536058 0.014948349732619066
0 0.275664549607497 0.5154765569246732 0.051001328688401446 0.05193475576547476
0 0.9859856825608474 0.3554326570951022 0.013463827279897837 0.015304271991436299
0 0.20174683057344878 0.7761325836181641 0.014727078951322116 0.014501278217022236
0 0.600247309758113 0.7648057204026443 0.017861586350661058 0.01793538607083834
0 0.7088294396033654 0.10771595514737643 0.014660175030048076 0.01479027821467473
0 0.11473707052377555 0.43012318244347203 0.0187380497272198 0.019645250760591947
0 0.5554267443143405 0.3077725630540114 0.019844201894906852 0.01992350358229417
