0 0.2663111319908729 0.37099376091590297 0.06985040811391977 0.06996969076303336
0 0.38901417072002703 0.12306879116938664 0.04722683246319111 0.04729360800523024
0 0.44974305079533505 0.8996750024648813 0.06277817946213943 0.0632479741023137
0 0.3578917429997371 0.6032322003291204 0.035326590904822715 0.035499205956092246
0 0.3519907731276292 0.38552020146296573 0.026408562293419473 0.026606192955603965
0 0.6913472689115084 0.559904905465933 0.019810309776893027 0.01974942133976863
0 0.6026011613699106 0.4211687674889198 0.029786990239070013 0.029900770920973558
0 0.35346662081204927 0.042814905826862044 0.02784142127403846 0.027560710906982422
0 0.21062212723952073 0.26641367031977725 0.02187354748065655 0.021680905268742487
0 0.38692342318021333 0.4292791439936711 0.02179233844463642 0.02154673062838041
0 0.9392832976121169 0.10066342353820801 0.04028921860914964 0.039911746978759766
0 0.5903553595909705 0.14364005969120905 0.0299071532029372 0.029976477989783652
0 0.2644967299241286 0.9437933701735276 0.019565875713641826 0.01961370614858774
0 0.359617490034837 0.09878094379718487 0.055722676790677585 0.05675323192889874
0 0.7265362372765174 0.10553480111635648 0.020021585317758415 0.020261672826913688
0 0.5998959174522986 0.27362520878131574 0.023252340463491585 0.023291624509371243
0 0.5487996614896334 0.5599465370178223 0.01758414048414964 0.01759756528414213
0 0.5998919193561261 0.3378171920776367 0.0162808344914363 0.016521747295673076
0 0.18529063004713792 0.4568948745727539 0.020740729111891527 0.020851722130408652
0 0.4440414355351375 0.10486755004295936 0.028043453509990986 0.028236755957970254
0 0.6128897300133338 0.3070244789123535 0.024994043203500602 0.02503791222205529
0 0.8547956760113056 0.23629056490384615 0.02690256558931791 0.02721243638258714
0 0.9372607011061448 0.33256171299861026 0.017236856313852165 0.017255049485426683
0 0.47847773478581357 0.7481261033278245 0.02038464179405799 0.02018913855919471
0 0.2623446537898137 0.8947555835430439 0.0196531002338116 0.0196536137507512
0 0.9619899162879357 0.25767133786128116 0.020085261418269232 0.0200802362882174
0 0.12279717738811786 0.29698830384474534 0.016373267540564902 0.01650083982027494
0 0.21668610206017128 0.023311922183403604 0.015260109534630409 0.015266766914954552
0 0.20410669766939604 0.9927168626051682 0.02012040064885066 0.012882819542518029
0 0.5447497734656701 0.24956230016855094 0.016070145827073317 0.016274122091440055
0 0.2232942397777851 0.37621509111844575 0.016297120314378005 0.016437530517578125
0 0.7489147186279297 0.28222326131967396 0.02071233896108774 0.02040400871863732
0 0.9762554168701172 0.24228998330923227 0.018967848557692308 0.018677491408128005
0 0.8349400300246018 0.26374052121089053 0.016652474036583535 0.01692504149216872
0 0.0833510527243981 0.11172140561617337 0.014519691467285156 0.014517068862915039
0 0.8572574028602014 0.3246491872347318 0.029608506422776442 0.029653329115647536
0 0.5013255706200233 0.020859314845158503 0.018147615286020134 0.01817154998962696
0 0.8479944375845102 0.007818969396444468 0.017749199500450723 0.014542123446097741
0 0.016675323247909546 0.6469871814434345 0.025236849601452168 0.025080167330228366
0 0.46351157701932466 0.1876970071059007 0.014511841994065505 0.014399014986478366
0 0.7731521313007061 0.1432670263143686 0.015330094557542067 0.01551512571481558
0 0.2599373230567345 0.29516491523155797 0.014470540560208835 0.01453993870661809
0 0.15256256323594314 0.9389036618746244 0.015220568730280949 0.015153738168569712
0 0.32083812126746547 0.2968438221858098 0.014357493473933293 0.014163750868577223
0 0.1959247589111328 0.44478992315439075 0.015760128314678486 0.016243127676156852
0 0.5402659636277419 0.984845601595365 0.027768501868614785 0.025524286123422477
0 0.33150089704073393 0.16396262095524713 0.015024625338040866 0.01501325460580679
0 0.3424072999220628 0.15055377666766828 0.01564172598031851 0.015761778904841497
0 0.007930553876436673 0.07525426607865554 0.015080183744430542 0.015494951835045448
0 0.9299590771014874 0.6973616526677058 0.13486744807316706 0.3249677511361929
0 0.3106678815988394 0.353088012108436 0.01797323960524339 0.01803251413198618
0 0.3663970140310434 0.5088187364431528 0.014899033766526442 0.014828902024489183
0 0.13782948714036208 0.2699096753047063 0.021454334259033203 0.02182116875281701
0 0.8352854802058294 0.31004443535437953 0.0193173335148738 0.019167991784902718
0 0.5842525775615985 0.7747045663686899 0.014527981097881611 0.01435089111328125
0 0.19769664911123422 0.44274300795335036 0.017291875985952523 0.017272509061373197
0 0.01600106289753547 0.09779961292560284 0.014238932958016029 0.01425475340623122
0 0.4378108244675856 0.18999151083139273 0.013327671931340145 0.013347002176138071
0 0.7262360499455378 0.28485613602858323 0.015425315270057091 0.015448606931246243
0 0.21417979093698356 0.6476306915283203 0.01472300749558669 0.014768453744741587
0 0.631831535926232 0.2927235823411208 0.019182645357572116 0.01957559585571289
0 0.17623043060302734 0.49044095552884615 0.01523883526141827 0.015413137582632212
0 0.6275094839242789 0.10120340494009164 0.01857933631310096 0.018275664402888372
0 0.5939758740938627 0.5331415763268104 0.014677781325120192 0.014818925123948317
0 0.7143202561598557 0.3410903490506686 0.01861572265625 0.019151834341195915
0 0.7473358741173377 0.09338348645430344 0.017381814809945915 0.01732048621544471
0 0.6544120495135968 0.32048940658569336 0.026744842529296875 0.02645419194148137
0 0.05020950390742375 0.6551027297973633 0.018358964186448317 0.018308639526367188
0 0.5997288410480206 0.9851286961482122 0.014841373150165264 0.014760824350210337
0 0.7442893981933594 0.45584898728590745 0.01937103271484375 0.01925791226900541
0 0.0027308323635504795 0.27213122294499326 0.005481761808578785 0.01694334470308744
