0 0.2789034660045917 0.6186963594876803 0.04798698425292969 0.048131539271428034
0 0.14907552645756647 0.8744553052462064 0.05875525107750526 0.058245292076697715
0 0.3201069465050331 0.696432847243089 0.045085906982421875 0.04529512845552885
0 0.819127449622521 0.17670416831970215 0.03349157480093149 0.03361203120304988
0 0.23843856958242562 0.21798276901245117 0.036653298598069414 0.03681736726027269
0 0.39301292712871844 0.6294015004084661 0.025227766770582933 0.025325775146484375
0 0.4203943472642165 0.6365657219519982 0.15002764188326323 0.1454447232759916
0 0.9292279756986178 0.3481025695800781 0.029450049767127402 0.029432150033804085
0 0.23189174211942232 0.2716550093430739 0.030085086822509766 0.03038340348463792
0 0.8354587554931641 0.43485700167142427 0.021805249727689303 0.02180165510911208
0 0.16975813645582932 0.42087235817542445 0.03322301461146428 0.03304591545691857
0 0.42086623265193057 0.5547516162578876 0.029845164372370794 0.0298007084773137
0 0.12795098011310285 0.4319016383244441 0.027892516209528997 0.02749002896822416
0 0.1604896325331468 0.026883047360640306 0.022551976717435397 0.022852044839125413
0 0.09675352389995868 0.6500335106482873 0.026729877178485576 0.026730464054987982
0 0.5777627504788913 0.9389998362614558 0.048221734853891224 0.047760303203876205
0 0.5606518892141489 0.3743134278517503 0.04115449465238131 0.04085247333233173
0 0.2612679371467003 0.7790242708646334 0.023717953608586237 0.023479168231670674
0 0.7961995051457331 0.6184208943293645 0.026813213641826924 0.026801916269155648
0 0.3132498080913837 0.4762898225050706 0.025461618716900166 0.025574904221754808
0 0.42973958528958833 0.9201222933255709 0.03439551133375902 0.03453885591947115
0 0.10586049006535457 0.1572718436901386 0.01867231955895057 0.01859111052293044
0 0.4648264738229605 0.19695399357722357 0.021448428814227764 0.02175279764028696
0 0.14150956043830284 0.23028349876403809 0.039209384184617266 0.03882441153893104
0 0.9636101355919471 0.7714104285606971 0.03738755446213942 0.03724347628079928
0 0.04710058524058415 0.2517207219050481 0.02081432709327111 0.021051700298602764
0 0.09645725213564359 0.47362078153170073 0.029520254868727464 0.029526490431565505
0 0.69171142578125 0.3020927355839656 0.01904150155874399 0.019060721764197715
0 0.3151649328378531 0.6559148201575646 0.027333993178147536 0.027341842651367188
0 0.4564660145686223 0.897422350369967 0.021240381094125602 0.02125696035531851
0 0.818972660945012 0.6358834046583909 0.0247347905085637 0.024867864755483773
0 0.42290687561035156 0.8899638102604792 0.021934069119966947 0.02230526850773738
0 0.347196285541241 0.6764282813439002 0.022507154024564303 0.022373199462890625
0 0.7330383154062124 0.7438096266526443 0.023502349853515625 0.023676065298227165
0 0.11195838451385498 0.848145264845628 0.038599216021024264 0.03884447537935697
0 0.24059798167302057 0.9919333824744592 0.022153560931865986 0.014283987192007212
0 0.6075644493103027 0.3170632215646597 0.03800047360933744 0.037849132831280045
0 0.414766421684852 0.19751774347745454 0.017760790311373197 0.017865767845740683
0 0.6474993779109075 0.6923424647404597 0.024131188025841348 0.02411813002366286
0 0.6218227973351111 0.6125579247107873 0.12152572778555062 0.12514803959773138
0 0.6008608891413763 0.9001943148099459 0.035579828115609974 0.03530693054199219
0 0.8086543449988732 0.6802322681133564 0.03471814669095553 0.03469496506911058
0 0.5814430530254657 0.8220853071946365 0.0466923346886268 0.04723710280198317
0 0.0545421838760376 0.1438733064211332 0.021704618747417744 0.021552085876464844
0 0.3928687755878155 0.3731054159311148 0.017906335683969352 0.017997594980093148
0 0.7794299492469201 0.11868405342102051 0.021832392765925482 0.021824378233689528
0 0.9001433299137995 0.41011780958909255 0.020605087280273438 0.02064228057861328
0 0.5143569065974309 0.6189353649432843 0.022518157958984375 0.022906376765324518
0 0.6338861905611478 0.2189337290250338 0.032882983867938705 0.03289717894334059
0 0.881901007432204 0.42294968091524565 0.01581720205453726 0.015885279728816107
0 0.4219226103562575 0.521911804492657 0.022828322190504808 0.02288510249211238
0 0.5596742630004883 0.4833824084355281 0.015263924231896034 0.01515975365271935
0 0.6826059634868915 0.5820247943584735 0.05680245619553786 0.0569457274216872
0 0.1438456682058481 0.8249921065110427 0.019112018438485954 0.01936487051156851
0 0.5338950157165527 0.6114986859835111 0.020549920889047477 0.02078848618727464
0 0.3632558309114896 0.22212675901559684 0.017699461716871995 0.017766659076397236
0 0.5037593841552734 0.5377326378455529 0.0276031494140625 0.027516585129957933
0 0.0721198320388794 0.8655807788555439 0.030494121404794548 0.03011175302358774
0 0.18257749997652495 0.8409142860999475 0.035513877868652344 0.03561900212214543
0 0.8817341144268329 0.4989599081186148 0.016236231877253607 0.01651455805851863
0 0.680397840646597 0.7067256340613732 0.03581839341383714 0.03612078153170072
0 0.6237003619854267 0.5617750241206243 0.01776123046875 0.017956660344050482
0 0.6735845712515024 0.7477329694307767 0.030060841487004206 0.02984765859750601
0 0.3718534249525804 0.5956675089322604 0.025307508615347054 0.02549912379338191
0 0.2600575227003831 0.02974796065917382 0.0169370357806866 0.016849916714888353
0 0.8732092930720403 0.17233393742487982 0.016941657433143027 0.016883263221153848
0 0.24048869426433855 0.6734297825739934 0.017270014836237982 0.01700562697190505
0 0.09665593734154335 0.7423945206862229 0.027326217064490683 0.02741212111253005
0 0.6029593394352839 0.3887456747201773 0.04117452181302584 0.04111913534311148
0 0.9048322530893179 0.4656964815579928 0.016781440147986777 0.016838513887845553
0 0.5014210847707895 0.7303475600022536 0.03892817864051232 0.039253528301532455
0 0.4110727310180664 0.37926791264460635 0.015177726745605469 0.015054409320537861
0 0.9845209855299729 0.399139037499061 0.012000744159405049 0.02052439176119291
0 0.5994670941279485 0.7039991525503305 0.018786283639761116 0.019067911001352165
0 0.22432514337392953 0.05286495043681218 0.01580186990591196 0.016058472486642692
0 0.9356214083158053 0.07866707214942345 0.015828646146334134 0.016237703653482292
0 0.6092520493727464 0.020059448022108812 0.017393845778245192 0.017502674689659707
0 0.18006310096153846 0.9413900375366211 0.04015504396878756 0.04031166663536659
0 0.6931586632361779 0.8085971978994516 0.046340648944561295 0.045650482177734375
0 0.4957618713378906 0.35970357748178333 0.03594897343562199 0.03588236295259916
0 0.06955232987037072 0.5097870093125564 0.03804331559401292 0.038288263174203724
0 0.0904084719144381 0.18222354008601263 0.015961206876314603 0.016065524174616888
0 0.7447743782630334 0.7122952387883112 0.021189029400165264 0.021194017850435697
0 0.9616884084848257 0.35077637892503005 0.016737717848557692 0.016719231238731973
0 0.30237993827232945 0.9659665914682242 0.017590449406550482 0.01784940866323618
0 0.6244100423959585 0.6906069242037259 0.01908537057729868 0.019145085261418268
0 0.16225359990046576 0.12449851402869591 0.016869627512418307 0.016913744119497445
0 0.11373584087078388 0.8908009162315955 0.026619709455049954 0.026597243088942308
0 0.9712720284095178 0.08705678352942833 0.01624166048490084 0.016153482290414665
0 0.8823682344876803 0.2940904177152194 0.03921772883488582 0.03896419818584736
0 0.41335505705613357 0.642306401179387 0.020264185391939603 0.020670670729417067
0 0.20811216647808367 0.94127684373122 0.01523758814885066 0.014784299410306491
0 0.9042690717256986 0.8674922356238732 0.01759822552020733 0.017558171198918268
0 0.030511076633746807 0.6093886081988995 0.02661901253920335 0.026337330157940205
0 0.5410311038677509 0.29018178352942836 0.11397215036245492 0.11490579751821664
0 0.015370626862232502 0.5266294479370117 0.014646216080738949 0.020856270423302285
0 0.964146980872521 0.9009529994084284 0.03163293691781851 0.03202526385967548
0 0.06761657274686374 0.1744532585144043 0.014860804264362041 0.015036472907433143
0 0.5078993577223557 0.3367259685809796 0.017271041870117188 0.017414313096266527
0 0.9646445054274339 0.2431937731229342 0.01579123276930589 0.01572132110595703
0 0.4485740661621094 0.8211028759296124 0.053830513587364785 0.05472476665790264
0 0.04712499105013334 0.3142262238722581 0.05115043199979342 0.05097669821519118
0 0.4886636000413161 0.5927079274104192 0.04599204430213341 0.04680677560659555
0 0.34795563037578875 0.8301343184251052 0.01921712435208834 0.019199958214393027
0 0.5012733386113093 0.383154428922213 0.02768083719106821 0.027733876154972956
0 0.525178835942195 0.4835491180419922 0.015892909123347357 0.015693297752967246
0 0.026150781374711256 0.8229154440072867 0.02286507533146785 0.02294012216421274
0 0.4118537169236403 0.11858850259047288 0.03046072446382963 0.030240865854116585
0 0.46506507580096906 0.9763802748460036 0.07936242910531852 0.04376000624436598
0 0.9753385690542368 0.9186972104586087 0.02261528602013221 0.023400233342097357
0 0.780356187086839 0.7805819878211389 0.08094024658203125 0.07911036564753605
0 0.1076598992714515 0.24603715309729943 0.015261081548837515 0.015029026911808895
0 0.044234784749838024 0.45493133251483625 0.0743941068649292 0.07748002272385818
0 0.6824198502760667 0.34588138873760516 0.018152970534104567 0.01826755817119892
0 0.9532023209791917 0.028255334267249473 0.01856862581693209 0.018328170363719646
0 0.38465096400334287 0.932705805851863 0.04452177194448618 0.04424491295447716
0 0.9515066880446214 0.3677363762488732 0.01439960186298077 0.014620560866135817
0 0.5207797563993014 0.6845025282639724 0.030953187208909255 0.030801039475661058
0 0.13222915392655593 0.4756657527043269 0.02350765008192796 0.023478581355168268
0 0.11658979379213773 0.12307031338031475 0.014226289895864634 0.014339777139516978
0 0.24218445557814378 0.9225983986487756 0.014252075782189002 0.014112325815054087
0 0.12523949146270752 0.37288166926457333 0.031143353535578802 0.031227698692908652
0 0.35587384150578427 0.9107767251821665 0.014593124389648438 0.01500701904296875
0 0.24846414419320914 0.4063590856698843 0.021263636075533353 0.021238987262432393
0 0.2330602499154898 0.9464654922485352 0.09261153294489934 0.09262789212740384
0 0.7065190535325271 0.913998530461238 0.03686992938701923 0.03744096022385817
0 0.5335332430326022 0.3438515296349159 0.016904097336989183 0.017436100886418268
0 0.6793576020460862 0.6646609673133264 0.014597525963416466 0.014489247248722957
0 0.12166362542372483 0.6913320834820087 0.014228307283841647 0.01437084491436298
0 0.36295912815974307 0.8949185884915866 0.07250066903921273 0.07413952167217548
0 0.529475578894982 0.7416959909292368 0.10009222764235276 0.09831692622258113
0 0.7321052551269531 0.011918386587729821 0.030428666334885817 0.02214340063241812
0 0.39754775854257435 0.026186161316358127 0.01709145766038161 0.016938814750084512
0 0.5531312502347506 0.2918127683492807 0.08043259840745193 0.07858888919536884
0 0.05453910277439998 0.5348265354449933 0.025373257123506986 0.025500737703763522
0 0.919869642991286 0.29931928561283994 0.0242001460148738 0.024622660416823167
0 0.8393171750582181 0.6202192306518555 0.024312239426832933 0.024273212139423076
0 0.40288815131554234 0.6541297619159405 0.08177375793457031 0.09295933063213642
0 0.27816099386948806 0.7275343674879807 0.0370330810546875 0.037479400634765625
0 0.21549331224881685 0.8549459897554837 0.02521646939791166 0.02535394521859976
0 0.3881260064932016 0.26470494270324707 0.015208170964167668 0.015451614673321065
0 0.08010573570544903 0.7983656663161057 0.0409393310546875 0.04060158362755409
0 0.17744304583622858 0.7407688727745643 0.03268212538499098 0.03240350576547476
0 0.8445613567645733 0.6031492673433744 0.022432767427884616 0.022878720210148737
0 0.31488528618445766 0.7630819173959585 0.02083140153151292 0.02109351524939904
0 0.42232689490685094 0.8719103152935321 0.03920283684363732 0.03860062819260817
0 0.9266917888934796 0.0673902309857882 0.013984386737530049 0.013904186395498423
0 0.4964631153987004 0.6956461392916166 0.018356763399564303 0.018566131591796875
0 0.6489721444936899 0.5402075694157527 0.016120030329777643 0.015926361083984375
0 0.19263614141024077 0.7574130571805514 0.0234372432415302 0.0231472895695613
0 0.8423757553100586 0.7491006851196289 0.02748533395620493 0.027140397291917067
0 0.42284180567814755 0.06825560789841872 0.03519219618577223 0.03562388053307167
0 0.9352158766526443 0.7978656475360577 0.043731396014873795 0.043249276968149036
0 0.19281790806696966 0.914362540611854 0.01461476546067458 0.014399455143855168
0 0.6893734565147986 0.47666197556715745 0.01488040043757512 0.014933072603665866
