0 0.5221710205078125 0.6538263467641977 0.1066436767578125 0.10595200611994816
0 0.3266008817232572 0.8695317781888522 0.03762538616473858 0.037776947021484375
0 0.7038078308105469 0.7664680480957031 0.23222963626568133 0.2421255845289964
0 0.36128928111149716 0.7611446380615234 0.06866858555720402 0.06878339327298678
0 0.18085644795344427 0.8952988111055814 0.029233418978177585 0.02949802692119892
0 0.6072371923006498 0.962414814875676 0.027318294231708232 0.02741872347318209
0 0.7076373467078576 0.6722899216871995 0.026647127591646634 0.02669378427358774
0 0.9506475008451022 0.8927198556753305 0.03890668428861178 0.03907100970928486
0 0.9580855002770057 0.6570440439077524 0.05218711266150841 0.07303179227388822
0 0.8579640021690955 0.4682460198035607 0.022787094116210938 0.022995435274564303
0 0.6033110985389123 0.278348629291241 0.024197211632361777 0.024381637573242188
0 0.4050580538236178 0.4122164799616887 0.026024451622596152 0.026194205650916465
0 0.7340140709510217 0.7075359637920673 0.024494758019080527 0.02444942180926983
0 0.09461025091317984 0.13152014292203462 0.021134046407846305 0.02143074915959285
0 0.9650230407714844 0.034242256329609796 0.022770221416766826 0.022671951697422907
0 0.7019283588115985 0.06377995931185208 0.023722135103665866 0.02370284153864934
0 0.7550917405348557 0.6438516470102164 0.02057794424203726 0.020840571476862982
0 0.9190020928016076 0.9355002183180589 0.04922954852764423 0.048858349139873795
0 0.8828736818753756 0.41933785952054536 0.019480191744290866 0.019414681654710036
0 0.036000001889008745 0.639978995689979 0.021995686567746676 0.02184442373422476
0 0.20950885919424203 0.7618202796349158 0.023639715634859525 0.023534628061147835
0 0.6828242815457858 0.2025419015150804 0.019477990957406852 0.01962126218355619
0 0.34847156818096453 0.9557585349449744 0.020215841440054085 0.020288760845477764
0 0.36729001998901367 0.6512998434213492 0.020214374248798076 0.019949986384465143
0 0.5952260677631085 0.41965612998375523 0.017478796151968148 0.017149705153245192
0 0.31872257819542515 0.5487779470590445 0.018725028404822715 0.01892258570744441
0 0.7280355600210336 0.4429588317871094 0.02223968505859375 0.021837674654447116
0 0.8718404036301833 0.9774318108191857 0.035391587477463946 0.035272451547475964
0 0.8722338309654822 0.015043205939806424 0.018015054556039665 0.018298685550689697
0 0.418552985558143 0.8941586567805364 0.019587149986853965 0.019391720111553486
0 0.7188541705791767 0.07231683914478008 0.021878756009615384 0.021698456544142503
0 0.5282725921043983 0.9146615541898288 0.018827218275803786 0.018868079552283652
0 0.44669008255004883 0.7274656295776367 0.03285965552696815 0.03296866783728966
0 0.4477210778456468 0.9582553276648889 0.023715459383451022 0.023585979755108174
0 0.6833036862886869 0.5022934033320501 0.025824620173527643 0.026070227989783652
0 0.5989684691795936 0.3669256063608023 0.016980097844050482 0.016934761634239785
0 0.8130490229679987 0.48273592728834885 0.016510596642127402 0.01621099618765024
0 0.9669747719397912 0.6916630818293645 0.018223102276141826 0.018366593580979567
0 0.38910587017352766 0.719078357403095 0.024345544668344352 0.024387946495643027
0 0.1511416618640606 0.8027511743398813 0.018366263462946966 0.018477219801682692
0 0.8777685899000901 0.1722407341003418 0.021587958702674277 0.021746231959416315
0 0.47892115666316104 0.7675773180448092 0.03178053635817308 0.03181721613957332
0 0.6047676159785345 0.4967840634859525 0.017694913423978366 0.017671878521259014
0 0.3850135803222656 0.09025979042053223 0.021448282095102165 0.02114413334773137
0 0.4902540353628305 0.07985070118537316 0.0351556631234976 0.03552719262930063
0 0.04377278914818397 0.38290977478027344 0.023913106093039878 0.02405856205866887
0 0.656373170705942 0.203749785056481 0.016600975623497598 0.01661095252403846
0 0.2183710795182448 0.8003426331740159 0.05431567705594576 0.05410693241999699
0 0.7886007749117337 0.41211861830491286 0.020376058725210335 0.020456607525165264
0 0.8570864750788763 0.09638267297011155 0.015390836275540866 0.01544636946458083
0 0.3448949960561899 0.8916495396540716 0.020169771634615384 0.019794464111328125
0 0.32349865253155047 0.6628865462083083 0.020984062781700723 0.021336482121394232
0 0.6309198966393104 0.8403599078838642 0.03152157710148738 0.030792823204627402
0 0.38437872666579026 0.8776158552903396 0.022720483633188102 0.023050748384915866
0 0.8951468100914588 0.7379344059870794 0.025421876173753005 0.025374192457932692
0 0.8100145780123197 0.4094726855938251 0.02258579547588642 0.023293568537785456
0 0.5203494292039138 0.7778351123516376 0.01610117692213792 0.01630254892202524
0 0.7080260056715745 0.46557111006516677 0.015512026273287259 0.015677892244779147
0 0.5756098307096041 0.4246655977689303 0.018087093646709736 0.01830291748046875
0 0.3717433489285983 0.10184135803809533 0.025714874267578125 0.025498225138737604
0 0.041086673736572266 0.7784806765042819 0.02296607310955341 0.02308067908653846
0 0.3744003956134503 0.9337809636042669 0.01964231637807993 0.019270676832932692
0 0.8755898108849158 0.12130023882939266 0.014913705679086538 0.015121973477877103
0 0.6610727310180664 0.2621874442467323 0.01703497079702524 0.016543094928448018
0 0.4518295068007249 0.839657710148738 0.038106331458458535 0.037917797382061295
0 0.17591256361741286 0.7694768172044021 0.0573735603919396 0.05763156597430889
0 0.3559266603910006 0.9141298440786508 0.018481621375450723 0.018709622896634616
0 0.5633116135230432 0.07458259509159969 0.01682120103102464 0.01673437998845027
0 0.7487019758958083 0.6120913578913763 0.021355702326847956 0.021642098060021035
0 0.6467122298020583 0.5424800285926232 0.049497017493614785 0.05003973153921274
0 0.35773937518780047 0.8433120434100811 0.0236053466796875 0.023639385516826924
0 0.8641191629263071 0.8774524101844201 0.0826121110182542 0.08012038010817307
0 0.752684813279372 0.439146665426401 0.019898047814002402 0.01999634962815505
0 0.22166908704317534 0.478818416595459 0.058283549088698164 0.059011679429274336
0 0.791347650381235 0.8794056085439829 0.06986530010516827 0.06935545114370492
0 0.2937631607055664 0.9803899618295523 0.019692714397723857 0.019984612098106973
0 0.7335837437556341 0.3934902044442984 0.017191960261418268 0.017177875225360576
0 0.47456154456505406 0.7467674842247596 0.015844198373647835 0.015463755680964543
0 0.20262762216421273 0.716310060941256 0.05740664555476262 0.0589135976938101
0 0.17238998413085938 0.9354239977323092 0.015105614295372596 0.015200248131385216
0 0.1011798565204327 0.0998596319785485 0.017957137181208685 0.017945509690504808
0 0.704130979684683 0.033092228265909046 0.014989706186147837 0.014954135968134953
0 0.5658636826735276 0.5549789942227877 0.06587659395658053 0.06574594057523288
0 0.03125793888018681 0.35323880268977237 0.015892280982090876 0.015896063584547777
0 0.34633673154390776 0.9325876969557542 0.02142612750713642 0.02128425011268029
0 0.3269367218017578 0.44648383213923526 0.07300230172964242 0.0726483418391301
0 0.5121605946467473 0.9450300656832181 0.016123404869666465 0.016005295973557692
0 0.5274936235868014 0.9372797745924729 0.015344766470102163 0.014993814321664663
0 0.7383516751802884 0.43094866092388445 0.014090317946213942 0.013870165898249699
0 0.9167275061974158 0.030718702536362868 0.014971366295447716 0.014620304107666016
0 0.24477692750784066 0.9593661381648138 0.020339342264028695 0.020458514873798076
0 0.6735462042001578 0.6774837053739108 0.015366627619816707 0.015534914456881009
0 0.9032935362595779 0.1458429740025447 0.014510081364558293 0.014861290271465596
0 0.7735579564021184 0.6034920765803411 0.07022446852463943 0.06887142474834736
0 0.5748018118051382 0.9534423534686749 0.016096848707932692 0.01600016080416166
0 0.8812782581035907 0.7255375201885517 0.14848180917593148 0.15683951744666466
0 0.3863635796767015 0.7755521627572867 0.019902522747333232 0.02017035851111779
0 0.6865221170278696 0.11349258973048283 0.014026054969200721 0.013985927288348857
0 0.10303293741666354 0.9844197493333083 0.03200674057006836 0.028058272141676683
0 0.9683470359215369 0.20252499213585487 0.01669135460486779 0.016451688913198616
0 0.5839440272404597 0.21543671534611628 0.015462581927959736 0.015559930067795973
0 0.9732332963209885 0.9810581207275391 0.02201667198768029 0.029888153076171875
0 0.26520450298602766 0.8725707714374249 0.01525424076960637 0.015230032113882212
0 0.4650563460129958 0.09073695769676796 0.024770003098707933 0.024287884051983174
0 0.3555326461791992 0.40361888592059797 0.03815929706280048 0.03814513866717999
0 0.5919392659113958 0.9926339662992038 0.036230967595027044 0.013560661902794471
0 0.8939841343806341 0.6090583801269531 0.016292572021484375 0.01651617196890024
0 0.9488917130690354 0.9459516085111178 0.017549661489633415 0.017804365891676683
0 0.7549753922682542 0.7092997477604792 0.01944585946890024 0.019416955801156852
0 0.7244764474722055 0.3626268826998197 0.014050703782301683 0.014389624962439904
0 0.9004974365234375 0.7817098177396334 0.05124708322378305 0.05128801785982572
0 0.8279750530536358 0.7819111163799579 0.0241085932804988 0.02402628385103666
0 0.7428918985220102 0.9093831869272085 0.0436244377723107 0.043663318340594955
0 0.04548989809476412 0.9316971852229192 0.024627006970919095 0.02448140657865084
0 0.35928187003502476 0.7960956280048077 0.03735916431133564 0.03649814312274639
0 0.781829833984375 0.2707916039686937 0.014185098501352163 0.014096296750582181
0 0.5619080250079815 0.012527823448181152 0.01497804201566256 0.015126567620497484
0 0.43993311661940354 0.028408761207874004 0.015586266150841346 0.015496419026301457
0 0.2205031284919152 0.829771482027494 0.03646414096538837 0.03686200655423678
0 0.7597293853759766 0.7376602613008939 0.015401400052584134 0.015732691838191107
0 0.4924784440260667 0.44440284142127406 0.016001334557166465 0.015737533569335938
0 0.5750796244694636 0.8951429220346304 0.014833010160006009 0.014688491821289062
0 0.9250022448026217 0.564733101771428 0.017208246084359977 0.01717831538273738
0 0.858213864839994 0.6154013413649339 0.046109566321739785 0.04442816514235277
0 0.13668652681203988 0.695402218745305 0.030657273072462816 0.03101378220778245
0 0.7367659348707932 0.037962597150069013 0.013959444486177884 0.014083770605233999
0 0.40394126451932466 0.8687887191772461 0.015056683466984676 0.015137745783879207
0 0.8130622276893029 0.0534325333741995 0.01346118633563702 0.013828140038710374
0 0.8473337613619291 0.45506917513333833 0.014761704664963942 0.014767059913048377
0 0.9624268458439753 0.8215524233304538 0.03606620201697716 0.03600780780498798
0 0.5224702541644757 0.8968784625713642 0.013883150540865384 0.014050703782301683
0 0.1658305571629451 0.964692629300631 0.01673258267916166 0.01666083702674279
0 0.6565381563626803 0.43425222543569714 0.015264070951021634 0.015135838435246395
0 0.10382868693425105 0.44915404686561 0.016631199763371393 0.016797359173114482
0 0.7865455334003155 0.6522329037006085 0.016873579758864183 0.016801834106445312
0 0.8504596123328576 0.6374090634859525 0.03075863764836238 0.030702737661508415
0 0.3037736966059758 0.020186525124769945 0.024918042696439303 0.025291502475738525
