0 0.9069022398728591 0.8442690922663763 0.04477002070500301 0.04494887131911058
0 0.05757788511422964 0.6091741781968337 0.033460176908052884 0.033983744107759915
0 0.9767348949725811 0.9251158787653997 0.022429833045372598 0.022381415733924277
0 0.14308923941392165 0.7345463679387019 0.030076943911038913 0.02977752685546875
0 0.8368230966421274 0.968907723060021 0.02184324998121995 0.02204440190241887
0 0.6696259425236628 0.8427813603327825 0.0214083744929387 0.021615248460036058
0 0.6928294988778921 0.9056601891150842 0.023144942063551683 0.023252047025240384
0 0.17877892347482535 0.5411844987135667 0.025919033930851862 0.02567012493426983
0 0.13918285186474139 0.46266574126023513 0.03778199049142691 0.038023801950307995
0 0.7182520352877103 0.4625646151029147 0.01983055701622596 0.01963659433218149
0 0.18742574178255522 0.8777352846585788 0.027724559490497295 0.027811490572415866
0 0.4901442527770996 0.8592611459585336 0.02079310783973107 0.020732292762169473
0 0.22219989849970892 0.8526821136474609 0.02379325719980093 0.02377906212439904
0 0.3104964769803561 0.4918629206143893 0.018001428017249473 0.018061417799729567
0 0.17054301041823167 0.7377042770385742 0.018713070796086237 0.018634502704326924
0 0.2216952030475323 0.9653289501483624 0.025098507220928486 0.02503175001878005
0 0.11958213952871469 0.3084115982055664 0.024555353017953727 0.02425998907822829
0 0.9119341923640325 0.9061675438514123 0.02498597365159255 0.024975996751051683
0 0.8592379643366888 0.4482154846191406 0.01786466745229868 0.017840458796574518
0 0.5289500309870794 0.8002791037926307 0.01905235877403846 0.019218591543344352
0 0.06783011326423058 0.4747336827791654 0.017370150639460638 0.017445124112642728
0 0.18577953485342172 0.937956663278433 0.022642208979679987 0.022878646850585938
0 0.25057385518000674 0.022042201115534857 0.023523844205416165 0.02328798404106727
0 0.9252086052527795 0.8852696051964393 0.0219879150390625 0.02220007089468149
0 0.3741787396944486 0.7408902094914362 0.019995395953838643 0.019994002122145433
0 0.3924362842853253 0.7878018892728366 0.01799884209266076 0.018069927509014424
0 0.63408690232497 0.9819491459773138 0.018502015333909255 0.01848264840932993
0 0.11815934914809006 0.9626132524930514 0.018392306107741136 0.018451984112079326
0 0.9815742052518405 0.7391491669874924 0.017621847299429085 0.01845682584322416
0 0.5276320530818059 0.8329407618596003 0.016157003549429085 0.0160672114445613
0 0.2997730328486516 0.864954948425293 0.016683505131648138 0.016710868248572715
0 0.1311649359189547 0.5480239574725811 0.01952809553879958 0.019725799560546875
0 0.1346063338793241 0.827349589421199 0.018770548013540413 0.0190737797663762
0 0.49137229185837966 0.8882789611816406 0.01654925713172326 0.01654815673828125
0 0.7253332871657151 0.9651010219867413 0.019509535569411058 0.01942722613994892
0 0.525363592001108 0.6669308589054987 0.016267996567946214 0.01644750741811899
0 0.7067831479586087 0.9908125217144306 0.016706319955679085 0.014629070575420674
0 0.5619080250079815 0.8105339637169471 0.01737066415640024 0.017272068903996393
0 0.03532265699826754 0.6357857630803034 0.015827105595515326 0.015593895545372596
0 0.5051438258244441 0.8473949432373047 0.019159610454852764 0.018800001878004808
0 0.22832318452688363 0.9440542367788461 0.021987768319936898 0.02218451866736779
0 0.9427835024320163 0.9149241814246545 0.019955561711237982 0.02002129187950721
0 0.04389119606751662 0.74724974999061 0.018856250322782077 0.018881871150090143
0 0.27948418030372035 0.6824951171875 0.01595196357140174 0.01596685556265024
0 0.09271467649019681 0.987430792588454 0.018450333521916315 0.017959741445688102
0 0.07240159236467801 0.5908715541546161 0.015571878506587101 0.01577017857478215
0 0.27755799660315883 0.4960956573486328 0.015781916104830228 0.01586004403921274
0 0.11064468897306003 0.3864427346449632 0.021439625666691706 0.021550765404334433
0 0.195678344139686 0.9844083786010742 0.016013622283935547 0.016062516432542067
0 0.39603288357074445 0.706494404719426 0.015146328852726864 0.015038710374098558
0 0.8891971294696515 0.6117955721341647 0.01584654587965745 0.015741641704852764
0 0.2240616358243502 0.79035157423753 0.0175476807814378 0.01728057861328125
0 0.6533263279841497 0.5293931227463943 0.015109722430889424 0.015093289888822116
0 0.1547552438882681 0.5072532066932092 0.01895567087026743 0.01898802243746244
0 0.3948504741375263 0.9909066420335036 0.015359071584848257 0.014176001915564904
0 0.69837159376878 0.5997461172250601 0.014783125657301683 0.014897860013521634
0 0.8494220146766076 0.42131845767681414 0.014688198383037861 0.014628850496732272
0 0.45293184427114636 0.7554299281193659 0.020121207604041465 0.020142188439002402
0 0.865999148442195 0.9297561645507812 0.014881280752328726 0.015040911160982572
0 0.5492687958937424 0.8012163455669696 0.014674993661733774 0.014362188485952524
0 0.09991135964026818 0.693568596473107 0.016942611107459433 0.01693857633150541
0 0.4179341242863582 0.8153780423677884 0.01514449486365685 0.015333615816556491
0 0.5002328432523288 0.8108190389779898 0.014499664306640625 0.014791341928335337
0 0.03048861026763916 0.2877053114084097 0.04328236213097206 0.045888533959021933
0 0.3941973172701322 0.8515450404240534 0.015228858360877404 0.015387608454777645
0 0.39200437985933745 0.9063983330359826 0.014894778911884014 0.014889056865985576
0 0.014111443207814144 0.862181883591872 0.01584077339905959 0.017691538884089544
0 0.06316681091602032 0.7825777347271259 0.02090930938720703 0.020801544189453125
0 0.5466073109553411 0.7628000699556791 0.014471640953650841 0.01449115459735577
0 0.8928383313692533 0.7923550238976111 0.014558498676006611 0.014698175283578726
0 0.04266338623487032 0.2426426227276142 0.041359241192157455 0.041831676776592545
0 0.32631778717041016 0.799599867600661 0.015023011427659255 0.015163715069110576
0 0.5680886782132663 0.24161377319922814 0.017338679387019232 0.017153483170729417
0 0.4367663310124324 0.9001591022198017 0.015015528752253605 0.015177213228665866
0 0.20513109060434195 0.7301487555870643 0.017344181354229268 0.01747747567983774
0 0.5540895828833947 0.9954323401817908 0.015743108896108773 0.007858863243689904
0 0.6782482587374173 0.9609339787409856 0.014120248647836538 0.014226179856520433
0 0.032827718899800226 0.9923174931452825 0.0221213698387146 0.013817567091721755
0 0.016184167220042303 0.6933904794546274 0.019890102056356575 0.03277177077073317
0 0.1630396292759822 0.5654348960289588 0.020301378690279447 0.02056583991417518
0 0.07211047869462234 0.6801964686467097 0.018944391837486856 0.01878532996544471
0 0.35667654184194714 0.8027368692251352 0.01497664818396935 0.0148773193359375
0 0.4696861413808969 0.8581902430607722 0.014547348022460938 0.014593857985276442
0 0.7369974576509916 0.9927661602313702 0.018696711613581732 0.011052498450646034
0 0.5416794190040002 0.5974159240722656 0.015304198631873498 0.015129529512845553
0 0.9050774207481971 0.9668025970458984 0.014325655423677884 0.014450660118689904
0 0.08399586494152363 0.2480648114131047 0.038629770278930664 0.039210026080791764
0 0.06174214528157161 0.8423617436335638 0.014308351736802321 0.014478976909930889
0 0.03457928620851957 0.2162349407489483 0.019964181459867038 0.01937271998478816
0 0.27341626240656924 0.9710138761080228 0.014473731701190654 0.014777256892277645
0 0.2269128652719351 0.11336214725787823 0.013797173133263221 0.01405943357027494
