0 0.6747675675612229 0.5917110443115234 0.05590732281024639 0.05620428232046274
0 0.4054727554321289 0.3245701056260329 0.051793465247521035 0.05109486213097206
0 0.8252616295447717 0.5257866932795598 0.022755842942457933 0.022640081552358773
0 0.3525615105262169 0.11588908158815824 0.04746686495267428 0.04757395157447228
0 0.6746592888465295 0.7139489834125226 0.02010037348820613 0.020028040959284857
0 0.2756591026599591 0.8704148806058444 0.04169016617995042 0.041496570293719955
0 0.7840872544508714 0.70648560157189 0.019291510948768027 0.01931615976186899
0 0.9022495563213642 0.9548116830679086 0.017220423771784857 0.017159682053786058
0 0.20546062176044172 0.8920026192298303 0.017828941345214844 0.01792570260854868
0 0.1088340557538546 0.5592913994422326 0.03123164176940918 0.03120246300330529
0 0.2006082167992225 0.5073196337773249 0.020058558537409857 0.02011218437781701
0 0.5059460126436673 0.5885657530564529 0.02268373049222506 0.022508914654071514
0 0.10537894872518686 0.022327276376577523 0.033133965272169844 0.03313136100769043
0 0.424373039832482 0.709251697246845 0.027886464045597956 0.027979630690354567
0 0.36011747213510364 0.7987424410306491 0.017685670119065505 0.017628889817457933
0 0.7276813800518329 0.5747566223144531 0.018257581270658053 0.01824188232421875
0 0.3512857510493352 0.6436575376070462 0.0240477782029372 0.02396979698768029
0 0.6621987269474909 0.4857914997981145 0.024188408484825723 0.02431326646071214
0 0.46058794168325573 0.7056782062237079 0.0170287352341872 0.017031449538010817
0 0.6959546896127554 0.8829718369704026 0.017213968130258415 0.01719489464393029
0 0.7520959560687726 0.9495375706599309 0.019101949838491585 0.01894349318284255
0 0.5602911435640775 0.659727536714994 0.017120874845064603 0.017061380239633415
0 0.8113223589383639 0.6615138420691857 0.026318770188551683 0.026368067814753607
0 0.1197808155646691 0.6281707470233624 0.016801210550161507 0.01686242910531851
0 0.5496377944946289 0.8349938759436975 0.01590838799109826 0.015801209669846755
0 0.42192341731144833 0.8418529217059796 0.026338503910945013 0.026483682485727165
0 0.30866769643930286 0.03011452005459712 0.10496170704181378 0.05980581962145292
0 0.9024247389573318 0.826947285578801 0.016299321101262018 0.016245328463040866
0 0.24541352345393255 0.6259565353393555 0.049932699937086836 0.04838884793795072
0 0.37078057802640474 0.2791946851290189 0.015605339637169471 0.015659809112548828
0 0.5817784529465896 0.8741526970496545 0.01497195317195012 0.015079498291015625
0 0.6280099428617038 0.9513053894042969 0.07730836134690505 0.07844924926757812
0 0.41490888595581055 0.263608455657959 0.020297490633451022 0.020455213693472054
0 0.31775599259596604 0.11948961478013259 0.020701481745793268 0.020882496467003457
0 0.20432182458730844 0.5488926814152644 0.015407232137826772 0.01569821284367488
0 0.41322792493380034 0.7800973745492789 0.02373343247633714 0.023955711951622598
0 0.6483401518601638 0.030400163852251492 0.09451954181377704 0.05993384122848511
0 0.45129948395949143 0.5522693487314078 0.015526111309344951 0.015888727628267728
0 0.9233665466308594 0.45917232219989484 0.0764151353102464 0.0816050309401292
0 0.954354139474722 0.5199942222008338 0.0152130126953125 0.01598974374624399
0 0.5760745268601638 0.8864603776198167 0.013575187096228966 0.013666299673227163
0 0.7718124389648438 0.2732552381662222 0.09161875798152043 0.08392392672025241
0 0.3157440699063815 0.13828913065103385 0.02708721160888672 0.02721858024597168
0 0.4360584845909706 0.6680811368502103 0.03917224590594952 0.03972772451547476
0 0.2549702570988582 0.44643405767587513 0.06563260005070613 0.06487186138446514
0 0.4358849892249474 0.824157348045936 0.016565836392916165 0.01633585416353666
0 0.3701336934016301 0.44074036524846005 0.015727116511418268 0.015906407282902643
0 0.7079723064716046 0.10225808620452881 0.014231168306790866 0.014252901077270508
0 0.2421085651104267 0.025705550725643452 0.023027786841759317 0.023114355710836556
0 0.7618312835693359 0.9899140871488131 0.019830997173602764 0.016217158390925482
0 0.4152558400080754 0.40984355486356294 0.07306451063889724 0.072663453909067
0 0.09959602355957031 0.4020388309772198 0.03451218971839318 0.03564607180081881
0 0.31714101938100964 0.7985046093280499 0.0742632058950571 0.07361485407902645
0 0.4883757737966684 0.569181882418119 0.015283804673414964 0.015386874859149639
0 0.7366272119375376 0.9491166334885818 0.10357431265024039 0.0980826157789964
0 0.2512292495140663 0.14860756580646223 0.06940482212946965 0.07048115363487831
