0 0.7143871600811298 0.4345012077918419 0.14040580162635216 0.14072462228628305
0 0.784087034372183 0.6817518380972055 0.18785726107083833 0.1918032352740948
0 0.6537369948167068 0.7040987748366135 0.06929661677433895 0.07026408268855168
0 0.25125279793372524 0.3632791225726788 0.052669451786921576 0.05329762972318209
0 0.29440953181340146 0.08481478691101074 0.05171658442570613 0.051517211473905124
0 0.2589867665217473 0.63892335158128 0.0436863532433143 0.04352481548602764
0 0.06009485629888681 0.9563520871675931 0.04507562747368446 0.045169683603140026
0 0.8033834604116586 0.4628279759333684 0.04886216383713942 0.04866101191594051
0 0.8673537327693059 0.3504224923940805 0.038509368896484375 0.0382848886343149
0 0.9351208026592548 0.532138310945951 0.0437322763296274 0.04409364553598257
0 0.7712717789870042 0.35572033662062424 0.03790635329026442 0.037601397587702826
0 0.19354365422175482 0.6938403936532828 0.03951204740084135 0.03928874089167668
0 0.6019962750948392 0.3709133588350736 0.03301855233999399 0.03292215787447416
0 0.12834482926588792 0.6051676456744854 0.03664581592266376 0.03646637843205379
0 0.049503482305086575 0.31891793471116286 0.03342724763430082 0.03356055112985464
0 0.2673309399531438 0.5141147466806265 0.03556897090031551 0.03565421471228966
0 0.3205254628108098 0.6216515761155349 0.032033406771146335 0.03176025243905874
0 0.15672032649700457 0.6844483889066256 0.03668304590078501 0.037058316744290866
0 0.054440865149864785 0.7647534883939303 0.03181286958547739 0.031301058255709134
0 0.09234093702756442 0.39615322993351865 0.024693745833176833 0.02479831988994892
0 0.6601357093224158 0.7583498587975135 0.029896075908954326 0.030098988459660456
0 0.3441499196566068 0.1792453619150015 0.028081820561335638 0.02820440439077524
0 0.24086207609910232 0.7338397686298077 0.02199253669151893 0.022071251502403848
0 0.02099894331051753 0.25201074893657976 0.028541363202608548 0.02837657928466797
0 0.36554439251239484 0.3059351994441106 0.02382659912109375 0.023941773634690505
0 0.9191940014178936 0.6137609848609338 0.04628284160907452 0.04654847658597506
0 0.20247837213369516 0.8014535903930664 0.020595037020169772 0.02026675297663762
0 0.17775528247539812 0.728598374586839 0.021805433126596305 0.021514892578125
0 0.14463435686551607 0.5569270940927359 0.020406136145958535 0.02052938021146334
0 0.8022315685565655 0.1504522470327524 0.07573377169095553 0.0765688969538762
0 0.42609662276047927 0.1424406858590933 0.021129461435171273 0.021240784571721003
0 0.9289040198692908 0.22116378637460563 0.019053239088792067 0.01910224327674279
0 0.8254443682157077 0.7141047257643479 0.029695510864257812 0.029523409329927884
0 0.020932312195117656 0.8219444568340595 0.024386593928703897 0.024156717153695915
0 0.7793106665978065 0.8367588336651142 0.019156822791466348 0.01932672353891226
0 0.9537749657264123 0.15704052264873797 0.0212554931640625 0.021380121891315166
0 0.19438776603111854 0.7622497265155499 0.02272686591515174 0.022852384127103366
0 0.12786574547107404 0.7494083551260141 0.02513892834003155 0.02530185992901142
0 0.6912850600022536 0.7876846606914814 0.07029225276066707 0.07123330923227164
0 0.15247957523052508 0.7511093433086689 0.02046376008253831 0.020327054537259616
0 0.1336121100645799 0.07727780708899865 0.022367092279287484 0.022282820481520433
0 0.28292333162747896 0.8335113525390625 0.017008487994854268 0.016850104698768027
0 0.09762156009674072 0.03015011090498704 0.02586973630464994 0.026040306458106406
0 0.48296319521390474 0.7033719282883865 0.021570352407602165 0.021894308236929085
0 0.10365889622614934 0.6307139763465295 0.02426910400390625 0.024340702937199518
0 0.7947653256929837 0.7073321709266076 0.01820989755483774 0.018193171574519232
0 0.36059306218073917 0.570477559016301 0.020321185772235576 0.02018150916466346
0 0.05011558532714844 0.6567852313701923 0.0185852784376878 0.018854287954477165
0 0.6717809530404898 0.9677060934213492 0.07572408822866586 0.05940466660719652
0 0.3448972702026367 0.39412949635432315 0.02695773198054387 0.026616389934833232
0 0.21421148226811335 0.9249354876004733 0.017145156860351562 0.017049055833082933
0 0.3027948416196383 0.42212955768291766 0.017982886387751654 0.018008598914513223
0 0.8433117499718299 0.045526545781355635 0.033273550180288464 0.033182419263399564
0 0.40918251184316784 0.5829458970289964 0.016697810246394232 0.01654192117544321
0 0.3834948172936073 0.02892119150895339 0.020716006939227764 0.02064815851358267
0 0.2632186229412372 0.1564659155332125 0.022521312420184795 0.022745829362135667
0 0.04145786395439735 0.4523772459763747 0.020236492156982422 0.02030211228590745
0 0.46147973720843977 0.7579950185922476 0.017285860501802884 0.01707282433143029
0 0.03693382327373211 0.7765362079326923 0.021980271889613226 0.022186866173377402
0 0.28705464876615083 0.1913754756634052 0.017650384169358473 0.01760387420654297
0 0.831524922297551 0.6894987546480619 0.019741645226111777 0.0196078373835637
0 0.46996373396653396 0.3556014574491061 0.01773834228515625 0.01783136221078726
0 0.3490447264451247 0.49579561673677885 0.01603082510141226 0.01595277052659255
0 0.02500710579065176 0.5211405387291541 0.02080233280475323 0.02109366196852464
0 0.4797366582430326 0.6480237520658053 0.017460382901705228 0.01745018592247596
0 0.5015621552100549 0.17051062217125526 0.017653832068810098 0.01761473142183744
0 0.10906028747558594 0.8575659531813401 0.015605486356295072 0.015622945932241587
0 0.022881721074764546 0.6470774137056791 0.0206221708884606 0.020603766808143027
0 0.29692939611581654 0.659908808194674 0.020908502432016227 0.02076589144193209
0 0.08321074339059684 0.6422827794001653 0.0216522583594689 0.02154541015625
0 0.10235756177168626 0.3570093741783729 0.015586504569420448 0.015562350933368389
0 0.38164520263671875 0.12216914617098294 0.01500701904296875 0.01505903097299429
0 0.357914007627047 0.5416836371788611 0.016415816086989183 0.016490055964543268
0 0.012813524557993962 0.4144112146817721 0.016867986092200644 0.019481145418607272
0 0.0616155771108774 0.5588420354402982 0.016842218545766976 0.01700746096097506
0 0.8180707784799429 0.23866594754732573 0.022474142221304085 0.022822123307448167
0 0.4685802459716797 0.6690761126004733 0.019156382634089544 0.018842403705303486
0 0.4573292365440956 0.7779797774094802 0.021167461688701924 0.021211770864633415
0 0.3734295918391301 0.16620757029606745 0.01600984426645132 0.01601417248065655
0 0.4006670438326322 0.856803087087778 0.01530926044170673 0.015356797438401442
0 0.810823000394381 0.5220167453472431 0.038977549626277044 0.039307594299316406
0 0.33690401223989636 0.47196285541240984 0.016727520869328424 0.016753563514122598
0 0.3130037234379695 0.5571973507220929 0.015683394211989183 0.01571171100323017
0 0.4264965057373047 0.38892731299767125 0.016623717087965745 0.017055804912860576
0 0.6687456277700571 0.5065044256357046 0.03566125723031851 0.03629236954909105
0 0.5900738789485052 0.7550513194157527 0.01632543710561899 0.016063690185546875
0 0.4183772894052359 0.5124250191908616 0.02105551499586839 0.020977166982797477
0 0.3954305282005897 0.17228236565223107 0.016686219435471755 0.016762660099909857
0 0.3780530782846304 0.4954339540921725 0.018797654371995192 0.019090652465820312
0 0.3210524045504056 0.2889106090252216 0.01803001990685096 0.01822772392859826
0 0.6302006061260517 0.3169378133920523 0.015704228327824518 0.01607938913198618
0 0.7788984592144306 0.87218871483436 0.18374501741849458 0.1890845665564904
0 0.6930565467247596 0.7728403531588041 0.017245659461388223 0.01733823922964243
0 0.26691423929654634 0.912070787869967 0.021420882298396185 0.021205021784855768
0 0.27042075303884655 0.24764820245596078 0.0169217403118427 0.01716481722318209
0 0.6188364762526292 0.5444952891423152 0.07272852384127103 0.07265252333420974
0 0.3438386917114258 0.09694038904630221 0.01636226360614483 0.016316597278301533
0 0.02060944988177373 0.10873818397521973 0.02549190246141874 0.025589796213003304
0 0.09799610651456393 0.15486660370459923 0.016123038071852464 0.01627801014826848
0 0.9352657611553485 0.11511655954214242 0.03921009944035457 0.03894849923940805
0 0.0521239684178279 0.5215249428382287 0.014901693050677959 0.015143761268028846
0 0.014030128717422485 0.132401704788208 0.01906976791528555 0.027941116919884317
0 0.24852624306311974 0.40684868739201474 0.01724521930401142 0.01704127971942608
0 0.03928631085615892 0.26157562549297625 0.016779035329818726 0.017244522388164815
0 0.5392003426185021 0.8751269854032077 0.016703385573167067 0.01667169424203726
0 0.8286846601046048 0.5942200147188627 0.01790442833533654 0.017586414630596455
0 0.9111990561852088 0.22767199002779448 0.017948444073016826 0.01793692662165715
0 0.654292106628418 0.8260136384230393 0.018754225510817308 0.019068791316105768
0 0.012837808865767259 0.7810877286470853 0.013870532696063701 0.018814967228816107
0 0.29549389619093674 0.01614330135858976 0.01653909683227539 0.016649548824016865
0 0.0875547665816087 0.6605129241943359 0.0159607483790471 0.01619104238656851
0 0.929082283606896 0.7698191129244291 0.01833314162034255 0.018261249248798076
0 0.812527583195613 0.6879608447735126 0.02123289841871995 0.02144652146559495
0 0.28996984775249773 0.7579545241135818 0.015554134662334736 0.015534034142127404
0 0.011858941270754887 0.6968933252187876 0.012378144722718459 0.016896467942457933
0 0.07425095026309673 0.08826220952547513 0.02130740422468919 0.02084812751183143
0 0.9718767312856821 0.012431271947347201 0.016073080209585335 0.01566778925748972
0 0.8853433315570538 0.1934081224294809 0.053392997154822715 0.0538786741403433
0 0.06006410030218271 0.7446714547964243 0.015109676581162673 0.014963590181790866
0 0.41602259415846604 0.37288658435528094 0.014896759620079627 0.014882894662710337
0 0.9458103179931641 0.35262401287372297 0.019062335674579326 0.019256445077749398
0 0.7203483581542969 0.57744994530311 0.017496549166165866 0.017402795644906852
0 0.5376330889188327 0.5774266903217022 0.015448056734525241 0.015348581167367788
0 0.04923114409813514 0.6746295048640325 0.014640523837162899 0.01482684795673077
0 0.22612888996417707 0.43217068452101487 0.015807701991154596 0.015946241525503304
0 0.8892613924466647 0.794207866375263 0.03855617229755108 0.03883655254657452
0 0.5217259113605206 0.5932950239915115 0.01458894289456881 0.014497610238882212
0 0.036684588744090155 0.6396189469557542 0.01842288329051091 0.018052321213942308
0 0.8135590186485877 0.769558833195613 0.04884822552020733 0.048944326547475964
0 0.8941125136155349 0.5110111236572266 0.015105907733623799 0.01501171405498798
0 0.2848949432373047 0.4175443649291992 0.014910477858323317 0.014963150024414062
0 0.18073056294367865 0.4976711639991173 0.015727996826171875 0.015694911663348857
0 0.8217465327336237 0.9801981999323919 0.04988538301908053 0.033551729642427884
0 0.5656931950495794 0.012323609911478482 0.03316915952242338 0.023474580966509305
0 0.21587017866281363 0.9915599822998047 0.01593175301185021 0.01426227276141827
0 0.42221868955172026 0.17885202627915603 0.01495192601130559 0.01499179693368765
0 0.07438634909116305 0.4737425217261681 0.020463026486910306 0.020713292635404147
0 0.6367619587824895 0.7750873565673828 0.022498937753530648 0.022839179405799277
0 0.5827352083646334 0.749327146089994 0.05579068110539363 0.05569017850435697
0 0.9174957275390625 0.8827354724590595 0.05767499483548678 0.05886694101186899
0 0.226470763866718 0.5601941989018366 0.015007789318378154 0.01496432377741887
0 0.06584928585932805 0.5208294208233173 0.015255102744469276 0.015874569232647236
0 0.012986509845807003 0.12916141289931077 0.017452366076982938 0.024240585473867562
0 0.8130866564237155 0.9430062220646784 0.030733695397010215 0.030953040489783652
0 0.09392890563377967 0.8047112684983474 0.015426709101750301 0.015296349158653846
0 0.3307980757493239 0.3288443638728215 0.014457115760216346 0.014548961932842549
0 0.9844077183650091 0.9478367291964017 0.014068016639122596 0.01645528353177584
0 0.6884348209087665 0.743084614093487 0.037652822641225964 0.037801155677208535
0 0.4714343731219952 0.11591742588923527 0.015224310067983774 0.015505460592416616
0 0.5562884624187763 0.18906628168546236 0.05189822270320012 0.0516361823448768
0 0.4769264367910532 0.772742931659405 0.01975382291353666 0.019296792837289665
0 0.1887071316058819 0.07272412226750301 0.01502689948448768 0.015175434259267954
0 0.7923525296724759 0.5655119969294622 0.047887361966646634 0.04948557340181791
0 0.24323520293602577 0.9943645917452298 0.016916311704195462 0.009923934936523438
0 0.3143626359792856 0.7836306645320013 0.01528615217942458 0.015653463510366585
0 0.6814463688777044 0.5540211017315204 0.020093624408428486 0.020230660071739785
0 0.8559516760019156 0.47196171833918643 0.06338706383338341 0.06601583040677585
0 0.8009380927452674 0.8263228489802434 0.014961829552283654 0.014955960787259616
0 0.5619967900789701 0.069801009618319 0.03666342221773588 0.03698018880990835
0 0.32836151123046875 0.7505403665395883 0.016020554762620192 0.016276726355919473
0 0.5620212554931641 0.6108977244450495 0.015742962176983174 0.015841263991135817
0 0.8117113846998948 0.94025208399846 0.02562097402719351 0.026334175696739785
0 0.38018332994901216 0.8081967280461237 0.01467440678523137 0.014493208665114183
0 0.7112112778883714 0.3325027319101187 0.06305078359750602 0.06094875702491173
0 0.015446353417176466 0.6651976658747747 0.01743671068778405 0.018316122201772835
0 0.2050036650437575 0.31374003336979794 0.017950938298152044 0.017738855802095853
0 0.7293917582585261 0.22848297999455378 0.019686185396634616 0.019908611591045674
0 0.2492078817807711 0.9098397768460788 0.015053088848407451 0.015138479379507212
0 0.9840178856482873 0.391574896298922 0.017842512864332933 0.024317521315354567
0 0.44571630771343523 0.95648193359375 0.03373256096473107 0.033256824199969955
0 0.1887818116408128 0.4308949250441331 0.018067359924316406 0.018146808330829326
0 0.7684434010432317 0.7745031210092398 0.03379513667179988 0.033968411959134616
0 0.07213136783012977 0.8965944143442007 0.014532676109900841 0.01457669184758113
0 0.5525557444645808 0.21368116598862869 0.01572579603928786 0.015478280874399038
0 0.24369661624615008 0.7173571953406701 0.015008779672475962 0.015095343956580529
0 0.043647160896888144 0.6265754699707031 0.018027101571743306 0.018497467041015625
0 0.31992149353027344 0.9370579352745643 0.016068091759314902 0.016264695387620192
0 0.02111589450102586 0.6043352713951697 0.016425852592174824 0.016330572275015023
0 0.9397629957932693 0.2557592758765587 0.030400202824519232 0.03092641096848708
0 0.05982831808236929 0.639004633976863 0.02023777594933143 0.01952508779672476
0 0.17957502145033616 0.3083094816941481 0.014482608208289513 0.014247875947218675
0 0.7411182110126202 0.5821792162381686 0.053958892822265625 0.0541688478910006
0 0.9111812298114483 0.3456246302678035 0.015479161189152645 0.015147869403545674
0 0.5835917179401104 0.5160946479210486 0.013644952040452223 0.013697110689603366
0 0.1347790497999925 0.1532283562880296 0.014890927534836989 0.015113463768592248
0 0.6342609112079327 0.114890639598553 0.017096592829777643 0.017107688463651217
0 0.8024441645695612 0.22379915530865008 0.013491117037259616 0.013922911423903245
0 0.879944581251878 0.6782361544095553 0.01847223135141226 0.01861718984750601
0 0.29651447442861706 0.23082149945772612 0.014782538780799279 0.014735221862792969
0 0.87909118945782 0.5526332121628982 0.0977479494535006 0.0979609856238732
0 0.7857281611515925 0.5753262593195989 0.03362626295823317 0.033912365253155045
0 0.17475060316232535 0.3521550251887395 0.015739954434908353 0.015714645385742188
0 0.9815001854529748 0.6045249058650091 0.016388819767878607 0.01697965768667368
0 0.2716246751638559 0.7487242038433368 0.014238577622633714 0.014101762038010817
0 0.5564212432274451 0.6854526813213642 0.03450224949763371 0.034356337327223554
0 0.2816634911757249 0.35459019587590146 0.014052024254432091 0.013689481295072116
0 0.035925906438093916 0.6156181922325721 0.017658187792851374 0.01768049826988807
0 0.21007944987370417 0.5261117495023288 0.016776231619027946 0.016831324650691107
