0 0.11466129009540264 0.11997538346510667 0.06683472486642691 0.06715547121488132
0 0.5859462297879733 0.3543851192180927 0.047805492694561295 0.04798669081467848
0 0.6694180415226862 0.6989558293269231 0.037016061636117786 0.036792755126953125
0 0.229580622452956 0.11475906922267033 0.03302089984600361 0.033201015912569486
0 0.6791827862079327 0.2895127809964694 0.038186146662785456 0.0382697032048152
0 0.7281881479116586 0.48616966834435094 0.036819164569561295 0.03696280259352464
0 0.9050942200880784 0.6859405224139874 0.03751079852764423 0.037264457115760215
0 0.5187095862168533 0.46812156530526966 0.03813354785625751 0.038092613220214844
0 0.13754111069899339 0.3898168710561899 0.040439422313983626 0.0404048332801232
0 0.5575411136333759 0.09918302756089431 0.03183394211989183 0.032125106224646933
0 0.058665064664987415 0.9602744762714093 0.04132490891676683 0.04127355722280649
0 0.7967337094820462 0.5486970681410569 0.0602117685171274 0.05959166013277494
0 0.18279159986055815 0.641994989835299 0.034839813525860124 0.03477551386906551
0 0.6135905705965482 0.6636001880352314 0.022147618807279147 0.022175715519831732
0 0.9425808833195612 0.49479422202477086 0.048476879413311295 0.05157045217660757
0 0.7250052232008714 0.8038572164682242 0.02217688927283654 0.022252009465144232
0 0.42540906025813174 0.3300165763268104 0.02903637519249549 0.029192704420823317
0 0.8119005056527945 0.7902277432955228 0.020411858191856973 0.02027100783128005
0 0.4326757284311148 0.5688081154456506 0.02349061232346755 0.023422974806565505
0 0.7467117309570312 0.37479525346022385 0.01900628896859976 0.019241919884314902
0 0.9317128108097956 0.16803919352017915 0.027762486384465143 0.027418760152963493
0 0.15068967525775617 0.6541277078481821 0.03595751982468825 0.036567394550030045
0 0.09569445023169884 0.6997720278226413 0.027237892150878906 0.02720818152794471
0 0.30376540697537935 0.02397697246991671 0.02272642575777494 0.022799198444073018
0 0.6061898011427659 0.7367982130784255 0.02054419884314904 0.020627535306490384
0 0.6272340921255258 0.7116318482619065 0.01683631310096154 0.016682551457331732
0 0.06899626896931575 0.38125041814950794 0.02053839426774245 0.020481182978703424
0 0.6446162003737229 0.6317113729623648 0.025475722092848558 0.02574436481182392
0 0.5440701704758865 0.6779754345233624 0.02783511235163762 0.027622516338641826
0 0.8152055006760818 0.19921396328852728 0.022441277137169473 0.022388604971078727
0 0.48586031106802136 0.8353726313664362 0.02013111114501953 0.02014336219200721
0 0.3327988844651442 0.8357151471651517 0.02809935349684495 0.027774517352764424
0 0.11366216035989615 0.8798500941349909 0.03174820313086876 0.03176674476036659
0 0.8524367992694561 0.1708500201885517 0.02380855266864483 0.02406487098106971
0 0.7868031721848708 0.15927683390103853 0.024792891282301683 0.025020746084359977
0 0.6072278389563928 0.6900209280160757 0.017816837017352764 0.017952845646784857
0 0.6180060460017278 0.7626174046443059 0.033214605771578275 0.03301503108097957
0 0.5238480201134315 0.1334543228149414 0.026638324444110576 0.026407205141507663
0 0.09752043393942025 0.5518708962660569 0.021190111453716572 0.020914884713979866
0 0.2591622242560753 0.5470853952261118 0.01989401303804838 0.01990193587083083
0 0.8145685929518479 0.08682016225961539 0.016332186185396634 0.01653770300058218
0 0.8238230485182542 0.9843309842623197 0.021700638991135817 0.02134851308969351
0 0.09913323475764348 0.7260499367347131 0.02938732734093299 0.029482034536508415
0 0.04950856245481051 0.756782605097844 0.019177876985990085 0.019193502572866585
0 0.21868034509512094 0.7208992884709284 0.016006102928748496 0.016164486224834736
0 0.3465682543241061 0.10328868719247672 0.017173620370718148 0.017197168790377103
0 0.4900245666503906 0.4960336685180664 0.02405093266413762 0.02474696819598858
0 0.583548692556528 0.6011015818669245 0.024238439706655648 0.024212763859675482
0 0.702391844529372 0.362672182229849 0.023627354548527643 0.02395182389479417
0 0.7211675643920898 0.8354279444767878 0.018653722909780648 0.01859459510216346
0 0.64258729494535 0.40152193949772763 0.01660288297213041 0.01649027604323167
0 0.15822575642512396 0.6822360112116888 0.022669196128845215 0.02303901085486779
0 0.9392218956580529 0.09300464850205642 0.01784236614520733 0.01787556134737455
0 0.1210484688098614 0.47472583330594575 0.01778701635507437 0.017838331369253304
0 0.36071161123422474 0.4055007054255559 0.025144136868990384 0.025600139911358174
0 0.3558888068565956 0.8169142649723933 0.020664215087890625 0.020809026864858773
0 0.7349637838510367 0.7585342113788311 0.023715092585637018 0.023656111497145433
0 0.08556314615102914 0.7861745540912335 0.019668487402109 0.020081006563626803
0 0.5241661805372971 0.5162704907930814 0.018741754385141227 0.01869803208571214
0 0.18666997322669396 0.4560287915743314 0.01613726982703576 0.016251637385441706
0 0.49088654151329625 0.636534910935622 0.021024263822115384 0.021453270545372598
0 0.6945246182955228 0.44316530227661133 0.02529144287109375 0.024961544917179987
0 0.8856790982759916 0.34104559971736026 0.015042818509615384 0.015061451838566707
0 0.9593108250544622 0.026864929841114923 0.018951856173001803 0.024764808324667122
0 0.9458877123319186 0.30803874822763294 0.01866634075458233 0.018967408400315505
0 0.5925782643831693 0.2352284284738394 0.02111955789419321 0.020639602954571065
0 0.4561873949491061 0.5071556751544659 0.017378586989182692 0.016983178945688102
0 0.17671900529127854 0.09840105130122258 0.023962020874023438 0.023979003612811748
0 0.9506948177631085 0.5145011314978967 0.030504373403695915 0.03243196927584135
0 0.43241082704984224 0.9031088902400091 0.022358087392953727 0.022347376896784857
0 0.5130493457500751 0.9625437809870794 0.027881769033578727 0.027863575862004206
0 0.6239600548377404 0.09795740017524132 0.015944554255558893 0.015860557556152344
0 0.12955368482149565 0.3013340876652644 0.015151537381685697 0.015142440795898438
0 0.49406073643611026 0.6587667465209961 0.020009847787710335 0.019817939171424277
0 0.6195945739746094 0.11826590391305777 0.02625304002028245 0.02639942902785081
0 0.2187071946951059 0.511635266817533 0.024523001450758714 0.024760026198167067
0 0.38269703204815203 0.45165021602924055 0.015041057880108174 0.01520090836745042
0 0.9501494627732497 0.13533737109257624 0.03149267343374399 0.03207206726074219
0 0.05371372516338642 0.3224639525780311 0.015173820348886343 0.015273681053748498
0 0.9230298262376052 0.08179174936734714 0.015058370736929087 0.014942934879889855
0 0.9476525233342097 0.2910665732163649 0.021548051100510817 0.021862103388859674
0 0.45565227361825794 0.021876598779971782 0.021847358116736777 0.021592300671797533
0 0.6864122244027945 0.3768780048076923 0.0193783686711238 0.019440430861253005
0 0.18436450224656326 0.13400002626272348 0.014714461106520433 0.014657534085787259
0 0.5623897772568923 0.6437311906080979 0.017389737642728366 0.017626542311448317
0 0.6774907478919396 0.5409387441781851 0.01633145258976863 0.01640745309682993
0 0.09787178039550781 0.5870455228365384 0.014936172045194186 0.014869103064903846
0 0.45578769537118763 0.4495958915123573 0.015058664175180288 0.015041351318359375
0 0.6360860237708459 0.7725112621600811 0.02230101365309495 0.022429833045372598
0 0.7556112729586087 0.07963153949150673 0.015717726487379808 0.01569027167100173
0 0.07884847200833835 0.7340630751389724 0.016795713167924147 0.01638001662034255
0 0.33608686006986177 0.8070375002347506 0.017299945537860576 0.01704993614783654
0 0.6746085240290716 0.09699033773862399 0.016205567580003005 0.016204265447763298
0 0.5826433621920072 0.5869588851928711 0.016874166635366585 0.01690849891075721
0 0.7834025162916917 0.5875663757324219 0.021790724534254808 0.021872593806340143
0 0.7783572123600886 0.37677863927987904 0.04922910837026743 0.051911500784067005
0 0.6711586438692533 0.40334327404315656 0.03487851069523738 0.035060882568359375
0 0.6378873678354117 0.5687541961669922 0.03908978975736178 0.03953684293306791
0 0.943087651179387 0.11109089851379395 0.01995057326096755 0.02013742006742037
0 0.8586423580463116 0.4809523362379808 0.017456201406625602 0.017321219811072715
0 0.8682950093195989 0.28761555598332333 0.017430965717022236 0.01763783968411959
0 0.21783093305734488 0.5123601326575646 0.020006509927602913 0.019358488229604866
0 0.8649417437039889 0.7664723029503455 0.022105583777794473 0.022075946514423076
0 0.557037353515625 0.05320246403033917 0.01978463392991286 0.01999523089482234
0 0.7268026792086087 0.7004146575927734 0.016546102670522835 0.016721578744741585
0 0.6655293978177584 0.43632855782142055 0.01712975135216346 0.01713723402756911
0 0.08712999637310322 0.7876701354980469 0.02601811060538659 0.025997455303485576
0 0.4208168616661659 0.05101097547090971 0.0138856447660006 0.014214057188767653
0 0.24137227351848894 0.843899653508113 0.018175748678354118 0.018400925856370192
0 0.5304757631742038 0.6487326988807092 0.016169254596416768 0.016423738919771634
0 0.8624955690824069 0.7659984001746545 0.017890049861027643 0.018377010638897236
0 0.8408391659076397 0.3491970942570613 0.013807736910306491 0.014066109290489784
