0 0.22574751193706805 0.9625217731182392 0.07844338050255409 0.06984593318058895
0 0.32979825826791614 0.9222290332500751 0.08730097917410043 0.08734277578500602
0 0.2645737941448505 0.127410888671875 0.09337630638709435 0.09179107959453876
0 0.6852710430438702 0.9034783289982722 0.03803458580603966 0.03826434795673077
0 0.26648631462684047 0.8779248457688552 0.07299467233511117 0.07286922748272236
0 0.5202069649329553 0.6439431263850286 0.035975089439978965 0.03614176236666166
0 0.8890525377713717 0.030099414862119235 0.02496792719914363 0.025130739578833945
0 0.3522775356586163 0.6246074529794546 0.028464904198279746 0.028441649216871995
0 0.08099632996779221 0.6875669039212741 0.019668840445004977 0.0195925785945012
0 0.8132401979886569 0.2203091841477614 0.029087946965144232 0.028820037841796875
0 0.5511512022752029 0.6222206262441782 0.02227504436786358 0.022537671602689303
0 0.7033031170184796 0.17250787294827974 0.02729181142953726 0.027414321899414062
0 0.12358196882101205 0.6207957634559045 0.03246536621680626 0.03243406002338116
0 0.4703175471379207 0.31731348771315354 0.02601960989145132 0.02611959897554838
0 0.5026834194476788 0.719662226163424 0.02345613332895132 0.023314402653620794
0 0.3458797014676608 0.46233349580031174 0.022463431725135215 0.022590123690091647
0 0.8937138777512771 0.07226484555464524 0.019005702092097357 0.018900082661555365
0 0.8604962275578425 0.11884655402256893 0.027663304255558893 0.027651181587806113
0 0.33822492452768177 0.42670238935030425 0.024010291466346152 0.02402195563683143
0 0.8170160146859976 0.3509043913621169 0.02586188683143029 0.02576109079214243
0 0.9639800145075872 0.07096943488487831 0.024174616887019232 0.024188793622530423
0 0.8951903856717623 0.1388830588414119 0.0266879155085637 0.0265654417184683
0 0.13923512972318208 0.42092506702129656 0.026221752166748047 0.02555230947641226
0 0.671673481280987 0.5109550035916842 0.019067764282226562 0.01925380413348858
0 0.6827820997971755 0.3588876724243164 0.01994939950796274 0.019934654235839844
0 0.9713265345646784 0.3480037542489859 0.03189292320838341 0.03190040588378906
0 0.9830866593580979 0.39100030752328724 0.029352188110351562 0.029071220984825723
0 0.631801751943735 0.12981166289402887 0.029480567345252402 0.029558346821711615
0 0.7620956714336689 0.07224859641148494 0.02407352740948017 0.024175020364614632
0 0.485171024615948 0.5730423560509315 0.020205571101262018 0.020308274489182692
0 0.7260808944702148 0.6666309650127704 0.02532034653883714 0.02551753704364483
0 0.36928925147423375 0.3455336277301495 0.02627409421480619 0.02666363349327674
0 0.8383962924663837 0.2705796498518724 0.020461449256310098 0.020300755133995645
0 0.9453569558950571 0.7780543107252854 0.023842298067533053 0.023900398841271035
0 0.9441104302039514 0.3051300415625939 0.02362676767202524 0.02349112584040715
0 0.4268443767841046 0.33036503425011265 0.018879523644080527 0.019066883967472956
0 0.615774888258714 0.055098808728731595 0.03979818637554462 0.040544711626493014
0 0.5947336783775916 0.7390942206749549 0.01959367898794321 0.019777884850135215
0 0.8761533590463492 0.22649603623610276 0.021626985990084134 0.021486795865572415
0 0.9568086037269006 0.5063546987680289 0.024100230290339544 0.023823958176832933
0 0.4209913107065054 0.5261169580312876 0.02229485144981971 0.022312751183143027
0 0.7806162467369666 0.8871745329636794 0.019195996798001803 0.019336113562950723
0 0.855525383582482 0.21608315981351411 0.02478966346153846 0.02493917025052584
0 0.4539967316847581 0.6196544353778546 0.019252997178297777 0.019147139329176683
0 0.6413878660935622 0.756317872267503 0.02032191936786358 0.02044252248910757
0 0.3798659031207745 0.1407464284163255 0.02109498244065505 0.021233888772817757
0 0.52239806835468 0.5092467894920936 0.026671923123873197 0.0267946536724384
0 0.791166745699369 0.07864723755763127 0.019214630126953125 0.019230402432955228
0 0.484285831451416 0.7323465347290039 0.0194699947650616 0.01938321040226863
0 0.7053312154916617 0.36768363072321963 0.022533563467172477 0.022628637460561898
0 0.698670167189378 0.7183044140155499 0.01821591303898738 0.0181427001953125
0 0.5758733749389648 0.8043968494121845 0.01933398613562951 0.019272437462439902
0 0.4901847839355469 0.5125670066246619 0.023217127873347357 0.023611802321213942
0 0.48370827161348784 0.3581520227285532 0.02366799574631911 0.02365713853102464
0 0.6370111612173227 0.07692067898236789 0.029396203848031852 0.02957442173591027
0 0.23276642652658316 0.2954858999985915 0.01821297865647536 0.018308089329646185
0 0.49921358548677885 0.2824531335097093 0.01670103806715745 0.016634427584134616
0 0.4689163061288687 0.6744496272160456 0.01748495835524339 0.017603360689603366
0 0.9945885584904597 0.05828103193869957 0.01053325946514423 0.025051804689260628
0 0.441859612098107 0.1256242715395414 0.02149229783278245 0.02144912573007437
0 0.016684837066210233 0.7575883865356445 0.0181618516261761 0.0182037353515625
0 0.6502081064077524 0.6659875282874475 0.016612419715294473 0.01659672076885517
0 0.9511237511268029 0.4886072598970853 0.017773261437049277 0.0178378178523137
0 0.5009501163776104 0.909269406245305 0.027135042043832634 0.0272824214054988
0 0.46596959921029896 0.4634575843811035 0.01680623568021334 0.0167696292583759
0 0.9353260627159705 0.7142300238976111 0.017581059382512018 0.01765104440542368
0 0.5585788580087515 0.5432674701397235 0.024667886587289665 0.024974529559795674
0 0.599513420691857 0.5180856264554538 0.02413030771108774 0.02437767615685096
0 0.8752723840566782 0.2008661857018104 0.01893469003530649 0.01881834176870493
0 0.969078357403095 0.7734521719125601 0.018606919508713942 0.018340477576622598
0 0.18955349922180176 0.034691718908456654 0.018982410430908203 0.018881926169762246
0 0.991585951585036 0.3268686074476976 0.016488001896784857 0.022030463585486777
0 0.5879478454589844 0.5288940209608811 0.01761597853440505 0.01767246539776142
0 0.6337035252497747 0.2769390619718112 0.0199435307429387 0.01993282024676983
0 0.6287642992459811 0.5528117693387545 0.016347591693584736 0.01654668954702524
0 0.15351319313049316 0.43262844819288987 0.01728222920344426 0.01698002448448768
0 0.21747860541710487 0.25330393130962664 0.017543572645920973 0.017519143911508415
0 0.5700238301203802 0.34068004901592547 0.0163726806640625 0.01633291978102464
0 0.656739381643442 0.9034050427950345 0.017590155968299277 0.017748172466571514
0 0.43375235337477464 0.2172106962937575 0.02228824908916767 0.022382589486929085
0 0.1434600720038781 0.9331900523259089 0.02475448755117563 0.02482472933255709
0 0.8383389986478366 0.16190297787006086 0.016532164353590745 0.01670227600977971
0 0.47254470678476185 0.435823367192195 0.019879854642427884 0.019974195040189303
0 0.6150033657367413 0.019590994486441977 0.023407422579251803 0.02352383962044349
0 0.8402299880981445 0.5094084372887244 0.017089697030874398 0.01709894033578726
0 0.9923807290884165 0.7195967160738431 0.015069521390474759 0.017658527080829326
0 0.7650233782254733 0.15535361950214094 0.01659525357759916 0.01654789997981145
0 0.293300041785607 0.0805283601467426 0.0178530032818134 0.01807405398442195
0 0.08513308488405667 0.9257723734929011 0.05415720206040602 0.0537876716026893
0 0.3709140924307016 0.4417537542489859 0.01837921142578125 0.018537521362304688
0 0.11331908519451435 0.07874695154336783 0.0159757137298584 0.015876201482919548
0 0.7321029076209435 0.30843650377713716 0.01695075401893029 0.017032109774076022
0 0.2553488291226901 0.6516067798321064 0.024386075826791618 0.024688133826622598
0 0.5208143087533804 0.35999085352971005 0.017266053419846755 0.017380347618689902
0 0.5557590631338266 0.741751450758714 0.01769711421086238 0.01775330763596755
0 0.9353372133695163 0.18516841301551232 0.017975587111253005 0.018056612748366136
0 0.4896081777719351 0.456274362710806 0.016071466299203727 0.016140497647798978
0 0.4610282824589656 0.9861043783334585 0.0198975342970628 0.01930853036733774
0 0.5183563966017503 0.7516814745389498 0.018027232243464544 0.01786349369929387
0 0.5583497560941256 0.5273217421311599 0.02335812495304988 0.023218448345477764
0 0.8478894600501428 0.40590594365046573 0.01523604759803185 0.015348434448242188
0 0.7461694570688101 0.33272185692420375 0.015787711510291465 0.015696232135479268
0 0.8831778306227464 0.48940328451303333 0.017480996938852165 0.017586928147536058
0 0.9581400064321665 0.31954251802884615 0.01689001230093149 0.016663477971003607
0 0.21941531621492827 0.5865667783297025 0.03068120662982647 0.030781085674579326
0 0.8695710255549505 0.5884253428532527 0.017766659076397236 0.017644295325646035
0 0.5680040212777945 0.5061643307025616 0.01555648216834435 0.015680753267728366
0 0.6146866725041316 0.895419927743765 0.016507808978740986 0.016350966233473558
0 0.6226224165696365 0.25112100747915417 0.01912102332481971 0.019367804894080527
0 0.7312547243558444 0.29152734463031477 0.015479454627403846 0.015644293565016527
0 0.7593015524057242 0.86536378126878 0.03670443021334135 0.03620587862454928
0 0.3678687902597281 0.47805041533250076 0.015323492196890024 0.015251673184908353
0 0.6692311213566706 0.07360729345908532 0.02280426025390625 0.02294425780956562
0 0.40955074016864484 0.7562922697800857 0.016020848200871393 0.015936924861027643
0 0.7340083489051232 0.5102780415461614 0.016358595628004808 0.016279147221491888
0 0.12781125765580398 0.7851343888502854 0.02664835636432354 0.026785923884465143
0 0.20733294120201698 0.7210396986741286 0.022103603069598857 0.022182171161358174
0 0.8781892336331881 0.47054415482741135 0.019277425912710335 0.019396855280949518
0 0.5883186780489408 0.1425945025223952 0.015528458815354567 0.015552850869985728
0 0.08809643525343674 0.189270753126878 0.016823475177471455 0.016822668222280648
0 0.1496666303047767 0.9753648317777194 0.03790651834928072 0.038196563720703125
0 0.8465819725623498 0.20230872814471906 0.019322321965144232 0.01929752643291767
0 0.46347739146305966 0.7612338432898889 0.016174976642315205 0.016027010404146634
0 0.7920169830322266 0.37925037970909703 0.01570716271033654 0.015751105088454027
0 0.43018054962158203 0.2433641140277569 0.028130311232346755 0.02828664046067458
0 0.6529099391056941 0.6806750664344201 0.015142880953275241 0.015328480647160457
0 0.698870585514949 0.32422157434316784 0.015711857722355768 0.01570261441744291
0 0.6304517892690805 0.1793823608985314 0.016998144296499398 0.01704854231614333
0 0.2927395013662485 0.21564292907714844 0.015088888315054087 0.014992127051720252
0 0.9020384274996244 0.2434526956998385 0.018182020920973558 0.017862319946289062
0 0.7530216803917518 0.2477860817542443 0.014840052678034855 0.01494290278508113
0 0.16570918376629168 0.3204489854665903 0.01531828366793119 0.015379538902869591
0 0.5794287094703088 0.4730399938730093 0.016518666194035456 0.01650722210223858
0 0.20652085084181565 0.1647794796870305 0.017088009760929987 0.016638865837684043
0 0.23635420432457557 0.17414247072660005 0.020158914419320915 0.020072203416090745
0 0.8307412954477164 0.012552978900762705 0.015440720778245192 0.015334496131310096
0 0.897129645714393 0.4429766581608699 0.015794900747445915 0.01591638418344351
0 0.9951924544114333 0.5749777280367337 0.009222470797025241 0.016399676983173076
0 0.8040320323063777 0.4462424791776217 0.014588576096754808 0.01460126730111929
0 0.7862303073589618 0.5009319598858173 0.016005882850060098 0.015799962557279147
0 0.5457317645733173 0.5709703885591947 0.015296422518216647 0.015205896817720853
0 0.2079453835120568 0.08066700055049016 0.057752095735990085 0.056604197392096885
0 0.500035652747521 0.2570202900813176 0.014664870042067308 0.014726088597224308
0 0.9847560295691857 0.6204685798058143 0.015818375807542067 0.015821053431584284
0 0.5402361062856821 0.06550024564449604 0.016701478224534255 0.01682095344250019
0 0.9534524770883414 0.043523091536301836 0.017513862022986777 0.017678130131501418
0 0.16766133675208458 0.43774714836707485 0.01529554220346304 0.015101066002478966
0 0.1505110080425556 0.9020327054537259 0.014911688291109525 0.015066293569711538
0 0.5770020118126502 0.32222432356614333 0.015807518592247598 0.015833928034855768
0 0.7657541861900916 0.11678083126361553 0.02030313931978666 0.020064500661996696
0 0.9060963850754958 0.35584347064678484 0.015185722937950721 0.015224310067983774
0 0.6285861088679388 0.48557215470534104 0.020428877610426683 0.02039762643667368
0 0.8218077146089994 0.2817336412576529 0.015354009775015024 0.015331561748798076
0 0.7095898848313552 0.07780932463132419 0.015634536743164062 0.01565100596501277
0 0.9970138256366436 0.13143000235924354 0.00585321279672476 0.017726861513577975
0 0.9016192509577825 0.4231399389413687 0.015085367056039663 0.015035922710712139
0 0.24822726616492638 0.06413334149580735 0.024692755479079027 0.024478976543133076
0 0.7451355273907001 0.9321243579571064 0.04015570420485277 0.03999416644756611
0 0.25029985721294695 0.6737242478590745 0.04443806868333083 0.045195506169245794
0 0.5060533743638259 0.5337853064903846 0.029364879314716045 0.02886654780461238
0 0.6143953983600323 0.92943418942965 0.06601663736196664 0.0663615006666917
0 0.9282392355111929 0.3726255710308368 0.014276357797475962 0.014368644127478966
0 0.01686631143093109 0.10931721100440392 0.015549753720943745 0.01586624292226938
0 0.6182621442354642 0.8777977870060847 0.014906369722806491 0.015073629525991587
0 0.4698915481567383 0.15107630766355074 0.017296570997971755 0.017111906638512246
0 0.24421372780433068 0.26146353208101714 0.01444838597224309 0.01454489047710712
0 0.619774158184345 0.03418519405218271 0.019703058096078727 0.01891671694242037
0 0.1291033121255728 0.23566044293917143 0.014805463644174429 0.014524093041053185
0 0.8696993314302884 0.7968704517071064 0.017319899338942308 0.01737242478590745
0 0.9035792717566857 0.8991033113919772 0.022320380577674277 0.022256997915414665
0 0.5254201889038086 0.48203508670513445 0.014944956852839543 0.014604641841008114
0 0.455475403712346 0.04047130621396578 0.01607065934401292 0.015884365026767436
0 0.44838754947368914 0.8211190150334284 0.01624745589036208 0.01629814734825721
0 0.23376362140362078 0.6361594566932092 0.02458664087148813 0.025076939509465143
0 0.770490132845365 0.5312857261070838 0.01575308579664964 0.01606603769155649
0 0.8587762392484225 0.008689823058935313 0.01749874995304988 0.01596334118109483
0 0.7123700655423678 0.41988354462843674 0.014439802903395433 0.014562386732835036
0 0.6228715456449069 0.14593726855057937 0.016933587881234977 0.016727539209219124
0 0.6325129729050857 0.3744029265183669 0.016320301936222956 0.01634847200833834
0 0.7616697458120493 0.5596356391906738 0.019128946157602165 0.019492075993464544
0 0.6579143084012545 0.0855790560062115 0.020041392399714544 0.020045702274029072
0 0.6402603296133188 0.040132068670712985 0.019179417536808893 0.01883397652552678
0 0.8771032186654898 0.44836612848135143 0.017604827880859375 0.0174559813279372
0 0.6280388465294471 0.58373840038593 0.014993814321664663 0.015338604266826924
0 0.7130506955660306 0.49467761699969953 0.014349864079402043 0.014338273268479567
0 0.7437255565936749 0.31934253986065203 0.014488513653094951 0.014902701744666466
0 0.5580114951500525 0.6610751518836389 0.014738669762244591 0.014888176551231971
0 0.8614392647376428 0.3447135411776029 0.01453854487492488 0.014733681311974159
0 0.7434977751511794 0.41175013322096604 0.014327269334059495 0.014215616079477163
0 0.35497782780573917 0.17819919952979454 0.01628567622258113 0.016351883228008565
0 0.6181218073918269 0.513707894545335 0.018019492809589092 0.018369307884803183
0 0.009008209865826827 0.3463315963745117 0.017263885874014635 0.01773687509390024
0 0.898220208974985 0.2525929671067458 0.016401290893554688 0.016092373774601862
0 0.6330962547889123 0.7085759823138897 0.014301886925330529 0.014147391686072716
0 0.8410452329195462 0.5250520706176758 0.014530475323016826 0.014614618741548978
0 0.15122276086073655 0.04317838412064772 0.0711055535536546 0.06995412019582894
0 0.42898229452279896 0.6062935315645658 0.015351295471191406 0.015143321110652043
0 0.28838456594027007 0.02708944449057946 0.09784247325016902 0.052534130903390736
0 0.8390485323392428 0.17990568967965934 0.015685594998873197 0.01578686787531926
0 0.5098301080557016 0.7854388310359075 0.015123367309570312 0.015474319458007812
0 0.545096544119028 0.5019740691551795 0.013243014995868389 0.013313953693096455
0 0.6283025741577148 0.5985211592454177 0.015065413254957933 0.01519320561335637
0 0.9413704505333533 0.07199360315616314 0.014142990112304688 0.014174855672396146
0 0.20220686839177057 0.11779519227834848 0.03020051809457632 0.03033311550433819
0 0.7777244861309345 0.5102297709538386 0.015395531287560096 0.015594482421875
0 0.4035424819359413 0.21351385116577148 0.016365197988656852 0.016509422889122598
0 0.1011516681084266 0.387357051555927 0.015650529127854567 0.015575995812049279
0 0.45402108705960786 0.4861742166372446 0.014269021841195913 0.01435991433950571
0 0.6909762162428635 0.12096359179570125 0.018111155583308294 0.01772594451904297
0 0.8043796099149264 0.16530643976651704 0.014375686645507812 0.014290882990910457
0 0.18774980765122634 0.9196975414569561 0.021216465876652643 0.020939753605769232
0 0.07246555273349468 0.7190865736741286 0.01861584186553955 0.01912659865159255
0 0.20819434752831092 0.7803702721228967 0.01519155502319336 0.015224750225360576
0 0.6455242450420673 0.05403365997167734 0.016725980318509616 0.016927278958834134
0 0.029297672785245456 0.5431263997004583 0.014669702603266789 0.014607943021334134
0 0.5989084977370042 0.8494778413038987 0.01501934344951923 0.014974887554462139
0 0.3987261331998385 0.9766442959125226 0.028501143822303183 0.028579565194936898
0 0.718528307401217 0.29843748532808745 0.01596978994516226 0.015692820915809043
0 0.40201128446138823 0.7060359808114859 0.01486675555889423 0.014945250291090745
0 0.3103039448077862 0.5833030113807092 0.016176150395320013 0.016382364126352165
0 0.7360600691575271 0.026795167189378005 0.015154325045072116 0.015369533346249508
0 0.41556864518385667 0.06391448241013747 0.07830487764798678 0.07525223952073318
0 0.6018571120042068 0.15078843556917632 0.016051439138559196 0.016410387479341947
0 0.9262457627516526 0.7554925771859976 0.014101175161508413 0.014292496901292067
0 0.648523917564979 0.3520485437833346 0.013388120211087741 0.013697184049166165
0 0.5966632182781513 0.09710211020249587 0.015826592078575723 0.01596219723041241
0 0.7757772298959585 0.3791329310490535 0.015001737154447116 0.014885535606971154
0 0.5356529309199407 0.22222084265488845 0.013918729928823618 0.013821601867675781
0 0.6198504521296575 0.47756675573495716 0.01535503680889423 0.01594653496375451
0 0.7120049549983098 0.9112347822922927 0.014676754291240986 0.014788407545823317
0 0.5447616577148438 0.7030769494863657 0.01474761962890625 0.014872330885667067
0 0.20070912287785456 0.20550973598773664 0.01516430194561298 0.014853404118464543
0 0.12317913312178391 0.5894974195040189 0.015062588911790114 0.014963296743539663
0 0.6473356393667368 0.4854084895207332 0.013540121225210337 0.013493831341083232
0 0.48363590240478516 0.0070018802697841935 0.01980722867525541 0.013205904227036696
0 0.5181200320904071 0.49669669224665713 0.01449115459735577 0.01355149195744441
0 0.8288053365854117 0.8637636624849759 0.014253909771259014 0.014524899996243991
0 0.5401986195490911 0.8598871964674729 0.018813206599308893 0.01869054941030649
0 0.5815494610713079 0.30990021045391375 0.013854540311373197 0.0142057858980619
0 0.7642474541297326 0.3949268047626202 0.01392071063701923 0.013932741605318509
0 0.85718507033128 0.9859413000253531 0.029650174654447116 0.024077928983248197
0 0.6166290870079627 0.023172527551651 0.023827772874098558 0.025833799288823053
0 0.9390709216778095 0.20022205206064078 0.01345062255859375 0.013477325439453125
0 0.6165125186626728 0.7963457107543945 0.014226766733022837 0.014730600210336538
0 0.4005879622239333 0.5803111883310171 0.01506497309758113 0.015065706693209134
0 0.37222458766056943 0.7688101254976712 0.017635638897235576 0.017489800086388223
0 0.3106515590961163 0.5616926780113807 0.014322867760291466 0.014426451462965745
0 0.6262822517981896 0.6991998965923603 0.014494382418118991 0.014739403357872596
0 0.4450562917269193 0.03011002907386193 0.014617112966684194 0.014630579031430758
0 0.04924270739922157 0.5641848490788386 0.015100194857670711 0.015147722684420072
0 0.591713025019719 0.00956638902425766 0.03448207561786358 0.017752643961172838
0 0.9963433192326472 0.027006032375188973 0.007014054518479567 0.016592314610114463
0 0.3805423883291391 0.48437687066885143 0.013545696551983174 0.013614287743201623
0 0.49722036948570836 0.6223511329064002 0.024000241206242487 0.02462207354032076
0 0.6431644879854642 0.5472372128413274 0.013631673959585337 0.01377120384803185
0 0.7345041128305289 0.4818512476407565 0.01391132061298077 0.013841849107008714
0 0.9424806007972131 0.14122637418600228 0.013354814969576322 0.013428779748769907
0 0.33210317905132586 0.33439056689922625 0.013381224412184495 0.013666739830603966
0 0.9004092583289514 0.24680188985971305 0.022176595834585335 0.02203823969914363
0 0.5169525513282189 0.680346782390888 0.015599764310396634 0.015379538902869591
0 0.35069634364201474 0.09688442486983079 0.014226766733022837 0.014129326893733097
0 0.0794285719211285 0.9523883232703576 0.024928514774029072 0.02434510451096755
0 0.34579750207754284 0.16026078737699068 0.017858138451209433 0.018072054936335638
0 0.651437025803786 0.19689176632807806 0.013838254488431491 0.013665235959566556
0 0.7439444615290716 0.11487838855156532 0.018787237314077523 0.01870525800264799
