0 0.562659923846905 0.49147836978618914 0.12621204669658953 0.12706382458026594
0 0.38782435197096604 0.8564086327185998 0.038716829740084134 0.03867604182316707
0 0.44925785064697266 0.518310913672814 0.03948343717134916 0.03965187072753906
0 0.17963435099675104 0.22344185755803034 0.03383232997013973 0.03383196317232572
0 0.12179928559523362 0.31170228811410755 0.024383948399470404 0.02450876969557542
0 0.26396824763371396 0.770542731651893 0.029508370619553786 0.029570652888371393
0 0.08326071959275466 0.6459180391751803 0.033512573975783125 0.03327325674203726
0 0.7092324770413913 0.8885038816011869 0.028246659498948317 0.028347602257361777
0 0.06956779039823092 0.4630899062523475 0.03071000025822566 0.030608470623309795
0 0.5985934184147761 0.7821489480825571 0.023382186889648438 0.02348195589505709
0 0.017434012431364793 0.23403013669527495 0.026802223462324876 0.029407207782451924
0 0.7568613932682917 0.7443275451660156 0.020824285653921273 0.020577504084660456
0 0.5732248746431791 0.06625000330118033 0.026437025803786058 0.026616958471444938
0 0.34873382861797625 0.9069648155799279 0.02751291715181791 0.027172968937800482
0 0.15572624940138596 0.4196952673105093 0.020772264553950384 0.02082663315993089
0 0.638393548818735 0.9859666090745193 0.026058197021484375 0.02425516568697416
0 0.7881609109731821 0.9805155534010667 0.03638370220477764 0.03458756666917067
0 0.03350999263616709 0.37238275087796724 0.024341720801133376 0.024187528170072116
0 0.08820839111621563 0.8670112169705905 0.029808502930861253 0.029973543607271634
0 0.6405629378098708 0.0632177316225492 0.01921228262094351 0.019094338783851035
0 0.10020699867835411 0.49930598185612607 0.034746536841759317 0.03474609668438251
0 0.698886724618765 0.8193586789644681 0.01867499718299279 0.01853311978853666
0 0.49401092529296875 0.10033820225642277 0.01853311978853666 0.018553550426776592
0 0.10147953033447266 0.42906981248121995 0.021609929891733024 0.0218203617976262
0 0.8100473697368915 0.8627545283390925 0.032495351938100964 0.03279201801006611
0 0.0933684569138747 0.16246869013859674 0.025262979360727165 0.025184053641099196
0 0.1110146320783175 0.812525382408729 0.021154311987069938 0.021122565636268027
0 0.7317910561194787 0.8102291547335111 0.023325406588040866 0.02329386197603666
0 0.2642068129319411 0.4884621180020846 0.03469518514779898 0.034944974459134616
0 0.012483309094722454 0.8616327139047476 0.020016434100958016 0.021344698392427884
0 0.3116835080660306 0.7390394944411057 0.021979478689340446 0.021957984337439902
0 0.8741335502037635 0.9864449134239783 0.022739997276893027 0.022183785071739785
0 0.42526971376859224 0.986275892991286 0.028947830200195312 0.022803379939152643
0 0.07694506645202637 0.2494953228877141 0.02174308208318857 0.0218049196096567
0 0.8013987907996545 0.11751600412222055 0.019139509934645433 0.019250814731304463
0 0.057407571719242975 0.9270524245042068 0.018824962469247673 0.01865533682016226
0 0.8001338518582858 0.06412275937887338 0.022146078256460335 0.021942670528705303
0 0.3020002108353835 0.6688788487361028 0.01998288814838116 0.019983585064227764
0 0.2337682430560772 0.7168087592491736 0.01927632551926833 0.01947784423828125
0 0.8321431966928335 0.24329847555894119 0.02080535888671875 0.020815372467041016
0 0.6273935024554913 0.8505491109994742 0.022259638859675482 0.022333585298978366
0 0.08833560576805702 0.6216650009155273 0.020230476672832783 0.020024666419396035
0 0.505528083214393 0.3478287183321439 0.02661756368783804 0.026532686673677884
0 0.8276160313532903 0.6882686614990234 0.017621260422926683 0.017549661489633415
0 0.3124217253464919 0.35630112427931565 0.019227266311645508 0.01930522918701172
0 0.5568355046785795 0.30875759858351487 0.030698776245117188 0.030907630920410156
0 0.669403442969689 0.17500930566054124 0.02278474661020132 0.02290634008554312
0 0.7282901910635141 0.9439208690936749 0.03534140953650841 0.035253084622896634
0 0.7926546977116511 0.7894580547626202 0.02036285400390625 0.020484337439903848
0 0.6310291290283203 0.5270829567542443 0.028641920823317308 0.028435193575345553
0 0.0304714716397799 0.6189108628493089 0.016923170823317308 0.017011055579552285
0 0.3571360661433293 0.3402428993811974 0.016814158512995794 0.01701655754676232
0 0.5354245992807242 0.041524254358731784 0.01633600088266226 0.016317218542099
0 0.12160132481501652 0.52773956152109 0.022397298079270583 0.022439002990722656
0 0.48042763196505034 0.17993860978346604 0.020762516902043268 0.020745277404785156
0 0.5416293144226074 0.4048271912794847 0.025112005380483773 0.0252837401169997
0 0.21607454006488508 0.553317510164701 0.025318695948674128 0.025277211115910456
0 0.6231171534611628 0.25643442227290225 0.02133354773888221 0.021344918471116286
0 0.5185537338256836 0.7915896635789138 0.020174319927509014 0.020281278170072116
0 0.7955159407395583 0.5688341947702261 0.017322687002328727 0.017015603872445915
0 0.7299664570735052 0.9901852240929236 0.01791249788724459 0.015909928541917067
0 0.09712091776040885 0.5236872159517728 0.02436096851642315 0.02465204092172476
0 0.5430227793180026 0.073714201266949 0.016167347247783955 0.016335524045504056
0 0.23889490274282602 0.3673458466163048 0.019684864924504206 0.02002884791447566
0 0.3789690824655386 0.2787276781522311 0.019103563748873197 0.01934645726130559
0 0.7475566864013672 0.9762604786799505 0.01784662099984976 0.01793039762056791
0 0.029613623252281777 0.2643261689406175 0.016937342973855827 0.0169068116408128
0 0.10504515354449932 0.3070073677943303 0.01564341325026292 0.015688639420729417
0 0.9882781688983624 0.9879015409029447 0.0179287837101863 0.017863053541917067
0 0.536561525785006 0.8959415875948392 0.015986515925480768 0.01603522667518029
0 0.32412829765906703 0.044528768612788275 0.017197388869065505 0.016965068303621732
0 0.9776970789982722 0.24137115478515625 0.018245403583233174 0.017826593839205228
0 0.040272148755880505 0.08285354650937594 0.02005738478440505 0.020142573576707106
0 0.12243252534132737 0.3574394079355093 0.015912679525522087 0.015699239877554085
0 0.6979124362652118 0.8691177368164062 0.023416959322415866 0.023303692157451924
0 0.5329598280099722 0.6394901275634766 0.016193169813889723 0.016198084904597357
0 0.5914418513958271 0.41125070131742036 0.02274476564847506 0.022374813373272236
0 0.2106952300438514 0.09072468830988957 0.02137616964486929 0.021476232088529147
0 0.5586087153508112 0.13274460572462815 0.016540967501126803 0.016419080587533805
0 0.28882813453674316 0.9492567502535306 0.019726129678579476 0.019603875967172477
0 0.386016478905311 0.21540507903465858 0.015919905442457933 0.01602778067955604
0 0.9529602344219501 0.9629654517540565 0.021748762864332933 0.02204264127291166
0 0.3339408727792593 0.5741361104525052 0.01683807373046875 0.016929479745718148
0 0.2137142511514517 0.20136037239661583 0.017317515153151292 0.017268877763014574
0 0.549787007845365 0.7884222910954402 0.015359438382662259 0.01536868168757512
0 0.8841574008648212 0.03896870062901424 0.03130531311035156 0.03151272122676556
0 0.21095639008742112 0.6521851466252253 0.015663513770470254 0.015514373779296875
0 0.13809095896207368 0.05259026013887846 0.01661223631638747 0.016683688530555137
0 0.39717886998103213 0.7180363581730769 0.026984141423152044 0.026739854079026442
0 0.3064283591050368 0.43752644612238956 0.0187072020310622 0.01897004934457632
0 0.3757435725285457 0.7064589720505935 0.01879281264085036 0.019134961641751803
0 0.516874386714055 0.6802736429067758 0.01782065171461839 0.01798277634840745
0 0.7643943199744592 0.032299465858019315 0.0191647456242488 0.018840079124157246
0 0.5001120934119592 0.8336921105018029 0.015678845919095553 0.015804290771484375
0 0.6743015876183143 0.04278788658288809 0.017354965209960938 0.017105588546166055
0 0.7189954610971304 0.2317837935227614 0.0162356450007512 0.016197974865253154
0 0.7826145612276517 0.0440707802772522 0.017374478853665866 0.01764339667100173
0 0.3451254184429462 0.07810741204481858 0.015397291917067308 0.015648530079768255
0 0.4742419169499324 0.11401835771707389 0.015331268310546875 0.015124119245089017
0 0.3303376711331881 0.20240255502554086 0.01640936044546274 0.016539867107684795
0 0.7427880947406476 0.3763335668123685 0.01580223670372596 0.01587500939002404
0 0.3797915532038762 0.6446072505070612 0.017162616436298076 0.01704714848445012
0 0.08899807012998141 0.8363317342904898 0.02234031603886531 0.022501725416917067
0 0.6403632530799279 0.9152998557457557 0.11698440405038688 0.11960939260629508
0 0.4548656757061298 0.42748840038593 0.018506563626802884 0.018564370962289665
0 0.5785948313199557 0.29533707178556 0.017789473900428183 0.01761168699998122
0 0.08215386133927566 0.7054314246544471 0.01466067020709698 0.014769334059495192
0 0.46647475315974307 0.7137652910672702 0.019991654616135817 0.019802973820612982
0 0.7219054882342999 0.9233048512385442 0.0183102534367488 0.018283843994140625
0 0.07771115119640644 0.48640860044039214 0.020460110444288988 0.020284505990835335
0 0.1766810783973107 0.009728776720853953 0.015404481154221755 0.015094241270652184
0 0.21628691599919245 0.7263626685509315 0.017121168283315804 0.017291142390324518
0 0.5410291965191181 0.8177317839402419 0.01676310025728666 0.0171048091008113
0 0.0804003568796011 0.3822964154756986 0.014393329620361328 0.014428212092472957
0 0.1969318940089299 0.7334968860332782 0.016555309295654297 0.016429607684795674
0 0.16582309282743013 0.6968176915095403 0.015897384056678183 0.016187521127554085
0 0.9047113565298227 0.4074374712430514 0.01694517869215745 0.01664601839505709
0 0.4619079369765062 0.6612509947556716 0.015334716209998498 0.015385114229642428
0 0.040515014758476846 0.6639319199782151 0.019309731630178597 0.019603729248046875
0 0.46027480638944185 0.7055443983811599 0.017299432020920973 0.017635052020733174
0 0.5276816441462591 0.15421460225031927 0.01649929926945613 0.016764053931603067
0 0.06344765883225661 0.0625567023570721 0.016101846328148477 0.016228098135728102
0 0.7192466442401593 0.026955072696392354 0.016002801748422477 0.016207782121805046
0 0.4135594001183143 0.026228081721525926 0.02740786625788762 0.027658613828512337
0 0.8670870707585261 0.4924793977003831 0.0144195556640625 0.014378914466271034
0 0.9018179086538461 0.9122141324556791 0.019373380220853366 0.018926180326021634
0 0.6627256686870868 0.939669315631573 0.024037287785456732 0.02409201401930589
0 0.3085531454819899 0.7126690791203425 0.015202008760892428 0.015014941875751201
0 0.36189915583683896 0.7288454495943509 0.018396964439978965 0.018464015080378607
0 0.639921628511869 0.9400596618652344 0.019800773033728965 0.02011739290677584
0 0.08162118838383602 0.758340101975661 0.015213636251596304 0.015150803786057692
0 0.7391910552978516 0.26831872646625227 0.015446736262394832 0.015679139357346755
0 0.11152290380918063 0.9427143977238581 0.023288213289701022 0.023013481727013223
0 0.5352976138775165 0.8023273027860202 0.017859532282902643 0.017993046687199518
0 0.978777812077449 0.9732112884521484 0.018781515268179085 0.018839909480168268
0 0.4647188186645508 0.7114366384652945 0.021803855895996094 0.02214959951547476
0 0.844447135925293 0.6641305776742789 0.014997629018930288 0.014965057373046875
0 0.9606698843149039 0.0359041324028602 0.017954899714543268 0.018414818323575534
0 0.7291895059438852 0.33777332305908203 0.038995009202223554 0.038271537193885215
0 0.23009413939255935 0.050104113725515514 0.02222904792198768 0.0227048397064209
0 0.3794590143057016 0.6236465894258939 0.015814854548527643 0.01567987295297476
0 0.5037031173706055 0.17063681895916277 0.0154878176175631 0.015427919534536509
0 0.7565879088181716 0.7000330411470853 0.015378365149864784 0.015249399038461538
0 0.4300511066730206 0.029599895844092734 0.014354705810546875 0.014802987758929912
0 0.6477880477905273 0.09279445501474234 0.014100735004131611 0.01434183120727539
0 0.7442378997802734 0.8902634840745193 0.018260368934044473 0.018359257624699518
0 0.1130683238689716 0.27927464705247146 0.013993244904738206 0.01380311525785006
0 0.28348489908071667 0.6664948830237756 0.018969315748948317 0.01924558786245493
0 0.4608017848088191 0.5872808603140024 0.014404590313251201 0.014369377723106971
0 0.14511632919311523 0.7798695197472205 0.016141598041240986 0.016092447134164665
0 0.08671806408808781 0.18967762360206017 0.014597489283635067 0.014559489030104417
0 0.21515706869272086 0.5233549338120681 0.07660249563363883 0.0756998795729417
0 0.5338985736553485 0.8477203662578876 0.020301085252028245 0.020166837252103366
0 0.2659789965702937 0.6420927047729492 0.0183107669536884 0.018260075495793268
0 0.7008385291466346 0.6762572802030123 0.021514452420748197 0.021498900193434495
0 0.5117740631103516 0.010304535810764019 0.024304023155799277 0.019200389201824482
0 0.2628185198857234 0.8243913650512695 0.014963370103102464 0.015034748957707332
0 0.050720618321345404 0.8174353379469651 0.016100314947275016 0.016115335317758415
0 0.5196685057419997 0.8942085412832407 0.015379538902869591 0.015329801119290866
0 0.37551014239971453 0.7173989369319036 0.013960178081805889 0.013776192298302284
0 0.7486538520226111 0.5907522348257211 0.014305408184344951 0.014314504770132212
0 0.9674949645996094 0.6530459477351263 0.015033428485576924 0.015048687274639424
0 0.6206742800199069 0.6702295450063852 0.015808252187875602 0.015548999492938701
0 0.41427454581627476 0.52266814158513 0.020352583665114183 0.020438781151404746
0 0.7331566443810096 0.35922982142521787 0.02226433387169471 0.022493362426757812
0 0.5646193577693059 0.1584006823026217 0.014613811786358174 0.014548338376558743
0 0.4626341232886681 0.09702135966374324 0.014330277076134315 0.014589676490196815
0 0.07972234946030837 0.9622487288254958 0.016344217153695915 0.016309004563551683
0 0.27170698459331805 0.6788923556988056 0.014253946451040415 0.014240118173452524
0 0.4375159923846905 0.12150935026315543 0.02136509235088642 0.02165367053105281
0 0.14462464589339036 0.20520742122943586 0.017122892233041618 0.017058886014498197
0 0.8817572960486779 0.041713485350975625 0.020676832932692308 0.019476397679402277
0 0.27109659635103667 0.7009600125826322 0.01563262939453125 0.015733865591195915
0 0.08981823921203613 0.39194950690636265 0.015174498924842248 0.015348434448242188
0 0.8256589449368991 0.9894770108736478 0.020527179424579326 0.018136244553786058
0 0.4394704011770395 0.6520844973050631 0.014929918142465444 0.014791635366586538
0 0.013353991966981154 0.5885498707111065 0.022545782419351432 0.031174953167255107
