0 0.185371 0.214540 0.101622 0.086360
0 0.410271 0.274606 0.078494 0.060214
0 0.936899 0.891534 0.114779 0.097198
0 0.391536 0.356727 0.048119 0.039508
0 0.228741 0.110808 0.049973 0.043551
0 0.585796 0.371524 0.040243 0.031371
0 0.771557 0.306712 0.049958 0.039894
0 0.026483 0.272341 0.036699 0.034048
0 0.114932 0.731912 0.034734 0.028390
0 0.543218 0.389556 0.051791 0.040489
0 0.754131 0.078098 0.040672 0.034882
0 0.542799 0.751709 0.050599 0.040854
0 0.560899 0.473772 0.033166 0.026217
0 0.636115 0.006754 0.040423 0.013508
0 0.522429 0.620528 0.043827 0.033171
0 0.501886 0.587132 0.060398 0.051176
0 0.958242 0.239300 0.028593 0.026349
0 0.651852 0.306532 0.030569 0.024706
0 0.989460 0.642718 0.020673 0.022487
0 0.973337 0.359028 0.029876 0.027963
0 0.359575 0.190894 0.033666 0.029785
0 0.313319 0.989688 0.076622 0.020625
0 0.516483 0.816875 0.125610 0.093283