0 0.306704 0.130030 0.076011 0.074920
0 0.476270 0.174997 0.043487 0.043315
0 0.444411 0.312046 0.036817 0.036916
0 0.585357 0.670156 0.059578 0.059370
0 0.952497 0.360027 0.094741 0.127576
0 0.744683 0.080288 0.070341 0.069487
0 0.807711 0.107428 0.077896 0.076465
0 0.692617 0.794210 0.032128 0.031473
0 0.698928 0.416869 0.026262 0.025870
0 0.748783 0.565131 0.033766 0.033478
0 0.467407 0.447536 0.024738 0.024861
0 0.493987 0.469331 0.030149 0.029521
0 0.297570 0.683090 0.023004 0.022585
0 0.899644 0.871875 0.021280 0.020946
0 0.508995 0.499097 0.026584 0.026603
0 0.521381 0.863323 0.023279 0.022620
0 0.424513 0.706721 0.028201 0.028386
0 0.812512 0.273518 0.032017 0.030503
0 0.425108 0.430206 0.031685 0.031379
0 0.704659 0.895090 0.027915 0.027383
0 0.212145 0.899109 0.021753 0.022417
0 0.826231 0.335696 0.039057 0.037463
0 0.224263 0.677088 0.261537 0.258429
0 0.375186 0.974134 0.029658 0.028912
0 0.313844 0.789229 0.019829 0.019732
0 0.608215 0.432072 0.031018 0.031323
0 0.457042 0.642929 0.031118 0.031760
0 0.751635 0.537032 0.030908 0.030869
0 0.868225 0.799935 0.016985 0.016847
0 0.246760 0.671493 0.019784 0.019906
0 0.284704 0.778326 0.050891 0.054018
0 0.647335 0.470668 0.028389 0.028455
0 0.021045 0.296823 0.020069 0.020458
0 0.859795 0.286605 0.024909 0.024395