0 0.734401 0.803288 0.052770 0.048570
0 0.768292 0.672707 0.058775 0.053792
0 0.564380 0.659930 0.036325 0.034905
0 0.454068 0.840373 0.040657 0.036994
0 0.405908 0.759341 0.051926 0.044646
0 0.755858 0.572657 0.034056 0.030045
0 0.341852 0.281671 0.029761 0.028815
0 0.658511 0.842927 0.027963 0.024663
0 0.352692 0.739456 0.050115 0.044403
0 0.988945 0.524780 0.022111 0.028189
0 0.376187 0.198880 0.029942 0.027418
0 0.257809 0.428612 0.089437 0.081715
0 0.880573 0.476425 0.095776 0.082892
0 0.589625 0.600681 0.031542 0.027598
0 0.973757 0.454887 0.052486 0.050561
0 0.979469 0.048935 0.040573 0.048943
0 0.782237 0.337985 0.038394 0.032971
0 0.539067 0.018456 0.027581 0.026432
0 0.251972 0.958318 0.022633 0.022214
0 0.014957 0.423036 0.029915 0.029586
0 0.572546 0.749697 0.025999 0.025379
0 0.419987 0.011950 0.046930 0.023579
0 0.563464 0.809299 0.029650 0.027523
0 0.585848 0.836005 0.028421 0.026305
0 0.983374 0.890506 0.033252 0.031981
0 0.096102 0.734002 0.060832 0.057726
0 0.963270 0.440977 0.073460 0.073031
0 0.564255 0.849829 0.027623 0.025461
0 0.237586 0.604714 0.028957 0.026436
0 0.557413 0.780690 0.025400 0.023096
0 0.585712 0.006656 0.025663 0.013312