0 0.485725 0.395032 0.073850 0.053440
0 0.301527 0.370354 0.112361 0.075426
0 0.855959 0.710467 0.081596 0.057881
0 0.138947 0.283372 0.074869 0.055883
0 0.964101 0.112537 0.071799 0.070426
0 0.750105 0.167830 0.073204 0.055248
0 0.912611 0.045855 0.069460 0.047637
0 0.453498 0.432972 0.063311 0.043415
0 0.902178 0.237588 0.057550 0.044088
0 0.398230 0.536764 0.122825 0.087871
0 0.093741 0.368614 0.087554 0.066972
0 0.782075 0.047434 0.059844 0.046330
0 0.642708 0.164436 0.102210 0.074243
0 0.025838 0.356487 0.051675 0.058459
0 0.904077 0.932433 0.055532 0.043630
0 0.592623 0.073242 0.076228 0.048496
0 0.023378 0.717713 0.046276 0.042085
0 0.453721 0.618054 0.059123 0.039697
0 0.574478 0.716586 0.109043 0.071760
0 0.331256 0.741840 0.045765 0.034145
0 0.974758 0.042528 0.050484 0.075253
0 0.336952 0.233909 0.070351 0.048870
0 0.809837 0.881722 0.106068 0.082137
0 0.524890 0.271929 0.056234 0.043445
0 0.796316 0.133133 0.068257 0.050451
0 0.732159 0.971557 0.143860 0.056886
0 0.862330 0.912657 0.047625 0.036363
0 0.848610 0.040228 0.065599 0.050781
0 0.779002 0.625232 0.088985 0.066988
0 0.782924 0.247983 0.096195 0.066594
0 0.641638 0.524180 0.056131 0.040040
0 0.950950 0.983197 0.051575 0.033606
0 0.920522 0.338622 0.109278 0.084034
0 0.547828 0.762410 0.049238 0.034797
0 0.519690 0.090078 0.070453 0.050379
0 0.009916 0.804548 0.019833 0.045988
0 0.312318 0.876878 0.052620 0.039292
0 0.234900 0.963929 0.103805 0.071519
0 0.095460 0.983484 0.068147 0.033032
0 0.690876 0.541201 0.055693 0.036620
0 0.821093 0.187637 0.070140 0.054251
0 0.178944 0.146106 0.150670 0.105342
0 0.273834 0.508169 0.043815 0.032505
0 0.124138 0.772613 0.061397 0.040029
0 0.241555 0.261886 0.100861 0.075201
0 0.029836 0.294869 0.059466 0.055854
0 0.954198 0.230169 0.053270 0.037097
0 0.900158 0.673038 0.061245 0.037196
0 0.960688 0.744692 0.045854 0.032574
0 0.957864 0.923268 0.077071 0.061219
0 0.513150 0.628463 0.061165 0.040120
0 0.515161 0.784258 0.045439 0.032215
0 0.872364 0.836006 0.090368 0.066804
0 0.048318 0.119731 0.096636 0.092050
0 0.203511 0.796416 0.102950 0.076826
0 0.144068 0.862437 0.061053 0.045141
0 0.269851 0.300579 0.066888 0.047929
0 0.945054 0.921320 0.098618 0.071251
0 0.676601 0.033274 0.078487 0.059098
0 0.603375 0.036049 0.056325 0.039432
0 0.476009 0.234012 0.057813 0.041246
0 0.545923 0.851784 0.059935 0.043055
0 0.792147 0.321169 0.110247 0.079489
0 0.401177 0.484301 0.106020 0.075745
0 0.737478 0.014092 0.044012 0.027581
0 0.741140 0.513984 0.071634 0.052677
0 0.366258 0.695293 0.065811 0.046589
0 0.303879 0.505001 0.108661 0.077275
0 0.135125 0.929025 0.063087 0.042724
0 0.174486 0.887661 0.060137 0.044766
0 0.144040 0.070689 0.127916 0.093907
0 0.549085 0.410983 0.069804 0.049143
0 0.382710 0.426144 0.073070 0.052610
0 0.316155 0.674342 0.042956 0.031247
0 0.303036 0.475153 0.053102 0.036894
0 0.258078 0.473675 0.038634 0.029148
0 0.793009 0.771658 0.059875 0.045534
0 0.444219 0.964498 0.331536 0.071004
0 0.706988 0.749527 0.059435 0.041095
0 0.694802 0.208189 0.101654 0.068342
0 0.016328 0.756449 0.032574 0.032205
0 0.585837 0.232965 0.066101 0.044018
0 0.979088 0.432699 0.041823 0.051466
0 0.978854 0.559488 0.042140 0.063557
0 0.821516 0.436107 0.047693 0.034657
0 0.423163 0.206233 0.053148 0.039099
0 0.186278 0.226979 0.083591 0.063255
0 0.279634 0.507850 0.055259 0.039325
0 0.803130 0.084977 0.056838 0.040752
0 0.255046 0.066592 0.079202 0.050294
0 0.369507 0.902821 0.082495 0.064624
0 0.598309 0.246009 0.090861 0.066319
0 0.665326 0.777770 0.052364 0.036519
0 0.164566 0.886786 0.076076 0.051027
0 0.330649 0.933894 0.033713 0.024174
0 0.553543 0.850538 0.077824 0.051769
0 0.167378 0.345105 0.055984 0.047668
0 0.910104 0.872709 0.082780 0.064214
0 0.307545 0.273405 0.040928 0.031440
0 0.326939 0.315300 0.083192 0.049863
0 0.091920 0.541609 0.055484 0.041364
0 0.381794 0.965269 0.179253 0.068641
0 0.798214 0.702063 0.037375 0.027307
0 0.902105 0.992152 0.042212 0.015695
0 0.916371 0.927681 0.075282 0.060620
0 0.236637 0.456870 0.052898 0.039288
0 0.017000 0.921253 0.032755 0.037720
0 0.233784 0.987645 0.057700 0.024642
0 0.634985 0.877998 0.050268 0.039038
0 0.816179 0.085805 0.083433 0.051063
0 0.563187 0.171110 0.067287 0.050175
0 0.764417 0.281225 0.131053 0.085842
0 0.750972 0.285360 0.109958 0.071930
0 0.509992 0.348751 0.047516 0.036147
0 0.708064 0.215704 0.089243 0.064071
0 0.769670 0.293781 0.141655 0.089516
0 0.492658 0.302236 0.049937 0.033691
0 0.898852 0.868200 0.081651 0.057358
0 0.251359 0.756143 0.044472 0.030401
0 0.116261 0.461862 0.050827 0.039532
0 0.616656 0.262993 0.059737 0.037567
0 0.318517 0.509813 0.065972 0.045838
0 0.391018 0.283597 0.055708 0.041889
0 0.739362 0.291766 0.080209 0.057553
0 0.280647 0.666672 0.036516 0.028807
0 0.166983 0.514062 0.041562 0.029535
0 0.736721 0.979330 0.145467 0.041340
0 0.980038 0.990692 0.039924 0.018616
0 0.434102 0.575098 0.066804 0.045235
0 0.449814 0.668716 0.061598 0.041189
0 0.481506 0.669604 0.118287 0.076876
0 0.040114 0.237448 0.041542 0.033430
0 0.925741 0.375162 0.050291 0.034211
0 0.720753 0.976818 0.108315 0.046364
0 0.418869 0.033686 0.074714 0.053338
0 0.260812 0.057501 0.096838 0.068803
0 0.732324 0.781177 0.068303 0.044715
0 0.260079 0.964809 0.052787 0.039874
0 0.878256 0.844787 0.091998 0.068620
0 0.809234 0.891002 0.090292 0.071363
0 0.795729 0.764383 0.051335 0.039254
0 0.639371 0.486451 0.043361 0.028857
0 0.207378 0.787793 0.085887 0.052589
0 0.623716 0.836244 0.051160 0.033242
0 0.442753 0.927560 0.033776 0.025704
0 0.381399 0.782680 0.044763 0.031728
0 0.384294 0.434873 0.080851 0.055825
0 0.497492 0.038877 0.088349 0.060637
0 0.597320 0.735333 0.054994 0.037901
0 0.488807 0.664559 0.125126 0.098653
0 0.363939 0.588951 0.049416 0.034040