0 0.268671 0.841584 0.328877 0.314202
0 0.745896 0.283195 0.040103 0.038990
0 0.026530 0.656619 0.046306 0.044694
0 0.766974 0.811241 0.049136 0.045285
0 0.426240 0.106837 0.031402 0.030751
0 0.948667 0.141157 0.044890 0.043410
0 0.432685 0.661001 0.035070 0.033969
0 0.945661 0.473491 0.054218 0.050790
0 0.218566 0.057097 0.028307 0.027582
0 0.613200 0.017004 0.046571 0.034007
0 0.322877 0.708016 0.041616 0.039476
0 0.404790 0.069868 0.029194 0.026635
0 0.764677 0.317285 0.039414 0.037646
0 0.094879 0.671721 0.027655 0.027320
0 0.744420 0.124834 0.034543 0.032606
0 0.719729 0.863171 0.047984 0.041689
0 0.396919 0.011882 0.026552 0.023350
0 0.876866 0.234075 0.033789 0.033359
0 0.697568 0.496674 0.027376 0.026782
0 0.340881 0.215040 0.064023 0.062218
0 0.370943 0.695972 0.024802 0.024352
0 0.256849 0.179379 0.033077 0.032876
0 0.960705 0.061044 0.078590 0.121784
0 0.844834 0.192542 0.092700 0.083217
0 0.956879 0.235948 0.085750 0.107478
0 0.530105 0.012902 0.029533 0.024876
0 0.009788 0.836676 0.019576 0.028960
0 0.181416 0.421159 0.034675 0.033919
0 0.987606 0.738099 0.024789 0.071178
0 0.064746 0.763215 0.129492 0.146255
0 0.350583 0.039905 0.026535 0.025460
0 0.509238 0.747113 0.029565 0.028760
0 0.633032 0.033161 0.027203 0.026784
0 0.224100 0.217270 0.032136 0.032287
0 0.647462 0.158026 0.024890 0.024578