0 0.893780 0.635881 0.064898 0.061084
0 0.219729 0.894929 0.043179 0.041188
0 0.952731 0.156588 0.041032 0.035924
0 0.310355 0.450793 0.033137 0.031489
0 0.906713 0.165932 0.037487 0.032615
0 0.524495 0.387442 0.041970 0.037415
0 0.877133 0.600728 0.039163 0.035555
0 0.907915 0.965337 0.058512 0.052629
0 0.926219 0.110242 0.035647 0.032129
0 0.096741 0.827676 0.033570 0.032413
0 0.258603 0.255899 0.041918 0.034980
0 0.194114 0.761401 0.030727 0.029293
0 0.913599 0.362095 0.031851 0.029558
0 0.577598 0.115163 0.045096 0.039353
0 0.888828 0.243322 0.031539 0.030150
0 0.504009 0.607580 0.037859 0.035795
0 0.775375 0.181036 0.031022 0.028081
0 0.517277 0.693253 0.030600 0.029455
0 0.417170 0.590193 0.029569 0.027805
0 0.081148 0.959796 0.096849 0.079734
0 0.142040 0.021656 0.033672 0.029923
0 0.420610 0.009622 0.044753 0.019245
0 0.083400 0.010789 0.032239 0.021510
0 0.455499 0.766492 0.021144 0.020919
0 0.778723 0.689372 0.035278 0.032051
0 0.140550 0.820560 0.026433 0.025539
0 0.870220 0.673128 0.029176 0.027070
0 0.752441 0.593471 0.028115 0.026302
0 0.761704 0.916853 0.025386 0.024802
0 0.958082 0.446974 0.027730 0.025428
0 0.286717 0.208115 0.029513 0.027243
0 0.073945 0.950941 0.113259 0.098118
0 0.194604 0.531479 0.029494 0.027310
0 0.121798 0.783316 0.025392 0.024703
0 0.063630 0.489786 0.029406 0.027203
0 0.042734 0.052555 0.032439 0.029786
0 0.169058 0.334819 0.338116 0.354838
0 0.818264 0.068154 0.029812 0.025939
0 0.901159 0.491216 0.027275 0.024882
0 0.780043 0.035565 0.179191 0.070511
0 0.403621 0.800767 0.019008 0.019027