0 0.902617 0.348125 0.073149 0.053762
0 0.119410 0.979416 0.058332 0.040881
0 0.118956 0.882655 0.058305 0.046417
0 0.363568 0.879959 0.049677 0.039648
0 0.433960 0.650514 0.041393 0.033975
0 0.614346 0.279315 0.040507 0.031843
0 0.065491 0.830605 0.040935 0.032399
0 0.828257 0.693640 0.053841 0.040376
0 0.350417 0.229490 0.051081 0.040105
0 0.815895 0.324177 0.039475 0.031582
0 0.937672 0.765134 0.041975 0.031799
0 0.210648 0.943835 0.079005 0.061609
0 0.091407 0.264742 0.035084 0.030241
0 0.401655 0.250347 0.253190 0.207937
0 0.400915 0.559239 0.032841 0.026591
0 0.981194 0.904637 0.037611 0.039498
0 0.202775 0.410269 0.280953 0.238195
0 0.626044 0.977102 0.044033 0.034945
0 0.829183 0.868804 0.050164 0.037948
0 0.411996 0.943559 0.040798 0.031665
0 0.725538 0.979731 0.042257 0.034558
0 0.412998 0.910914 0.041996 0.032082
0 0.295827 0.979573 0.056864 0.039601
0 0.228525 0.461082 0.271346 0.212131
0 0.200734 0.239738 0.122114 0.101100
0 0.102771 0.839352 0.036851 0.028009
0 0.703188 0.037996 0.036618 0.029616
0 0.667997 0.987351 0.056191 0.025253
0 0.268368 0.454161 0.033263 0.026406
0 0.067185 0.704698 0.034282 0.025522
0 0.267222 0.699858 0.036501 0.026600
0 0.783998 0.413292 0.039913 0.031179
0 0.596057 0.778596 0.035346 0.028265
0 0.288666 0.977224 0.067470 0.045553
0 0.395831 0.325417 0.052323 0.044074
0 0.263920 0.952164 0.042232 0.031932
0 0.692786 0.012826 0.062733 0.025443
0 0.526414 0.108936 0.053348 0.044587
0 0.174154 0.910226 0.041521 0.031711
0 0.080606 0.897100 0.037818 0.029143
0 0.589096 0.823239 0.033288 0.026759
0 0.081971 0.271314 0.123314 0.101214
0 0.653039 0.950389 0.036721 0.027948
0 0.370279 0.370212 0.105248 0.081668
0 0.431068 0.286252 0.187129 0.152362
0 0.661979 0.836949 0.035085 0.028333
0 0.540915 0.165507 0.111476 0.086233
0 0.279369 0.972741 0.076732 0.051817
0 0.264710 0.957035 0.047356 0.038051
0 0.426219 0.069900 0.483117 0.137850
0 0.507913 0.895534 0.033888 0.025267
0 0.395837 0.977216 0.038043 0.034317
0 0.957718 0.220822 0.033774 0.027007
0 0.245870 0.428142 0.030407 0.024518
0 0.539104 0.314021 0.036550 0.028901
0 0.769534 0.593213 0.033267 0.026415