0 0.807783 0.544287 0.217118 0.219152
0 0.320173 0.318901 0.316038 0.296008
0 0.030280 0.922924 0.060560 0.083831
0 0.665955 0.849449 0.057696 0.054648
0 0.628589 0.729160 0.036916 0.036269
0 0.677472 0.951104 0.044154 0.044423
0 0.632544 0.627421 0.041744 0.041414
0 0.922180 0.813538 0.155640 0.293204
0 0.643244 0.693691 0.032199 0.032163
0 0.490695 0.666297 0.025255 0.024154
0 0.563462 0.876749 0.024745 0.024382
0 0.638296 0.598617 0.036621 0.033985
0 0.160376 0.759919 0.024870 0.024922
0 0.732929 0.985252 0.061637 0.029497