0 0.865641 0.484981 0.062128 0.051524
0 0.056450 0.682381 0.049482 0.042500
0 0.874390 0.648651 0.049453 0.042124
0 0.905800 0.818807 0.040536 0.032193
0 0.945449 0.447039 0.062543 0.049204
0 0.073971 0.428082 0.044748 0.038014
0 0.697871 0.102490 0.264877 0.201764
0 0.905054 0.167579 0.187372 0.239508
0 0.805088 0.534672 0.065188 0.058071
0 0.920964 0.287404 0.075617 0.065527
0 0.885898 0.537654 0.073204 0.059341
0 0.811977 0.258221 0.078856 0.064486
0 0.256662 0.647721 0.039506 0.032007
0 0.859614 0.863223 0.033488 0.027207
0 0.676942 0.281600 0.209038 0.180834
0 0.974002 0.311777 0.051700 0.062215
0 0.496841 0.796707 0.032573 0.027557
0 0.767846 0.734378 0.029249 0.025026
0 0.547571 0.289653 0.064061 0.053655
0 0.088276 0.257933 0.031292 0.025092
0 0.346197 0.208303 0.042657 0.033007
0 0.742532 0.476167 0.030821 0.026642
0 0.679766 0.362802 0.041528 0.035685
0 0.812607 0.615518 0.046887 0.039592
0 0.833749 0.662041 0.029640 0.025882
0 0.319801 0.393410 0.073754 0.063839
0 0.935272 0.613583 0.029795 0.024599
0 0.477764 0.914617 0.039555 0.032412
0 0.789334 0.973473 0.171622 0.053054
0 0.682803 0.554757 0.047068 0.039763
0 0.865224 0.051450 0.057507 0.049242
0 0.145646 0.627848 0.028416 0.024716
0 0.833399 0.750709 0.326866 0.486999
0 0.964520 0.422393 0.026352 0.024162
0 0.281983 0.155058 0.153190 0.131633