0 0.743771 0.285494 0.156824 0.132395
0 0.715386 0.089683 0.055818 0.051018
0 0.143158 0.481374 0.038275 0.035163
0 0.937353 0.173973 0.031694 0.030041
0 0.343317 0.115077 0.029708 0.028532
0 0.706186 0.625577 0.037119 0.032207
0 0.802349 0.206050 0.037081 0.033863
0 0.210143 0.419115 0.031330 0.025738
0 0.677243 0.532560 0.059780 0.049452
0 0.412585 0.186669 0.030350 0.028709
0 0.857268 0.235334 0.096662 0.081486
0 0.505339 0.927787 0.030009 0.027847
0 0.685115 0.758461 0.047505 0.037254
0 0.048964 0.630496 0.036563 0.033150
0 0.264710 0.538033 0.024088 0.023249
0 0.890018 0.385544 0.101987 0.080970