0 0.110715 0.398953 0.044391 0.031769
0 0.451945 0.112061 0.072156 0.051437
0 0.442763 0.867309 0.041921 0.029788
0 0.474593 0.910096 0.034365 0.028156
0 0.551700 0.075164 0.043513 0.033334
0 0.467648 0.936565 0.027698 0.021348
0 0.101734 0.984702 0.048025 0.030179
0 0.731974 0.613489 0.033037 0.024569
0 0.506225 0.970053 0.032012 0.024288
0 0.947337 0.113476 0.027465 0.023298
0 0.614182 0.270660 0.028201 0.023826
0 0.416580 0.014477 0.088688 0.028819
0 0.556750 0.011359 0.033474 0.022719
0 0.178347 0.986810 0.052722 0.026380
0 0.232145 0.903520 0.053037 0.038653
0 0.189446 0.990527 0.030522 0.018386
0 0.591437 0.470046 0.088102 0.062014
0 0.935712 0.987264 0.036374 0.025248
0 0.952794 0.138031 0.040224 0.028821
0 0.169786 0.988795 0.034524 0.022230
0 0.868753 0.045634 0.044322 0.036270
0 0.184539 0.232997 0.033189 0.024048