0 0.875350 0.492633 0.138880 0.123505
0 0.310301 0.033078 0.049081 0.044741
0 0.293734 0.103530 0.037052 0.034343
0 0.398107 0.238742 0.037705 0.035317
0 0.291716 0.289728 0.036288 0.034053
0 0.576554 0.406951 0.039438 0.033550
0 0.107678 0.194655 0.072295 0.067982
0 0.181320 0.713210 0.103587 0.095279
0 0.699179 0.121961 0.050085 0.044772
0 0.930311 0.562362 0.044074 0.037023
0 0.450001 0.861242 0.055867 0.049521
0 0.855499 0.388563 0.045837 0.040064
0 0.439115 0.461220 0.034032 0.031670
0 0.076549 0.817065 0.065067 0.063623
0 0.205747 0.089347 0.035138 0.034009
0 0.079281 0.454255 0.032851 0.029927
0 0.571565 0.016577 0.053094 0.032782
0 0.460279 0.961156 0.068959 0.061752
0 0.062682 0.494497 0.033171 0.031157
0 0.187258 0.109950 0.028635 0.028601
0 0.932893 0.651689 0.067856 0.057169
0 0.798980 0.925383 0.043989 0.035594
0 0.859809 0.548395 0.045187 0.039194
0 0.356547 0.516491 0.058114 0.055076
0 0.538258 0.491645 0.033451 0.030147
0 0.643699 0.012111 0.054260 0.023617
0 0.134848 0.963731 0.034782 0.029610
0 0.041351 0.048470 0.082703 0.090190
0 0.364422 0.673231 0.029198 0.028179
0 0.483270 0.684446 0.057993 0.049514
0 0.859609 0.914963 0.037409 0.032414
0 0.875455 0.295471 0.060816 0.056340
0 0.544772 0.458288 0.029918 0.028480
0 0.938651 0.408653 0.045052 0.037749
0 0.729291 0.921487 0.072273 0.063777
0 0.576517 0.079565 0.069805 0.061798
0 0.007833 0.647210 0.015622 0.046771
0 0.791447 0.534041 0.050725 0.043793
0 0.009196 0.273887 0.018391 0.027318
0 0.326515 0.656003 0.026258 0.024859
0 0.129463 0.750543 0.064950 0.061284
0 0.076920 0.891607 0.145082 0.128997
0 0.942998 0.030893 0.034520 0.033150
0 0.179011 0.518756 0.042259 0.039841
0 0.716244 0.252897 0.069055 0.061026
0 0.650150 0.243015 0.071238 0.061081
0 0.347856 0.964622 0.064374 0.058097
0 0.774990 0.406175 0.147737 0.123249
0 0.692408 0.159973 0.036370 0.032051
0 0.114556 0.086429 0.101464 0.095818
0 0.255593 0.214096 0.031174 0.030089
0 0.229806 0.873256 0.040569 0.036860
0 0.531839 0.859840 0.044282 0.037349
0 0.202964 0.762252 0.074255 0.066497
0 0.659634 0.526903 0.058358 0.050270
0 0.951668 0.827812 0.060389 0.053034
0 0.314706 0.311320 0.023596 0.022686
0 0.503289 0.305096 0.031581 0.032485
0 0.778069 0.326146 0.114038 0.097545
0 0.078616 0.919414 0.155912 0.153383
0 0.035395 0.236098 0.038215 0.036206
0 0.959868 0.562413 0.079121 0.087949
0 0.784858 0.387352 0.182011 0.158297
0 0.601708 0.903453 0.064653 0.058042
0 0.601965 0.775931 0.056563 0.049899
0 0.724938 0.530333 0.055622 0.048118