0 0.977192 0.194796 0.042761 0.040537
0 0.033129 0.461051 0.049839 0.047242
0 0.016016 0.519853 0.032033 0.035664
0 0.563793 0.287515 0.044086 0.042665
0 0.577569 0.251760 0.101658 0.099010
0 0.048555 0.605444 0.034761 0.032882
0 0.883589 0.705104 0.031557 0.030409
0 0.075734 0.248391 0.027895 0.027100
0 0.456416 0.462163 0.068541 0.065400
0 0.149872 0.256948 0.053251 0.050122
0 0.298516 0.006116 0.032270 0.012232
0 0.047520 0.567102 0.028749 0.028111
0 0.485415 0.234462 0.059993 0.056698
0 0.942251 0.675478 0.025980 0.025235
0 0.379472 0.742750 0.028634 0.027262
0 0.459565 0.316562 0.097045 0.093328
0 0.244556 0.041871 0.024701 0.022979
0 0.238327 0.798533 0.035485 0.034096
0 0.522222 0.202678 0.041231 0.039023
0 0.056536 0.984342 0.026088 0.024508
0 0.042765 0.239824 0.046427 0.040381
0 0.585139 0.677190 0.102080 0.098582