0 0.087125 0.642060 0.174250 0.174606
0 0.294064 0.369607 0.118253 0.113636
0 0.356212 0.287847 0.091224 0.088189
0 0.608168 0.403506 0.215994 0.202563
0 0.334002 0.882210 0.086009 0.082412
0 0.130188 0.430927 0.081433 0.079285
0 0.260284 0.228745 0.065389 0.063250
0 0.748937 0.484508 0.051544 0.051335
0 0.183492 0.428923 0.040812 0.039859
0 0.491973 0.300540 0.043475 0.041800
0 0.700396 0.806228 0.108501 0.104386
0 0.863623 0.655115 0.048014 0.047622
0 0.572714 0.129975 0.032619 0.031909
0 0.242110 0.924829 0.028913 0.027872
0 0.052426 0.206768 0.103394 0.176367
0 0.243343 0.130434 0.033244 0.031978
0 0.982332 0.432743 0.035335 0.035616
0 0.472833 0.453081 0.036540 0.034810
0 0.367591 0.354377 0.035994 0.035072
0 0.812514 0.417894 0.029174 0.028461
0 0.741631 0.938724 0.039311 0.038359
0 0.795528 0.598968 0.032858 0.031175
0 0.897702 0.281261 0.033126 0.032837
0 0.897586 0.652924 0.025323 0.024671
0 0.953635 0.362807 0.092731 0.142079
0 0.015819 0.069185 0.030830 0.029212
0 0.106237 0.032167 0.035586 0.034042
0 0.882140 0.914932 0.092387 0.089445
0 0.098063 0.142225 0.046762 0.043270
0 0.053907 0.518102 0.107382 0.216986
0 0.698780 0.213923 0.033940 0.033355
0 0.761795 0.414244 0.080107 0.080027
0 0.271788 0.942354 0.025386 0.024361
0 0.388663 0.837180 0.025822 0.025016
0 0.242433 0.030625 0.029438 0.028282
0 0.226045 0.296704 0.029364 0.029447
0 0.480106 0.238288 0.093195 0.088179
0 0.860526 0.917572 0.026714 0.026102
0 0.958074 0.915789 0.036659 0.036343
0 0.873376 0.697616 0.072278 0.070093
0 0.659835 0.750074 0.056359 0.049918
0 0.982921 0.952381 0.034158 0.067654
0 0.156197 0.030517 0.150959 0.060724
0 0.243472 0.188016 0.030712 0.028832
0 0.800861 0.254039 0.038894 0.038151
0 0.666115 0.946218 0.340825 0.107564
0 0.949816 0.164531 0.056000 0.056621
0 0.666441 0.749860 0.041366 0.039734
0 0.839671 0.408166 0.033619 0.032730
0 0.858258 0.375125 0.050798 0.048524
0 0.585435 0.249384 0.031692 0.031177
0 0.149341 0.156300 0.030169 0.030045
0 0.686349 0.588481 0.025132 0.024591
0 0.586451 0.926835 0.115076 0.101086
0 0.479086 0.227880 0.075768 0.072095
0 0.300051 0.097606 0.038545 0.035753