0 0.374350 0.298893 0.074827 0.061669
0 0.092423 0.088924 0.184846 0.147191
0 0.060633 0.862616 0.045570 0.036347
0 0.409018 0.554289 0.052506 0.039553
0 0.423228 0.270914 0.046914 0.035583
0 0.731831 0.725975 0.141088 0.113338
0 0.897591 0.518326 0.047808 0.036857
0 0.358963 0.423896 0.040577 0.031619
0 0.826714 0.820213 0.032492 0.025246
0 0.823934 0.148292 0.061252 0.045532
0 0.830081 0.573511 0.033847 0.025860
0 0.769605 0.550141 0.090885 0.067037
0 0.503112 0.880540 0.037652 0.029392
0 0.818308 0.498588 0.035690 0.028114
0 0.379856 0.009790 0.050846 0.019581
0 0.486182 0.430215 0.042922 0.034106
0 0.689884 0.041142 0.146183 0.080878
0 0.393673 0.130851 0.070993 0.049604
0 0.659288 0.639053 0.032437 0.026266
0 0.428296 0.367647 0.032357 0.024791
0 0.443582 0.439013 0.034316 0.026462
0 0.385679 0.385785 0.032646 0.028149
0 0.540555 0.189470 0.037617 0.029094
0 0.936223 0.456301 0.126554 0.139137
0 0.016378 0.306204 0.032756 0.034000
0 0.695702 0.458061 0.043559 0.034188
0 0.226037 0.011847 0.058801 0.023372
0 0.804402 0.294776 0.033325 0.026895
0 0.461181 0.540624 0.043649 0.032428
0 0.117016 0.600533 0.066939 0.045694
0 0.707824 0.112703 0.045603 0.037534
0 0.046625 0.418555 0.047851 0.037057
0 0.108832 0.198562 0.138089 0.106423
0 0.017740 0.454888 0.028378 0.021373
0 0.983496 0.598360 0.033009 0.067234
0 0.893988 0.411021 0.030074 0.025419
0 0.076827 0.468382 0.030125 0.023566
0 0.993146 0.305545 0.013709 0.039035
0 0.077613 0.335701 0.039241 0.029870