0 0.602389 0.316409 0.136693 0.131111
0 0.787587 0.650150 0.077701 0.076222
0 0.657769 0.592671 0.097719 0.094567
0 0.092881 0.934996 0.047872 0.047179
0 0.623514 0.534330 0.056562 0.052503
0 0.859445 0.158977 0.080822 0.077774
0 0.124186 0.894902 0.051021 0.051138
0 0.958820 0.350618 0.082360 0.103517
0 0.352215 0.090885 0.220739 0.181770
0 0.407664 0.948882 0.054295 0.050858
0 0.774945 0.421849 0.031335 0.029532
0 0.286180 0.425866 0.046967 0.044683
0 0.885773 0.757869 0.036348 0.035304
0 0.538708 0.194170 0.037343 0.035510
0 0.233268 0.227550 0.216959 0.214137
0 0.477088 0.262412 0.044956 0.042642
0 0.438725 0.499274 0.049012 0.046877
0 0.728344 0.778541 0.050064 0.047930
0 0.626721 0.078267 0.038408 0.036870
0 0.664545 0.034683 0.131461 0.069023
0 0.056069 0.833202 0.043695 0.042439
0 0.591323 0.694843 0.195809 0.182739
0 0.462950 0.759297 0.042058 0.038170
0 0.395916 0.233093 0.104608 0.099285
0 0.520809 0.688795 0.037545 0.036989
0 0.838527 0.214130 0.032432 0.032068
0 0.466973 0.309203 0.041632 0.038764
0 0.263042 0.383167 0.049338 0.048123
0 0.254767 0.895547 0.057407 0.054755
0 0.777302 0.010710 0.044364 0.021103
0 0.981728 0.009316 0.033434 0.018240
0 0.958872 0.225738 0.051171 0.049052
0 0.348399 0.193256 0.030594 0.030732
0 0.455768 0.722102 0.031404 0.031100
0 0.678031 0.171624 0.030905 0.030247
0 0.539677 0.234848 0.093242 0.086258
0 0.346896 0.249160 0.032869 0.031537
0 0.552091 0.780927 0.041238 0.038922
0 0.664298 0.707629 0.077309 0.074152
0 0.900708 0.291681 0.042570 0.040257
0 0.976397 0.122451 0.035717 0.035553
0 0.213547 0.540226 0.027434 0.026266
0 0.559145 0.033289 0.045544 0.043845
0 0.832848 0.005676 0.038782 0.011351
0 0.666056 0.950780 0.027700 0.026089
0 0.430072 0.729744 0.629386 0.517533
0 0.957515 0.634515 0.035228 0.032340
0 0.932650 0.536227 0.134096 0.262789
0 0.387969 0.698218 0.482877 0.457155
0 0.690161 0.788650 0.047933 0.047752
0 0.124149 0.127791 0.209042 0.234905
0 0.489810 0.367457 0.047047 0.042267
0 0.494067 0.715806 0.035333 0.035350
0 0.905996 0.295537 0.053008 0.050069
0 0.548532 0.234718 0.077301 0.070032
0 0.133573 0.091178 0.181761 0.165869
0 0.748495 0.548736 0.187572 0.170045
0 0.061340 0.713821 0.122681 0.257824
0 0.621931 0.121883 0.029620 0.029009
0 0.542261 0.509907 0.033341 0.032196
0 0.594959 0.793851 0.038237 0.036876
0 0.434042 0.025153 0.026229 0.026390
0 0.941853 0.062509 0.114258 0.117323
0 0.033288 0.384332 0.066577 0.079924