0 0.575818 0.107187 0.045044 0.043968
0 0.858060 0.062796 0.043775 0.043258
0 0.751176 0.277029 0.043805 0.042800
0 0.586399 0.563544 0.051449 0.050739
0 0.024212 0.924727 0.048423 0.051672
0 0.194989 0.561291 0.035436 0.034845
0 0.277670 0.031279 0.055120 0.055093
0 0.648338 0.491990 0.033776 0.033304
0 0.492113 0.937473 0.039295 0.039841
0 0.300121 0.797351 0.036065 0.035356
0 0.543444 0.886896 0.035491 0.035071
0 0.693565 0.307294 0.034466 0.034272
0 0.490043 0.081077 0.029976 0.029557
0 0.759351 0.035166 0.032238 0.030864
0 0.354025 0.653412 0.032446 0.031552
0 0.079947 0.216303 0.034137 0.032599
0 0.990838 0.894573 0.018324 0.051212
0 0.669685 0.699738 0.027883 0.026860
0 0.720680 0.232451 0.029600 0.030224
0 0.845340 0.840940 0.028102 0.027799
0 0.990685 0.527815 0.018630 0.049215
0 0.501662 0.581212 0.029079 0.029902
0 0.747078 0.827386 0.029589 0.026569
0 0.469455 0.924444 0.027223 0.026745
0 0.628238 0.968930 0.030203 0.029505
0 0.731435 0.047786 0.049366 0.049514
0 0.303974 0.014235 0.032909 0.028195
0 0.811026 0.686619 0.033258 0.031202
0 0.617898 0.601253 0.041517 0.040442
0 0.033048 0.573472 0.036537 0.035965
0 0.844216 0.693498 0.034890 0.035201
0 0.989555 0.277881 0.020890 0.028532
0 0.198788 0.723773 0.030014 0.029475
0 0.634549 0.076345 0.033278 0.032705
0 0.880657 0.912412 0.029911 0.027700
0 0.689647 0.913063 0.030939 0.029904
0 0.742978 0.393200 0.025554 0.026018
0 0.144802 0.578852 0.032850 0.032664
0 0.630225 0.638718 0.061154 0.060704
0 0.849420 0.614736 0.041566 0.040149
0 0.912192 0.682991 0.032702 0.032839
0 0.447531 0.252842 0.032524 0.034453
0 0.730654 0.053641 0.040405 0.041456
0 0.715927 0.533097 0.032543 0.032463