0 0.872579 0.519379 0.082290 0.082425
0 0.713160 0.598387 0.038789 0.037411
0 0.624304 0.021183 0.048378 0.042367
0 0.663462 0.068495 0.030883 0.031677
0 0.940326 0.517523 0.079821 0.081958
0 0.522597 0.926158 0.029770 0.029817
0 0.699268 0.655485 0.033308 0.033168
0 0.768842 0.384736 0.041206 0.041736
0 0.661776 0.632873 0.030985 0.029861
0 0.311470 0.471336 0.027146 0.027245
0 0.982944 0.534272 0.033465 0.078852
0 0.747789 0.155318 0.025940 0.026397
0 0.377990 0.599339 0.025626 0.025241
0 0.794650 0.869520 0.026029 0.025771
0 0.325471 0.439818 0.025518 0.026362
0 0.781691 0.528684 0.026105 0.025625
0 0.760443 0.675546 0.028469 0.027669
0 0.950542 0.008454 0.031254 0.016554
0 0.452803 0.433468 0.036636 0.036783
0 0.439713 0.447444 0.027211 0.027269
0 0.769480 0.105041 0.025902 0.026264
0 0.279120 0.649264 0.052218 0.051832
0 0.589601 0.809435 0.038956 0.037823
0 0.705351 0.264101 0.035815 0.035149
0 0.099412 0.480722 0.198824 0.617692
0 0.608758 0.133804 0.042624 0.041602
0 0.761932 0.060275 0.024488 0.024833
0 0.447149 0.442256 0.038544 0.037139
0 0.762646 0.261229 0.025421 0.026009