0 0.052105 0.612317 0.103296 0.090777
0 0.354038 0.679300 0.104406 0.087886
0 0.843816 0.083616 0.093969 0.086421
0 0.328703 0.631532 0.108555 0.093907
0 0.032719 0.948191 0.035519 0.032019
0 0.226719 0.732547 0.043203 0.035272
0 0.473567 0.467201 0.081594 0.073451
0 0.123688 0.904812 0.042667 0.036764
0 0.159356 0.764148 0.058594 0.049603
0 0.150040 0.921830 0.031226 0.029834
0 0.365076 0.681443 0.087380 0.075149
0 0.587818 0.479896 0.028209 0.025390
0 0.082300 0.810407 0.164601 0.321822
0 0.226134 0.398684 0.435410 0.569900
0 0.128298 0.933020 0.029061 0.028583
0 0.471018 0.626235 0.029930 0.027490
0 0.144694 0.077742 0.028022 0.025147
0 0.445845 0.775635 0.031995 0.030292