0 0.137742 0.235184 0.116064 0.115332
0 0.666124 0.883855 0.277802 0.232290
0 0.069246 0.755366 0.138492 0.157766
0 0.798699 0.563873 0.401316 0.424683
0 0.344973 0.452606 0.150714 0.148653
0 0.124386 0.049637 0.118413 0.099274
0 0.373861 0.644853 0.123863 0.120563
0 0.338838 0.089942 0.030812 0.030877
0 0.867148 0.945995 0.166792 0.107740
0 0.271076 0.239475 0.100838 0.098036
0 0.029449 0.536087 0.058899 0.081149
0 0.311737 0.574319 0.124747 0.118087
0 0.452149 0.972578 0.027634 0.026666
0 0.338738 0.832381 0.029556 0.028335
0 0.361219 0.128425 0.027500 0.027857
0 0.252725 0.656756 0.101475 0.094205
0 0.353768 0.806963 0.028895 0.028208
0 0.618814 0.010528 0.025944 0.021055
0 0.276984 0.374516 0.074546 0.067994
0 0.221536 0.940118 0.104941 0.102427
0 0.802379 0.133121 0.386300 0.264208
0 0.103655 0.349966 0.064122 0.062519
0 0.443601 0.014476 0.086274 0.028856
0 0.350501 0.710247 0.066720 0.062255
0 0.740360 0.170478 0.519280 0.321992
0 0.042101 0.123190 0.083067 0.242538
0 0.309557 0.531500 0.087954 0.075428
0 0.349940 0.699188 0.083343 0.086459
0 0.027560 0.230133 0.053617 0.056217
0 0.652284 0.276475 0.113848 0.102633
0 0.342073 0.114388 0.023678 0.023721
0 0.223907 0.152854 0.082714 0.079631