0 0.170723 0.158170 0.052658 0.052415
0 0.288956 0.359428 0.053176 0.050890
0 0.864275 0.560837 0.040216 0.041292
0 0.193046 0.663487 0.033609 0.033626
0 0.633627 0.898551 0.033784 0.032900
0 0.204771 0.938143 0.036310 0.035339
0 0.570098 0.019125 0.034457 0.034509
0 0.979359 0.912495 0.041282 0.051742
0 0.480608 0.137328 0.037474 0.036097
0 0.876281 0.198966 0.026597 0.025576
0 0.440263 0.558746 0.029567 0.028052
0 0.052820 0.372909 0.031209 0.031578
0 0.012576 0.696701 0.025151 0.030148
0 0.213118 0.913419 0.025365 0.025490
0 0.850451 0.078848 0.030019 0.029841
0 0.113909 0.610330 0.024298 0.024038
0 0.338800 0.082034 0.026148 0.025558
0 0.943376 0.008763 0.028566 0.017525
0 0.563898 0.046425 0.029614 0.030090
0 0.229467 0.649771 0.031166 0.029937
0 0.771627 0.648716 0.044429 0.043608
0 0.992771 0.433493 0.014371 0.029926
0 0.039832 0.918179 0.025297 0.025308
0 0.618237 0.389675 0.024939 0.025158
0 0.621358 0.416167 0.025088 0.023436
0 0.517993 0.448454 0.027368 0.026407
0 0.170081 0.743019 0.024520 0.025202