0 0.037776 0.399135 0.041366 0.040014
0 0.201224 0.686681 0.052360 0.050710
0 0.160062 0.031004 0.141858 0.062008
0 0.939837 0.508286 0.051397 0.049883
0 0.405377 0.971432 0.095009 0.057136
0 0.794212 0.968442 0.042551 0.039330
0 0.151360 0.683405 0.037504 0.035316
0 0.611508 0.288339 0.069638 0.069071
0 0.677718 0.367246 0.038721 0.037662
0 0.263889 0.156215 0.094701 0.093960
0 0.164264 0.071266 0.026972 0.026005
0 0.173469 0.293135 0.025285 0.024841
0 0.083309 0.273133 0.034115 0.031945
0 0.184358 0.720499 0.027111 0.026497
0 0.276512 0.765607 0.042553 0.041483
0 0.356866 0.840905 0.044563 0.043980
0 0.487242 0.443135 0.031319 0.030770
0 0.576298 0.964471 0.081548 0.071058
0 0.059280 0.185838 0.034633 0.033489
0 0.166910 0.990490 0.037425 0.019020
0 0.972802 0.420391 0.028238 0.028783
0 0.059628 0.979943 0.042334 0.037115
0 0.978609 0.028989 0.042783 0.057915
0 0.192698 0.620190 0.024018 0.023382
0 0.204904 0.740532 0.029476 0.028128
0 0.780741 0.072394 0.028345 0.027163
0 0.944546 0.132721 0.029034 0.028646
0 0.596774 0.356365 0.038272 0.037563
0 0.384828 0.160492 0.037960 0.036656
0 0.963258 0.059174 0.021938 0.021436
0 0.096116 0.980268 0.035800 0.034169
0 0.027429 0.173444 0.024328 0.023621
0 0.200572 0.279435 0.027350 0.027173
0 0.151395 0.446442 0.025880 0.024783
0 0.421176 0.519148 0.037622 0.036304
0 0.628724 0.120147 0.026853 0.025749
0 0.719178 0.722120 0.128703 0.125612
0 0.094136 0.305830 0.024440 0.023691
0 0.907525 0.421333 0.024607 0.023493
0 0.906346 0.610481 0.024364 0.023810
0 0.770697 0.168471 0.035925 0.035654
0 0.517839 0.768873 0.078168 0.075209
0 0.113781 0.505677 0.024141 0.023173
0 0.022238 0.323554 0.044284 0.060716
0 0.921271 0.979662 0.070461 0.040675