0 0.574858 0.466066 0.262773 0.246834
0 0.127645 0.108307 0.188573 0.175121
0 0.374409 0.289025 0.169283 0.162790
0 0.558701 0.456594 0.043470 0.039168
0 0.189250 0.592471 0.107894 0.100376
0 0.248281 0.642069 0.039507 0.035569
0 0.764348 0.842375 0.026890 0.026510
0 0.711090 0.583029 0.029806 0.029013
0 0.294416 0.561648 0.108488 0.095204
0 0.538131 0.711743 0.026356 0.025151
0 0.253965 0.401810 0.314650 0.265698
0 0.245790 0.980697 0.031905 0.031047
0 0.680708 0.844112 0.076555 0.071504
0 0.643640 0.723962 0.030261 0.027761
0 0.175168 0.213948 0.059666 0.053262
0 0.640354 0.716148 0.029489 0.028932
0 0.727971 0.958755 0.176486 0.082489
0 0.470087 0.055292 0.209971 0.110584
0 0.863425 0.468758 0.026203 0.024672
0 0.288989 0.039341 0.127817 0.078682