0 0.116955 0.784149 0.108204 0.090736
0 0.062994 0.055694 0.068452 0.060725
0 0.294146 0.804683 0.063803 0.048459
0 0.742456 0.596215 0.072414 0.058821
0 0.192066 0.939490 0.074281 0.056730
0 0.590968 0.857068 0.052677 0.046213
0 0.504463 0.201006 0.049137 0.038159
0 0.817627 0.577035 0.092114 0.075024
0 0.967122 0.318903 0.065242 0.069108
0 0.840088 0.509800 0.075537 0.062207
0 0.450511 0.311971 0.068830 0.056438
0 0.541366 0.780781 0.075566 0.061040
0 0.945229 0.229942 0.089033 0.068319
0 0.966562 0.669889 0.048546 0.041123
0 0.035555 0.506566 0.069273 0.057580
0 0.591652 0.673371 0.041809 0.033930
0 0.639859 0.364960 0.043570 0.036800
0 0.485261 0.855959 0.055951 0.043861
0 0.804817 0.451507 0.047351 0.037584
0 0.429082 0.930880 0.041468 0.033907
0 0.370614 0.985563 0.063542 0.028874
0 0.192704 0.104244 0.074128 0.064753
0 0.905132 0.864138 0.034481 0.029572
0 0.025212 0.364740 0.043167 0.035339
0 0.634070 0.602208 0.052521 0.043678
0 0.433653 0.361434 0.050668 0.042423
0 0.481343 0.420194 0.041503 0.031539
0 0.690658 0.336103 0.060658 0.046112
0 0.708224 0.684754 0.032993 0.029395
0 0.266734 0.719850 0.040074 0.032116
0 0.660192 0.037646 0.038188 0.030703
0 0.621647 0.632208 0.051286 0.044218
0 0.065174 0.250184 0.038387 0.033318
0 0.465933 0.278035 0.044815 0.036510
0 0.985811 0.779976 0.028379 0.043555
0 0.322825 0.669111 0.040759 0.033391
0 0.414610 0.288948 0.053504 0.043207
0 0.118284 0.865857 0.044709 0.036948
0 0.022179 0.749289 0.044358 0.053267
0 0.244396 0.297150 0.038673 0.032802
0 0.630691 0.744888 0.048168 0.038440
0 0.044809 0.342941 0.041093 0.033543
0 0.573974 0.950319 0.078327 0.058520
0 0.578996 0.905276 0.053729 0.040977
0 0.276832 0.303842 0.040479 0.034347
0 0.155986 0.159712 0.065669 0.051270
0 0.214668 0.140697 0.063271 0.049760
0 0.791626 0.309932 0.059744 0.048653
0 0.618710 0.487380 0.038970 0.033204
0 0.767692 0.689606 0.060833 0.047788
0 0.059360 0.462032 0.044090 0.035986
0 0.297109 0.695091 0.062010 0.048532
0 0.582101 0.946811 0.096204 0.070972
0 0.022592 0.265268 0.034140 0.031415
0 0.819600 0.394478 0.047215 0.037591
0 0.244001 0.082622 0.045791 0.037907
0 0.231689 0.908808 0.037210 0.031020
0 0.709363 0.983035 0.029581 0.026237
0 0.803953 0.359772 0.039774 0.032059
0 0.366412 0.949693 0.059587 0.046047
0 0.764725 0.982845 0.028860 0.025670
0 0.664629 0.402384 0.047254 0.038596
0 0.029965 0.320660 0.031827 0.029058
0 0.659998 0.431143 0.038976 0.030984
0 0.106859 0.356681 0.032456 0.027845
0 0.735405 0.223967 0.058659 0.041939
0 0.902049 0.119825 0.035097 0.027100
0 0.708474 0.487128 0.039225 0.032634
0 0.034152 0.899628 0.044786 0.032941
0 0.769503 0.684186 0.053768 0.040574
0 0.697702 0.796144 0.043940 0.035799
0 0.112560 0.078847 0.031045 0.028819
0 0.616618 0.986109 0.039997 0.026724
0 0.708054 0.245123 0.049134 0.039172
0 0.753756 0.062745 0.035892 0.028646
0 0.028226 0.480786 0.034390 0.031036
0 0.755953 0.207956 0.032767 0.024977
0 0.975988 0.981785 0.027815 0.023573
0 0.098999 0.406597 0.044173 0.035662
0 0.363215 0.820678 0.036644 0.028667
0 0.651270 0.543438 0.035646 0.030278
0 0.020952 0.450185 0.041904 0.041376
0 0.752823 0.827202 0.031584 0.025828
0 0.009975 0.871100 0.019799 0.069763
0 0.896143 0.165953 0.032161 0.027368
0 0.528052 0.389237 0.036464 0.029999
0 0.573342 0.748295 0.056251 0.047677
0 0.914251 0.955095 0.029085 0.024393
0 0.696336 0.262582 0.034973 0.026169
0 0.705147 0.793683 0.044438 0.035628
0 0.425375 0.124349 0.032725 0.028224
0 0.017519 0.931125 0.033664 0.025900
0 0.945611 0.385082 0.070365 0.060513
0 0.095033 0.400610 0.044367 0.036767
0 0.738468 0.501878 0.032888 0.027978
0 0.798808 0.314278 0.047899 0.036741
0 0.420327 0.863555 0.034644 0.026095
0 0.802562 0.425171 0.032498 0.029710
0 0.019667 0.293575 0.034207 0.029877
0 0.628929 0.572434 0.029927 0.026995
0 0.339584 0.846148 0.034110 0.027105
0 0.328677 0.495802 0.033192 0.028695
0 0.374364 0.933921 0.061700 0.045861
0 0.476393 0.355608 0.035539 0.031188
0 0.697094 0.408107 0.028635 0.025184
0 0.647440 0.297583 0.032841 0.028473