0 0.379315 0.142203 0.043781 0.042424
0 0.264226 0.113101 0.040106 0.038917
0 0.819953 0.857016 0.322645 0.285969
0 0.274126 0.667592 0.057101 0.055401
0 0.195565 0.211007 0.037816 0.036949
0 0.114389 0.600183 0.039139 0.036432
0 0.806886 0.505498 0.045659 0.042065
0 0.404916 0.821046 0.046290 0.044500
0 0.362859 0.242430 0.028870 0.028490
0 0.091420 0.285475 0.025764 0.025290
0 0.204916 0.529553 0.041597 0.040082
0 0.434227 0.706031 0.075438 0.072889
0 0.267581 0.800459 0.238157 0.232048
0 0.500924 0.535228 0.053326 0.050962
0 0.606141 0.803615 0.029110 0.028367
0 0.980824 0.116517 0.025719 0.025754
0 0.479177 0.755221 0.086055 0.082673
0 0.709040 0.393762 0.285651 0.272805
0 0.951180 0.520534 0.097641 0.096412
0 0.673151 0.043626 0.028080 0.027418
0 0.302565 0.893364 0.462671 0.211849
0 0.085449 0.075455 0.025030 0.024554
0 0.336377 0.914513 0.347256 0.169343
0 0.777404 0.165856 0.074367 0.073725
0 0.533259 0.935123 0.059344 0.057461
0 0.180999 0.314648 0.023466 0.022974
0 0.972395 0.050311 0.053569 0.099751
0 0.044957 0.900881 0.041264 0.040242
0 0.549445 0.983367 0.081067 0.033266
0 0.495476 0.453380 0.027544 0.026845
0 0.930144 0.142093 0.050017 0.050562
0 0.229188 0.268495 0.130985 0.125609
0 0.197895 0.560414 0.389368 0.422733
0 0.215508 0.028580 0.033387 0.032587
0 0.346375 0.668112 0.032802 0.031376
0 0.012993 0.748667 0.025904 0.085296
0 0.567872 0.768617 0.084934 0.081693
0 0.469205 0.283971 0.090892 0.089144
0 0.634450 0.981642 0.051469 0.036717
0 0.897650 0.051812 0.104860 0.101090
0 0.905333 0.194035 0.092338 0.089231