0 0.808004 0.721317 0.047704 0.042114
0 0.391773 0.319583 0.108451 0.101311
0 0.257510 0.731043 0.040901 0.037276
0 0.432884 0.235665 0.081715 0.074478
0 0.718414 0.383559 0.030785 0.028230
0 0.089813 0.351578 0.042756 0.036743
0 0.754106 0.521707 0.035663 0.032097
0 0.988696 0.740519 0.022427 0.042515
0 0.747756 0.954328 0.038292 0.032061
0 0.024835 0.357954 0.047241 0.040289
0 0.099670 0.506718 0.048057 0.043305
0 0.157406 0.474925 0.033581 0.030186
0 0.192336 0.375173 0.033459 0.030451
0 0.856537 0.360599 0.032158 0.029391
0 0.031141 0.462710 0.049941 0.045930
0 0.044348 0.291444 0.066709 0.061734
0 0.851567 0.455099 0.037891 0.034855
0 0.962758 0.049402 0.031525 0.029072
0 0.154585 0.576571 0.034550 0.029532
0 0.670619 0.916514 0.037462 0.031543
0 0.016971 0.015726 0.031353 0.028237
0 0.675098 0.613834 0.089132 0.078738
0 0.370309 0.690459 0.029529 0.026727
0 0.719600 0.137369 0.026920 0.025467
0 0.686352 0.786956 0.026839 0.023740
0 0.156881 0.192493 0.025640 0.023527
0 0.896904 0.948626 0.033638 0.027142
0 0.259511 0.363247 0.047495 0.043926
0 0.008351 0.495350 0.016398 0.069849
0 0.969773 0.270200 0.038781 0.038176
0 0.099070 0.975535 0.025441 0.023216
0 0.210368 0.679306 0.023983 0.022558
0 0.768902 0.489174 0.038925 0.036912
0 0.984439 0.847317 0.031109 0.072427
0 0.166055 0.527739 0.091187 0.079953
0 0.482895 0.961879 0.185276 0.076243
0 0.190847 0.591435 0.038530 0.035191