0 0.060925 0.518352 0.048276 0.038441
0 0.163076 0.244817 0.100720 0.083678
0 0.584355 0.423139 0.099298 0.088696
0 0.295153 0.494261 0.051087 0.040346
0 0.462789 0.754863 0.042227 0.036901
0 0.078395 0.969297 0.156791 0.061405
0 0.025074 0.193165 0.042123 0.034034
0 0.329927 0.459426 0.043352 0.036822
0 0.277964 0.137775 0.042428 0.035334
0 0.311640 0.535438 0.037316 0.031510
0 0.553836 0.514227 0.044379 0.036351
0 0.130080 0.066091 0.085800 0.071670
0 0.355486 0.374490 0.088138 0.074718
0 0.696313 0.267136 0.161508 0.128717
0 0.166060 0.303603 0.037478 0.033961
0 0.263284 0.408346 0.039450 0.032208
0 0.575455 0.149333 0.065249 0.049459
0 0.504325 0.164186 0.038827 0.032989
0 0.449754 0.472691 0.064089 0.051738
0 0.233253 0.795437 0.061570 0.051421
0 0.407861 0.220083 0.060250 0.051033
0 0.019665 0.072831 0.032487 0.029276
0 0.164528 0.810375 0.064835 0.054874
0 0.988289 0.050308 0.023217 0.034717
0 0.257767 0.647075 0.032392 0.028212
0 0.829925 0.861424 0.035813 0.031927
0 0.246537 0.150467 0.037199 0.030667
0 0.131047 0.521886 0.035716 0.030033
0 0.715427 0.086025 0.033046 0.028940
0 0.986673 0.740585 0.026649 0.038590
0 0.158632 0.415160 0.042934 0.034204
0 0.757439 0.106323 0.038921 0.032848
0 0.972210 0.890177 0.055580 0.219646
0 0.025652 0.384399 0.051304 0.106321
0 0.343991 0.258275 0.053500 0.043060
0 0.194568 0.418289 0.034069 0.028801
0 0.517623 0.116116 0.065167 0.052941
0 0.079368 0.035254 0.034138 0.029936
0 0.678183 0.499174 0.039981 0.036202
0 0.016197 0.150386 0.032297 0.030636
0 0.590283 0.212952 0.126303 0.097209