0 0.753934 0.093701 0.028087 0.027523
0 0.783941 0.183705 0.033191 0.033729
0 0.164357 0.736337 0.052304 0.050334
0 0.735907 0.747322 0.046996 0.044661
0 0.668463 0.506014 0.044238 0.041504
0 0.117391 0.365190 0.032154 0.031631
0 0.273661 0.250033 0.023634 0.023829
0 0.763049 0.339668 0.030484 0.029914
0 0.962166 0.029825 0.015451 0.016119
0 0.033167 0.779469 0.024056 0.023721
0 0.842137 0.294706 0.023084 0.022412
0 0.538617 0.323552 0.020100 0.019679
0 0.319722 0.156850 0.027211 0.026574
0 0.074318 0.202853 0.028051 0.027303
0 0.258753 0.214727 0.026040 0.025736
0 0.824128 0.200954 0.022224 0.022885
0 0.147485 0.226690 0.024329 0.023922
0 0.316637 0.083249 0.025152 0.024157
0 0.724170 0.810314 0.028248 0.027260
0 0.889481 0.988948 0.052646 0.022105
0 0.974444 0.337352 0.044302 0.043452
0 0.513956 0.881414 0.047185 0.045279
0 0.069443 0.825241 0.019138 0.019032
0 0.761752 0.246628 0.015701 0.015635
0 0.019832 0.485838 0.035636 0.033839
0 0.867933 0.133519 0.021372 0.021055
0 0.954721 0.178835 0.019391 0.019043
0 0.611576 0.176633 0.041609 0.040638
0 0.330110 0.041963 0.022826 0.023267
0 0.921480 0.580057 0.034027 0.031653
0 0.050754 0.931873 0.020762 0.021495
0 0.952712 0.049361 0.094577 0.098495
0 0.311314 0.523267 0.022658 0.022520
0 0.993334 0.197743 0.013332 0.017693
0 0.310515 0.350069 0.067008 0.065579
0 0.217728 0.114320 0.018760 0.018243
0 0.620033 0.314597 0.017377 0.017045
0 0.712435 0.058813 0.018340 0.018524
0 0.033442 0.932151 0.018974 0.019473
0 0.018879 0.522342 0.037672 0.047141
0 0.842320 0.258535 0.021786 0.020000