0 0.567925 0.334305 0.055816 0.055089
0 0.735146 0.435070 0.052217 0.050858
0 0.503255 0.687193 0.039049 0.038759
0 0.531238 0.075286 0.044149 0.041074
0 0.794508 0.095093 0.044851 0.042220
0 0.063087 0.242544 0.032633 0.033345
0 0.574627 0.396711 0.030920 0.030394
0 0.142183 0.510295 0.032813 0.032165
0 0.136027 0.023284 0.081353 0.046569
0 0.622223 0.225251 0.035366 0.033683
0 0.509039 0.242058 0.030572 0.029682
0 0.330949 0.452976 0.034848 0.035137
0 0.642613 0.080410 0.035913 0.034424
0 0.570126 0.611521 0.030289 0.029785
0 0.174854 0.086234 0.062601 0.058667
0 0.277079 0.692095 0.033421 0.033039
0 0.989141 0.013252 0.021466 0.025977
0 0.127912 0.242016 0.035872 0.034608
0 0.323546 0.784492 0.045486 0.042965
0 0.145436 0.368676 0.026338 0.026151
0 0.312107 0.750387 0.041786 0.040953
0 0.770253 0.487043 0.031955 0.030343
0 0.644368 0.704635 0.037573 0.036731
0 0.831448 0.684175 0.024717 0.024255
0 0.304150 0.714983 0.048873 0.045916
0 0.551069 0.051079 0.028988 0.027592
0 0.262309 0.428774 0.029696 0.029414
0 0.055588 0.015239 0.025515 0.025348
0 0.914498 0.544706 0.024250 0.024390
0 0.204300 0.157842 0.028016 0.026841
0 0.923199 0.658358 0.024451 0.025044
0 0.678705 0.689412 0.031494 0.030976
0 0.924266 0.985507 0.027151 0.025386
0 0.206279 0.784048 0.033541 0.032739
0 0.751540 0.593724 0.024860 0.024042
0 0.188510 0.045067 0.046558 0.046772
0 0.290329 0.614839 0.037859 0.036504
0 0.199936 0.524067 0.024595 0.024286
0 0.902402 0.991006 0.028954 0.017597
0 0.273929 0.456930 0.047780 0.045606
0 0.854596 0.672942 0.024724 0.024257
0 0.325036 0.617443 0.026340 0.026793
0 0.386643 0.941457 0.077457 0.077449