0 0.147371 0.942252 0.167533 0.115496
0 0.888182 0.927656 0.141760 0.124395
0 0.769321 0.154711 0.114184 0.095442
0 0.863634 0.588652 0.092618 0.080836
0 0.871492 0.500829 0.113673 0.097357
0 0.732162 0.799637 0.082011 0.072176
0 0.848656 0.461771 0.038827 0.032585
0 0.372448 0.764764 0.035636 0.031003
0 0.983387 0.642916 0.033227 0.032609
0 0.228928 0.617018 0.075054 0.067400
0 0.962358 0.820652 0.037029 0.031480
0 0.457661 0.836543 0.045434 0.040482
0 0.204807 0.011445 0.032952 0.022890
0 0.791289 0.837186 0.033751 0.029463
0 0.755830 0.413623 0.074864 0.064174
0 0.935939 0.287863 0.070467 0.056544
0 0.666344 0.137002 0.051830 0.039292
0 0.729815 0.939525 0.070720 0.061297
0 0.494940 0.935507 0.042074 0.036938
0 0.983043 0.336097 0.033663 0.167971
0 0.611652 0.894047 0.062217 0.057539
0 0.121534 0.425882 0.236771 0.242525
0 0.689285 0.156673 0.046104 0.037339
0 0.260192 0.359989 0.520385 0.499636
0 0.641166 0.938769 0.030935 0.028574
0 0.252129 0.439735 0.032770 0.029324
0 0.544510 0.928986 0.040381 0.034288
0 0.665907 0.822801 0.055364 0.050735
0 0.624157 0.065186 0.089303 0.070464
0 0.224534 0.274988 0.030072 0.028712
0 0.372480 0.902725 0.028859 0.027147
0 0.504219 0.594975 0.362359 0.294800
0 0.704647 0.686316 0.066075 0.056845
0 0.717675 0.046806 0.409043 0.093612
0 0.173682 0.416600 0.342615 0.281248
0 0.971517 0.244668 0.056967 0.053282
0 0.581672 0.974676 0.054731 0.046944
0 0.333765 0.745376 0.056030 0.050699
0 0.139767 0.686539 0.275093 0.517422
0 0.129088 0.017696 0.024133 0.023686
0 0.704085 0.435513 0.050620 0.042164
0 0.979003 0.130492 0.041993 0.177964
0 0.386837 0.933859 0.053656 0.047541
0 0.050604 0.074302 0.020758 0.020204
0 0.775539 0.619375 0.031510 0.029815
0 0.507129 0.556006 0.030586 0.026845
0 0.675047 0.859881 0.031718 0.027865
0 0.436832 0.939585 0.046447 0.042303
0 0.640484 0.072136 0.060284 0.047431
0 0.054573 0.111962 0.024228 0.024524
0 0.346693 0.111325 0.028130 0.026617
0 0.609169 0.899354 0.075371 0.065031