0 0.833288 0.193177 0.148486 0.131490
0 0.460372 0.924040 0.055396 0.045437
0 0.272624 0.350799 0.134542 0.124896
0 0.188069 0.785976 0.335753 0.288409
0 0.543506 0.039305 0.127956 0.078610
0 0.702724 0.503227 0.126526 0.114417
0 0.681543 0.636674 0.042276 0.037996
0 0.096398 0.954126 0.192259 0.091337
0 0.619779 0.029404 0.028918 0.026616
0 0.073915 0.648951 0.037806 0.034139
0 0.589529 0.199240 0.036092 0.031846
0 0.913727 0.039805 0.036989 0.032872
0 0.154515 0.215237 0.036400 0.030288
0 0.684738 0.504712 0.028256 0.026314
0 0.432212 0.146866 0.033489 0.030778
0 0.038045 0.115429 0.030530 0.028567
0 0.657591 0.106031 0.033207 0.030177
0 0.345897 0.295813 0.056701 0.049514
0 0.195856 0.467524 0.034014 0.030063
0 0.517758 0.166439 0.032718 0.030366
0 0.140404 0.073890 0.037618 0.033280
0 0.181104 0.448165 0.065431 0.059736
0 0.786832 0.552064 0.073037 0.068062
0 0.603209 0.895310 0.031033 0.027698
0 0.030181 0.344969 0.028038 0.025788
0 0.377977 0.363425 0.082513 0.070405
0 0.608943 0.407025 0.054123 0.045037
0 0.947672 0.181882 0.103837 0.103914
0 0.743709 0.313229 0.028398 0.026863
0 0.255308 0.957792 0.137323 0.084416
0 0.467951 0.597615 0.029836 0.027515
0 0.537838 0.138054 0.028272 0.025828
0 0.139118 0.552430 0.043285 0.038220
0 0.174417 0.329127 0.028250 0.026814
0 0.643776 0.712280 0.029719 0.026897
0 0.958720 0.714357 0.027757 0.025790
0 0.921301 0.461448 0.070665 0.065031
0 0.033496 0.316014 0.026823 0.026817
0 0.402004 0.133557 0.027754 0.025562
0 0.595946 0.767171 0.613104 0.456277
0 0.085217 0.330028 0.058598 0.052751
0 0.614430 0.437470 0.038508 0.035301
0 0.281934 0.225436 0.073466 0.065547
0 0.228027 0.216879 0.037139 0.034936
0 0.462981 0.305103 0.139046 0.123481
0 0.441006 0.112052 0.028203 0.027139
0 0.054870 0.370328 0.053714 0.050208
0 0.704847 0.460201 0.061526 0.051126
0 0.035404 0.687523 0.029957 0.026975
0 0.527551 0.975426 0.204218 0.049148
0 0.607916 0.415138 0.061537 0.057622
0 0.477899 0.717563 0.027475 0.025829
0 0.981906 0.071750 0.029733 0.025955
0 0.768284 0.780693 0.028117 0.025899
0 0.928207 0.460475 0.059707 0.052309
0 0.707485 0.466460 0.074168 0.063255
0 0.922138 0.298668 0.077177 0.064865
0 0.415497 0.414850 0.080059 0.071089
0 0.179456 0.627265 0.052312 0.041873