0 0.157819 0.499764 0.238432 0.192714
0 0.814511 0.955741 0.063554 0.048969
0 0.672736 0.575077 0.228603 0.189974
0 0.269590 0.316353 0.051165 0.037445
0 0.152890 0.688052 0.041473 0.032285
0 0.608895 0.823922 0.078010 0.058281
0 0.458257 0.041097 0.222103 0.082195
0 0.163385 0.374235 0.044632 0.034792
0 0.871117 0.460811 0.253699 0.410659
0 0.091985 0.916003 0.183391 0.165960
0 0.102826 0.862362 0.113408 0.079773
0 0.475563 0.115665 0.068144 0.046202
0 0.356573 0.965213 0.035700 0.029015
0 0.423921 0.092703 0.055454 0.043298
0 0.516745 0.470840 0.061577 0.047167
0 0.906470 0.920345 0.187061 0.152643
0 0.637624 0.992855 0.043969 0.014289
0 0.408191 0.218392 0.061559 0.047170
0 0.363733 0.873947 0.037830 0.027659
0 0.521416 0.467393 0.051655 0.038774
0 0.113779 0.609219 0.101513 0.077961
0 0.589758 0.188819 0.035819 0.025522
0 0.802155 0.223046 0.036391 0.030033
0 0.908966 0.965498 0.182068 0.068709
0 0.401489 0.640119 0.446467 0.318476
0 0.222115 0.006726 0.037350 0.012946
0 0.532445 0.604975 0.034937 0.026974
0 0.234771 0.724674 0.035204 0.026125
0 0.499496 0.445451 0.031301 0.026774
0 0.247790 0.837783 0.043568 0.033776
0 0.070287 0.768047 0.139675 0.177161
0 0.865786 0.757501 0.031389 0.023181
0 0.906134 0.952638 0.187732 0.094724
0 0.287014 0.031237 0.139094 0.062263
0 0.461054 0.884948 0.152456 0.121286
0 0.762836 0.839658 0.164300 0.131861