0 0.385702 0.907964 0.101294 0.100467
0 0.232209 0.696714 0.040708 0.040712
0 0.119327 0.329353 0.032737 0.032612
0 0.931075 0.206916 0.037108 0.036410
0 0.592605 0.220481 0.033797 0.034857
0 0.986313 0.654552 0.027373 0.030712
0 0.769831 0.484894 0.030344 0.028919
0 0.747122 0.069090 0.031502 0.030733
0 0.246825 0.862337 0.039380 0.038565
0 0.687377 0.280204 0.037198 0.036277
0 0.394905 0.559605 0.029423 0.029002
0 0.537665 0.319944 0.026181 0.025619
0 0.897290 0.703680 0.028347 0.028366
0 0.086433 0.315854 0.027980 0.027601
0 0.607336 0.171327 0.027150 0.027902
0 0.496339 0.940844 0.033005 0.032735
0 0.206756 0.865695 0.034944 0.033139
0 0.571943 0.940862 0.041933 0.040393
0 0.359560 0.777576 0.032291 0.032720
0 0.939603 0.579161 0.025766 0.026050
0 0.513460 0.903494 0.055383 0.053455
0 0.156417 0.931956 0.032696 0.031710
0 0.277729 0.776094 0.026721 0.026979
0 0.010501 0.252273 0.021002 0.029338
0 0.545906 0.927970 0.034044 0.034225
0 0.463626 0.928327 0.042000 0.040718
0 0.306068 0.932855 0.028625 0.028387
0 0.686363 0.844766 0.031030 0.031101
0 0.873277 0.983731 0.027493 0.026905
0 0.051375 0.894443 0.059526 0.059357
0 0.665438 0.353051 0.025523 0.025476
0 0.896483 0.272016 0.036680 0.034308
0 0.693475 0.627293 0.036919 0.036228
0 0.675764 0.247575 0.027675 0.026908
0 0.181678 0.260807 0.025729 0.025617
0 0.402527 0.507188 0.025851 0.025604
0 0.610569 0.616203 0.028646 0.028341
0 0.580114 0.612661 0.026808 0.026805
0 0.886258 0.244945 0.030439 0.030923
0 0.189905 0.753051 0.036696 0.035861
0 0.414837 0.653875 0.024920 0.026434
0 0.312665 0.898395 0.033688 0.033823