0 0.709894 0.532483 0.108087 0.081308
0 0.590072 0.028763 0.093496 0.057525
0 0.132493 0.580401 0.053770 0.037332
0 0.227081 0.432032 0.070793 0.050390
0 0.929897 0.193841 0.085115 0.062420
0 0.153103 0.625602 0.048921 0.036596
0 0.090490 0.308739 0.055108 0.039851
0 0.794311 0.513005 0.077541 0.062841
0 0.077240 0.731254 0.102204 0.077847
0 0.570202 0.608246 0.043328 0.031571
0 0.840894 0.479125 0.050272 0.039577
0 0.938130 0.718975 0.041768 0.029400
0 0.420699 0.411000 0.039986 0.029677
0 0.234949 0.699243 0.043901 0.032164
0 0.402654 0.511690 0.045051 0.033373
0 0.233296 0.636112 0.038095 0.028193
0 0.611372 0.234303 0.040310 0.031258
0 0.977384 0.124306 0.042672 0.035860
0 0.125071 0.137065 0.041717 0.029497
0 0.825399 0.453629 0.043429 0.033286
0 0.036168 0.717578 0.072062 0.074580
0 0.213578 0.010894 0.045386 0.020806
0 0.635448 0.785255 0.037422 0.027713
0 0.496093 0.383354 0.036236 0.028769
0 0.282936 0.394413 0.039750 0.030398
0 0.393293 0.272747 0.059286 0.044927
0 0.289452 0.459779 0.031487 0.023615
0 0.738089 0.443279 0.040865 0.029796
0 0.173371 0.702391 0.039090 0.031726
0 0.048642 0.123187 0.097284 0.246373
0 0.932315 0.012232 0.034868 0.024465
0 0.757093 0.144005 0.235254 0.186777
0 0.521247 0.119278 0.037101 0.028861
0 0.355921 0.689372 0.047760 0.035260
0 0.472472 0.362712 0.035119 0.026935
0 0.454200 0.201703 0.039413 0.029317
0 0.306125 0.332867 0.082266 0.063087
0 0.647345 0.585264 0.044498 0.028696
0 0.656961 0.716014 0.033926 0.026628
0 0.954841 0.061544 0.033551 0.029096
0 0.316809 0.277228 0.040702 0.028958