0 0.318596 0.371918 0.186880 0.181103
0 0.560109 0.940426 0.134283 0.119148
0 0.027559 0.040640 0.055118 0.069521
0 0.321229 0.041749 0.037341 0.036745
0 0.535670 0.391524 0.150121 0.148400
0 0.334884 0.576849 0.061765 0.060005
0 0.653953 0.913688 0.049504 0.046345
0 0.419160 0.299029 0.052207 0.049687
0 0.870023 0.884088 0.040229 0.037735
0 0.319849 0.095968 0.029835 0.029002
0 0.709637 0.833578 0.042346 0.040356
0 0.109006 0.140075 0.024300 0.024396
0 0.807556 0.171691 0.384888 0.340476
0 0.887679 0.066952 0.034840 0.032696
0 0.588934 0.085965 0.093488 0.090105
0 0.225718 0.449136 0.030714 0.030461
0 0.107638 0.165733 0.023818 0.024016
0 0.829531 0.821810 0.070129 0.067310
0 0.148427 0.638086 0.039563 0.038640
0 0.638372 0.980717 0.053061 0.038567
0 0.917825 0.473662 0.042435 0.041132
0 0.967224 0.280916 0.041118 0.038667
0 0.011326 0.858557 0.021900 0.033316
0 0.862956 0.527853 0.036644 0.033424
0 0.257046 0.212579 0.023717 0.024024
0 0.754025 0.974464 0.121478 0.051072
0 0.670434 0.849635 0.034927 0.032059
0 0.875073 0.439060 0.087234 0.081728
0 0.686776 0.420838 0.312331 0.270059
0 0.876046 0.477128 0.034739 0.032766
0 0.980319 0.545797 0.039326 0.047574
0 0.874237 0.672139 0.235447 0.216004
0 0.689030 0.070966 0.111696 0.103863
0 0.737641 0.676457 0.047737 0.044180
0 0.738137 0.914308 0.032282 0.031746
0 0.280077 0.631118 0.074563 0.072486
0 0.513541 0.026753 0.051624 0.050292
0 0.705474 0.080543 0.081432 0.073173
0 0.412616 0.587517 0.029127 0.028561
0 0.793585 0.658895 0.026955 0.025536
0 0.389426 0.268353 0.024940 0.024871
0 0.464885 0.821161 0.025615 0.024982
0 0.913969 0.358698 0.128635 0.111684
0 0.438072 0.976821 0.026797 0.025251
0 0.111592 0.596550 0.113729 0.110971
0 0.940017 0.494399 0.025794 0.024966
0 0.835251 0.711378 0.034911 0.033258
0 0.054332 0.257542 0.030402 0.030346
0 0.802140 0.601730 0.030741 0.029207
0 0.594665 0.032883 0.111288 0.065766
0 0.994366 0.512794 0.011268 0.033979
0 0.509133 0.212917 0.028264 0.028148