0 0.297897 0.693664 0.071449 0.061790
0 0.404242 0.833062 0.055509 0.047774
0 0.539240 0.438064 0.056571 0.052192
0 0.381650 0.585215 0.033223 0.029518
0 0.299409 0.198193 0.045522 0.043059
0 0.030908 0.786366 0.037499 0.031933
0 0.984588 0.415650 0.030823 0.034221
0 0.182599 0.048277 0.029078 0.028149
0 0.533392 0.991712 0.042917 0.016575
0 0.059718 0.314907 0.030537 0.026728
0 0.660295 0.363134 0.029589 0.028080
0 0.469033 0.502197 0.048044 0.042303
0 0.578574 0.019100 0.048994 0.038200
0 0.314864 0.370740 0.028147 0.025793
0 0.957931 0.903482 0.038601 0.033949
0 0.053378 0.292542 0.025449 0.024056
0 0.611479 0.302353 0.036989 0.036181
0 0.364077 0.133498 0.030266 0.028271
0 0.910526 0.416518 0.053539 0.051534
0 0.047930 0.468793 0.038856 0.033469
0 0.711224 0.319055 0.047031 0.044202
0 0.755407 0.118038 0.034873 0.034857
0 0.487913 0.057196 0.031472 0.031430
0 0.117494 0.707072 0.031467 0.028868
0 0.464447 0.038936 0.035819 0.035138
0 0.341550 0.624083 0.024063 0.022842