0 0.380929 0.937234 0.161590 0.124920
0 0.045533 0.863408 0.034618 0.034356
0 0.547400 0.393000 0.044314 0.043203
0 0.594542 0.713601 0.323168 0.289138
0 0.514226 0.238664 0.046195 0.044245
0 0.947768 0.393543 0.033392 0.031756
0 0.019216 0.518073 0.038433 0.041018
0 0.519749 0.340616 0.037493 0.035407
0 0.369626 0.284799 0.042354 0.041090
0 0.132351 0.573201 0.033939 0.032594
0 0.177466 0.725668 0.035800 0.035165
0 0.478708 0.078788 0.281659 0.157440
0 0.982662 0.281385 0.034676 0.041459
0 0.737516 0.249342 0.236715 0.231126
0 0.029456 0.387760 0.058913 0.064892
0 0.181574 0.084178 0.317061 0.168063
0 0.031321 0.426326 0.045368 0.045513
0 0.899447 0.094127 0.047581 0.042912
0 0.250382 0.968857 0.029630 0.028865
0 0.717165 0.383799 0.039526 0.036991
0 0.697316 0.557182 0.033399 0.032908
0 0.340342 0.529227 0.049051 0.048001
0 0.045471 0.689004 0.089746 0.243911
0 0.269302 0.382448 0.030665 0.029625
0 0.845519 0.876490 0.303751 0.247020
0 0.331552 0.272653 0.032620 0.030686
0 0.860802 0.310340 0.200915 0.183801
0 0.829471 0.151566 0.031544 0.030283
0 0.906319 0.467509 0.187362 0.367188
0 0.363635 0.331434 0.047476 0.044750
0 0.273576 0.702021 0.024882 0.024914
0 0.362735 0.149831 0.046250 0.045156
0 0.825151 0.012877 0.076028 0.025476
0 0.214579 0.287302 0.074327 0.072479
0 0.147333 0.651058 0.025093 0.024910
0 0.846255 0.287555 0.211417 0.202219
0 0.282561 0.460460 0.026564 0.027160
0 0.058784 0.977668 0.050366 0.044664
0 0.270571 0.466552 0.053470 0.053599
0 0.991309 0.223432 0.017011 0.027943
0 0.499659 0.171852 0.103708 0.096049
0 0.787444 0.871291 0.425112 0.257419
0 0.590878 0.320704 0.026332 0.025259