0 0.317172 0.667376 0.216159 0.193296
0 0.816954 0.356315 0.292380 0.263583
0 0.394700 0.060389 0.159390 0.120778
0 0.844387 0.634347 0.061784 0.055682
0 0.518308 0.817660 0.106383 0.090452
0 0.651622 0.804002 0.064656 0.058957
0 0.807525 0.819129 0.055713 0.049662
0 0.817928 0.529741 0.074234 0.064219
0 0.452245 0.138923 0.125238 0.107933
0 0.377975 0.749404 0.040900 0.036173
0 0.490296 0.444396 0.044466 0.038108
0 0.384701 0.178949 0.061780 0.057226
0 0.016995 0.487180 0.033990 0.037494
0 0.411716 0.593894 0.043719 0.039052
0 0.180313 0.625791 0.093434 0.089657
0 0.112319 0.369341 0.053185 0.046925
0 0.929957 0.098929 0.064847 0.057878
0 0.778523 0.761843 0.051559 0.048630
0 0.427879 0.910982 0.054471 0.047804
0 0.088361 0.969518 0.060386 0.054857
0 0.431357 0.831233 0.055977 0.049017
0 0.451924 0.861709 0.053383 0.048211
0 0.308617 0.537407 0.046306 0.044666
0 0.768500 0.090298 0.036374 0.031934
0 0.775115 0.614786 0.031233 0.028099
0 0.232305 0.106236 0.037456 0.032190
0 0.831273 0.138702 0.032050 0.027983
0 0.257241 0.050676 0.035619 0.031612
0 0.908249 0.823804 0.073594 0.065525
0 0.517228 0.924042 0.047567 0.044398
0 0.295826 0.445225 0.038701 0.034841
0 0.719013 0.915519 0.076651 0.069674
0 0.209046 0.313585 0.044826 0.040045
0 0.266985 0.087289 0.050851 0.046086
0 0.775053 0.959323 0.104031 0.081097
0 0.352292 0.828365 0.137324 0.121953
0 0.337861 0.142106 0.035378 0.031125
0 0.164905 0.087415 0.031120 0.029026
0 0.618505 0.986262 0.040238 0.027130
0 0.059151 0.990204 0.054268 0.019592
0 0.717945 0.086101 0.036218 0.028911
0 0.825147 0.752916 0.046085 0.041995
0 0.942781 0.258734 0.037888 0.033076
0 0.897002 0.781911 0.035673 0.033149
0 0.102188 0.245931 0.061333 0.054658
0 0.655578 0.274996 0.028376 0.026130
0 0.843153 0.905502 0.030022 0.027192
0 0.162908 0.750559 0.320902 0.389052
0 0.575693 0.382220 0.531033 0.491672
0 0.983065 0.983994 0.033269 0.032012
0 0.320783 0.468260 0.029934 0.028073
0 0.234961 0.867045 0.108169 0.096201
0 0.977027 0.417194 0.045041 0.056792
0 0.142568 0.521270 0.034701 0.031196
0 0.036152 0.178286 0.072303 0.265991
0 0.167548 0.671235 0.030096 0.028164
0 0.032934 0.965214 0.047321 0.043630
0 0.618794 0.123909 0.027625 0.025945
0 0.864398 0.770704 0.030466 0.028008
0 0.847779 0.812654 0.036181 0.037137
0 0.382660 0.933659 0.030165 0.027232
0 0.664888 0.438576 0.053714 0.048616
0 0.282797 0.303191 0.126217 0.109758
0 0.013268 0.392332 0.026536 0.028956
0 0.407834 0.952062 0.041134 0.035851
0 0.969601 0.766508 0.060762 0.161788
0 0.889803 0.568652 0.043853 0.039701
0 0.413652 0.766949 0.035977 0.033285
0 0.873958 0.194979 0.034485 0.028967
0 0.677975 0.191649 0.253625 0.202261
0 0.046118 0.354381 0.062689 0.057110
0 0.979706 0.968825 0.040116 0.062350
0 0.099232 0.432878 0.029178 0.027070
0 0.598291 0.876523 0.028017 0.024758
0 0.977737 0.652074 0.033492 0.030142