0 0.805675 0.597452 0.027341 0.026798
0 0.135837 0.215944 0.034371 0.034044
0 0.717794 0.404276 0.036017 0.033875
0 0.352899 0.100023 0.036320 0.035912
0 0.501048 0.904223 0.017168 0.017270
0 0.197170 0.720011 0.031183 0.030589
0 0.819889 0.501346 0.029634 0.028916
0 0.191228 0.813510 0.105464 0.100942
0 0.974389 0.031631 0.051222 0.063261
0 0.878965 0.448129 0.027988 0.026900
0 0.028329 0.796756 0.024580 0.024295
0 0.320372 0.638588 0.029639 0.028893
0 0.812721 0.964688 0.018998 0.018794
0 0.986270 0.772136 0.018074 0.017828
0 0.338729 0.659727 0.026615 0.026216
0 0.061801 0.736264 0.027948 0.025913
0 0.990264 0.992541 0.019321 0.014918