0 0.448401 0.488769 0.035391 0.035041
0 0.287799 0.682083 0.065768 0.065010
0 0.631413 0.697457 0.040109 0.038334
0 0.057122 0.076808 0.091838 0.088591
0 0.908183 0.389156 0.036412 0.035616
0 0.480442 0.665309 0.028772 0.028419
0 0.132306 0.237712 0.031073 0.030124
0 0.633516 0.733504 0.037024 0.037454
0 0.539765 0.814219 0.035405 0.033648
0 0.100003 0.393679 0.044094 0.041207
0 0.015882 0.474246 0.031765 0.032931
0 0.150342 0.420460 0.030467 0.028872
0 0.920378 0.888349 0.031921 0.031405
0 0.545066 0.772077 0.027197 0.026298
0 0.520414 0.452767 0.026609 0.025636
0 0.586738 0.481886 0.030812 0.030265
0 0.065092 0.417815 0.045715 0.043692
0 0.606435 0.898134 0.026396 0.026051
0 0.191374 0.480841 0.026562 0.025922
0 0.847412 0.180633 0.028164 0.027512
0 0.992656 0.918695 0.014099 0.031178
0 0.835071 0.963630 0.029955 0.029148
0 0.308847 0.605071 0.028509 0.029256
0 0.213401 0.776378 0.026714 0.026589
0 0.361237 0.560323 0.025677 0.025202
0 0.263438 0.871763 0.291405 0.253872
0 0.964517 0.265117 0.065470 0.064500
0 0.439034 0.097312 0.024450 0.024538
0 0.795046 0.341654 0.137096 0.128033
0 0.936034 0.715645 0.024571 0.024523
0 0.062168 0.916386 0.119579 0.123928
0 0.539243 0.245407 0.023899 0.023347
0 0.810765 0.347233 0.111616 0.112542
0 0.022936 0.442734 0.029963 0.027145
0 0.777490 0.396654 0.023299 0.022711
0 0.393787 0.304790 0.153100 0.149923
0 0.093941 0.663609 0.164473 0.157414
0 0.662105 0.698639 0.021730 0.021034
0 0.422610 0.390402 0.057976 0.059861
0 0.953224 0.074522 0.063308 0.060487