0 0.233328 0.110450 0.096206 0.087496
0 0.898677 0.852616 0.051428 0.045341
0 0.102756 0.281878 0.064230 0.056659
0 0.149640 0.210504 0.045993 0.041610
0 0.383942 0.583585 0.058482 0.052889
0 0.717193 0.025001 0.039950 0.038569
0 0.788373 0.848332 0.037780 0.033800
0 0.345548 0.818371 0.073441 0.066892
0 0.632673 0.499537 0.040872 0.036354
0 0.328535 0.547861 0.036130 0.031064
0 0.625215 0.582526 0.038338 0.034810
0 0.602691 0.659831 0.038476 0.034288
0 0.597379 0.529552 0.031957 0.029677
0 0.728546 0.532272 0.052509 0.042198
0 0.943906 0.245299 0.038187 0.036568
0 0.603057 0.240565 0.033094 0.030778
0 0.877042 0.312040 0.041432 0.037296
0 0.052096 0.724736 0.036891 0.033571
0 0.440368 0.864723 0.033682 0.030355
0 0.608848 0.477669 0.032998 0.031078
0 0.431367 0.178604 0.030746 0.028730
0 0.959979 0.535776 0.080043 0.125926
0 0.426500 0.915552 0.147484 0.133953
0 0.665562 0.528537 0.035989 0.033004
0 0.636789 0.624801 0.033844 0.030623
0 0.438867 0.826267 0.036796 0.031787
0 0.366404 0.654340 0.067811 0.058370
0 0.489364 0.713870 0.030964 0.028775
0 0.450839 0.320694 0.034151 0.030293
0 0.086559 0.016499 0.032661 0.030765
0 0.986196 0.517254 0.026754 0.034097
0 0.919283 0.560240 0.035912 0.032489
0 0.555616 0.665778 0.033841 0.030553
0 0.962040 0.621194 0.075920 0.072660
0 0.758109 0.496620 0.079018 0.071284
0 0.428938 0.756958 0.037297 0.035121
0 0.401797 0.491361 0.031154 0.029819
0 0.984430 0.821802 0.028455 0.026483
0 0.957714 0.807520 0.026774 0.024283
0 0.521573 0.668624 0.033417 0.030049
0 0.068388 0.564038 0.043723 0.036317
0 0.031222 0.058357 0.030798 0.028428
0 0.157033 0.012813 0.030510 0.024623
0 0.024205 0.884671 0.040712 0.036006
0 0.701932 0.885486 0.030179 0.026534
0 0.358472 0.401222 0.028797 0.026702
0 0.766703 0.500173 0.062456 0.057350
0 0.053666 0.584952 0.045000 0.037410
0 0.110848 0.531897 0.043049 0.037767
0 0.307361 0.957210 0.029496 0.027498
0 0.461826 0.649991 0.086148 0.075813
0 0.462436 0.717569 0.075316 0.064253
0 0.179850 0.064342 0.037586 0.034048
0 0.815616 0.016617 0.028134 0.027634
0 0.533901 0.954686 0.129546 0.090629
0 0.073648 0.559508 0.043265 0.034941
0 0.713367 0.275089 0.027081 0.026216
0 0.823429 0.322705 0.353142 0.411440
0 0.393139 0.672533 0.043398 0.039441
0 0.063399 0.087504 0.043890 0.042214