0 0.338712 0.799089 0.185565 0.160642
0 0.181459 0.441004 0.096159 0.085481
0 0.621628 0.925318 0.140954 0.118080
0 0.882675 0.682706 0.059967 0.053575
0 0.063878 0.237017 0.039939 0.036283
0 0.023706 0.228885 0.047413 0.057156
0 0.462541 0.729749 0.126915 0.107151
0 0.552072 0.583597 0.040345 0.035863
0 0.340572 0.940409 0.147200 0.117296
0 0.697805 0.762735 0.045238 0.041166
0 0.220120 0.728772 0.068573 0.058804
0 0.279801 0.646669 0.047284 0.040779
0 0.194399 0.254211 0.039206 0.033838
0 0.577888 0.222430 0.045967 0.036267
0 0.502280 0.918584 0.095117 0.075261
0 0.099227 0.373207 0.034727 0.030030
0 0.646923 0.140892 0.043787 0.034684
0 0.198358 0.984169 0.045332 0.031543
0 0.947340 0.606461 0.037259 0.032786
0 0.455844 0.798973 0.045885 0.035558
0 0.637173 0.809053 0.038524 0.031030
0 0.169401 0.091670 0.034280 0.031381
0 0.162444 0.785311 0.045184 0.038549
0 0.189397 0.286345 0.035461 0.031610
0 0.197290 0.117386 0.036155 0.032357
0 0.543216 0.969895 0.145510 0.060210
0 0.018061 0.274468 0.036122 0.048404
0 0.287995 0.524715 0.089841 0.077510
0 0.540401 0.832533 0.037396 0.028015
0 0.305802 0.284117 0.089418 0.070723
0 0.259535 0.503208 0.035973 0.030172
0 0.007107 0.575857 0.014031 0.051746
0 0.122794 0.313239 0.030675 0.028185
0 0.071384 0.616693 0.043133 0.036182
0 0.329930 0.650029 0.045474 0.039452
0 0.811979 0.468219 0.032676 0.028852
0 0.112717 0.085621 0.032664 0.030757
0 0.341299 0.362559 0.048397 0.039484
0 0.406215 0.887384 0.057076 0.048435
0 0.475658 0.594765 0.052861 0.044192
0 0.543005 0.740582 0.033349 0.028462
0 0.536631 0.793258 0.104660 0.075966
0 0.192572 0.605706 0.072342 0.061015
0 0.880179 0.240410 0.239642 0.332893
0 0.336372 0.698679 0.059582 0.048730
0 0.852469 0.801894 0.030048 0.028018
0 0.721969 0.354071 0.063350 0.051105
0 0.771004 0.548779 0.457993 0.454839
0 0.684028 0.805656 0.079130 0.065674
0 0.508518 0.672723 0.066342 0.054582
0 0.282871 0.713103 0.060466 0.054313
0 0.875018 0.768819 0.028946 0.026074
0 0.519341 0.237297 0.042219 0.032820
0 0.700630 0.317514 0.055817 0.044010
0 0.393044 0.326916 0.065584 0.055897
0 0.642892 0.588173 0.127979 0.109021
0 0.766849 0.626437 0.059243 0.053179
0 0.779069 0.565418 0.032147 0.028353
0 0.703213 0.036011 0.076255 0.061449
0 0.244954 0.881798 0.095381 0.074526
0 0.311276 0.712381 0.115626 0.080495
0 0.275860 0.023602 0.056915 0.044601
0 0.514415 0.962039 0.248049 0.075921