0 0.081070 0.113043 0.153305 0.120790
0 0.862570 0.851097 0.040736 0.031914
0 0.171367 0.492243 0.063689 0.046578
0 0.056538 0.959239 0.045323 0.035382
0 0.971294 0.973379 0.057026 0.052235
0 0.610943 0.382787 0.047056 0.034904
0 0.724050 0.011677 0.078080 0.023275
0 0.703874 0.442244 0.084939 0.062323
0 0.419445 0.263909 0.040405 0.030284
0 0.982282 0.639659 0.034423 0.028449
0 0.848671 0.498930 0.040666 0.030048
0 0.134571 0.346075 0.039311 0.030663
0 0.045864 0.926263 0.038094 0.031530
0 0.223978 0.061782 0.044154 0.035412
0 0.313301 0.327729 0.117764 0.087367
0 0.977875 0.098323 0.043375 0.043804
0 0.641818 0.538911 0.035101 0.026513
0 0.592461 0.428571 0.106314 0.081064
0 0.828929 0.935136 0.109425 0.082829
0 0.950660 0.766100 0.098215 0.089600
0 0.375296 0.107981 0.124831 0.088466
0 0.199855 0.126074 0.072277 0.052516
0 0.945561 0.198187 0.103918 0.083238
0 0.806471 0.671797 0.070462 0.049119
0 0.697866 0.057303 0.047475 0.033049
0 0.164746 0.217391 0.040955 0.032792
0 0.484402 0.568510 0.285283 0.226273
0 0.206424 0.118418 0.087646 0.065491
0 0.155471 0.240950 0.052050 0.037013
0 0.276731 0.244277 0.072006 0.054865
0 0.673936 0.335002 0.220724 0.166260
0 0.797332 0.850067 0.093944 0.068753
0 0.041398 0.220764 0.081329 0.197779
0 0.277620 0.351450 0.061086 0.046221
0 0.647885 0.198067 0.032052 0.025487