0 0.142746 0.371315 0.085515 0.084827
0 0.958359 0.288244 0.056065 0.055919
0 0.829113 0.791372 0.047056 0.047090
0 0.776345 0.575895 0.116507 0.118278
0 0.072371 0.433706 0.076572 0.075500
0 0.262440 0.227783 0.041649 0.040293
0 0.487764 0.554208 0.058782 0.057381
0 0.517723 0.440347 0.036880 0.037359
0 0.982414 0.105607 0.035172 0.043994
0 0.258208 0.480399 0.036331 0.035423
0 0.579541 0.960281 0.031719 0.030450
0 0.766455 0.913379 0.030166 0.030329
0 0.620973 0.395652 0.245800 0.250074
0 0.378193 0.566529 0.039966 0.039529
0 0.301915 0.084081 0.029748 0.029237
0 0.127915 0.209816 0.250535 0.246508
0 0.884385 0.758446 0.042712 0.041390
0 0.870795 0.267451 0.047629 0.046773
0 0.142222 0.772991 0.283293 0.328133
0 0.509766 0.741648 0.041705 0.041801
0 0.557551 0.785166 0.033745 0.033993
0 0.782189 0.180266 0.272342 0.277135
0 0.197944 0.610142 0.031424 0.030734
0 0.825637 0.282735 0.045998 0.044651
0 0.267092 0.125777 0.050304 0.048195
0 0.320878 0.556456 0.061991 0.061122
0 0.749914 0.369556 0.032969 0.032860
0 0.071035 0.334782 0.027400 0.026766
0 0.348278 0.646016 0.028784 0.028315
0 0.416137 0.808655 0.027234 0.027040
0 0.940712 0.813220 0.026348 0.025909
0 0.384317 0.947599 0.030603 0.031714
0 0.112351 0.828483 0.029904 0.029046
0 0.947577 0.830888 0.104845 0.338224
0 0.822250 0.836686 0.026238 0.026595
0 0.525948 0.886305 0.025900 0.025581
0 0.631733 0.412422 0.030165 0.029763
0 0.188024 0.886592 0.249393 0.210856
0 0.557099 0.704651 0.063638 0.064775
0 0.684124 0.928911 0.025593 0.025518
0 0.825846 0.384707 0.179150 0.173763
0 0.014846 0.167022 0.029520 0.038362
0 0.536137 0.131894 0.320220 0.261637
0 0.544809 0.702407 0.084561 0.080400
0 0.240236 0.054780 0.164146 0.109560
0 0.334260 0.365372 0.025267 0.025844
0 0.883597 0.096286 0.031893 0.030915
0 0.088274 0.905813 0.027054 0.027185
0 0.993386 0.485388 0.013227 0.023805
0 0.181109 0.857776 0.025026 0.025042
0 0.068836 0.491183 0.108273 0.103696
0 0.549968 0.831954 0.024521 0.024206
0 0.168585 0.067348 0.336870 0.134163
0 0.342508 0.752051 0.029790 0.028494
0 0.215988 0.259096 0.058745 0.060006
0 0.643112 0.375944 0.025269 0.024989