0 0.313331 0.388328 0.164487 0.165148
0 0.328949 0.689803 0.047374 0.047257
0 0.345263 0.219182 0.054170 0.053494
0 0.810933 0.095082 0.025536 0.025450
0 0.824807 0.964699 0.033832 0.033477
0 0.114079 0.159994 0.034465 0.034396
0 0.563374 0.749481 0.042118 0.041473
0 0.880619 0.117502 0.023737 0.023279
0 0.249722 0.150727 0.030825 0.030121
0 0.724524 0.808432 0.030274 0.030401
0 0.860819 0.766160 0.030310 0.029886
0 0.875319 0.568824 0.036341 0.035896
0 0.159813 0.923342 0.034715 0.033744
0 0.564280 0.715694 0.034484 0.033941
0 0.909049 0.828768 0.029448 0.029177
0 0.347404 0.730834 0.030410 0.030363
0 0.786123 0.135987 0.022089 0.021941
0 0.439231 0.562440 0.029542 0.028360
0 0.063496 0.729678 0.027606 0.027186
0 0.182000 0.199378 0.114074 0.113283
0 0.463510 0.091800 0.027646 0.027342
0 0.211203 0.385443 0.057159 0.057027
0 0.646623 0.604479 0.026765 0.027107
0 0.950297 0.606815 0.029730 0.030082
0 0.342587 0.880103 0.029154 0.028829
0 0.033053 0.906657 0.044501 0.043331
0 0.481759 0.562910 0.029011 0.028137
0 0.941257 0.366111 0.024964 0.025151
0 0.391367 0.770837 0.028390 0.028194
0 0.813581 0.482920 0.033642 0.033129
0 0.336947 0.272466 0.054006 0.054281
0 0.413935 0.926582 0.042158 0.041340
0 0.594247 0.876956 0.025717 0.024996
0 0.500722 0.440805 0.024467 0.025173
0 0.352226 0.809690 0.025074 0.024472
0 0.551654 0.238416 0.025559 0.025498
0 0.692379 0.263583 0.022406 0.022190
0 0.041428 0.264555 0.039958 0.039889
0 0.292423 0.227564 0.063398 0.063169
0 0.926749 0.984292 0.037768 0.031118
0 0.374008 0.588648 0.036826 0.035357
0 0.551589 0.516147 0.091611 0.084109
0 0.769079 0.978646 0.026449 0.027625
0 0.289452 0.089174 0.022645 0.022719
0 0.330131 0.930930 0.264647 0.137782
0 0.131012 0.116108 0.026943 0.026277
0 0.550498 0.841154 0.313147 0.307770
0 0.675969 0.039210 0.016836 0.016907
0 0.491292 0.768503 0.025357 0.025005
0 0.980636 0.231683 0.017747 0.017589