0 0.786161 0.408722 0.081630 0.065482
0 0.848410 0.541283 0.168801 0.136944
0 0.854391 0.359916 0.056500 0.043632
0 0.322660 0.729173 0.045870 0.040292
0 0.031809 0.586803 0.046229 0.040141
0 0.654095 0.509155 0.048066 0.037176
0 0.421035 0.676913 0.043912 0.037502
0 0.841995 0.448000 0.055075 0.047127
0 0.716942 0.528873 0.046621 0.036942
0 0.236806 0.558224 0.034041 0.029364
0 0.959897 0.036248 0.042173 0.037003
0 0.573427 0.469012 0.037275 0.031182
0 0.776852 0.485511 0.054794 0.043815
0 0.936257 0.761253 0.126290 0.302171
0 0.523655 0.520701 0.036395 0.029068
0 0.503457 0.599521 0.032859 0.027795
0 0.802364 0.048100 0.034703 0.030972
0 0.422096 0.296116 0.036026 0.029448
0 0.731111 0.159714 0.034585 0.028074
0 0.539627 0.021612 0.042059 0.033887
0 0.813143 0.086545 0.037700 0.033076
0 0.596193 0.191212 0.030058 0.026088
0 0.038048 0.700070 0.037642 0.032677
0 0.992494 0.419835 0.014443 0.027922
0 0.922705 0.361659 0.031244 0.026986
0 0.106694 0.713346 0.028150 0.026526
0 0.622408 0.475856 0.030463 0.025026
0 0.302346 0.841215 0.028363 0.025087
0 0.176698 0.708377 0.062874 0.055559
0 0.569093 0.072444 0.057566 0.044403
0 0.164661 0.555178 0.028106 0.025001
0 0.933223 0.988441 0.063497 0.023118
0 0.287228 0.863000 0.077124 0.069649
0 0.204735 0.198682 0.030254 0.026991
0 0.328138 0.019944 0.086859 0.039888
0 0.030609 0.707969 0.041275 0.033534
0 0.158077 0.703173 0.030417 0.028102