0 0.244822 0.738049 0.258360 0.205196
0 0.202108 0.351265 0.066826 0.052624
0 0.458986 0.666613 0.360372 0.290448
0 0.883855 0.439761 0.099310 0.070063
0 0.660874 0.315221 0.079988 0.063853
0 0.649261 0.406764 0.184023 0.137773
0 0.227159 0.530102 0.098073 0.078639
0 0.749167 0.500769 0.045458 0.033183
0 0.412068 0.253270 0.186277 0.146626
0 0.309550 0.427895 0.154625 0.110274
0 0.505864 0.189918 0.088040 0.070349
0 0.518440 0.541347 0.053873 0.043046
0 0.970756 0.500239 0.048253 0.036938
0 0.977272 0.620146 0.045455 0.044907
0 0.785010 0.153322 0.041318 0.031660
0 0.620633 0.204443 0.140063 0.107419
0 0.542660 0.278710 0.139159 0.104050
0 0.793109 0.484621 0.035816 0.027244
0 0.688958 0.182489 0.119620 0.093415
0 0.810217 0.092964 0.081537 0.060942
0 0.193434 0.048581 0.064385 0.047696
0 0.514844 0.434670 0.080618 0.062638
0 0.326926 0.509826 0.112889 0.086530
0 0.369361 0.839815 0.043503 0.034022
0 0.147737 0.424748 0.189720 0.151649
0 0.907606 0.057850 0.182284 0.112467
0 0.714250 0.666625 0.083981 0.063103
0 0.602968 0.333793 0.044266 0.034338
0 0.059381 0.051340 0.063564 0.049003
0 0.758653 0.423905 0.031874 0.023314
0 0.981968 0.713016 0.030867 0.025626
0 0.298730 0.092056 0.059761 0.042693
0 0.348944 0.821487 0.035307 0.030285
0 0.259470 0.236298 0.050097 0.038465
0 0.292193 0.272787 0.064493 0.049203
0 0.726290 0.659692 0.099605 0.076161
0 0.502421 0.914578 0.063307 0.050478
0 0.359555 0.326649 0.159074 0.112704
0 0.372214 0.171257 0.040596 0.032113
0 0.845812 0.169034 0.038959 0.032963
0 0.688932 0.916422 0.192582 0.156802
0 0.937297 0.874337 0.039019 0.029413
0 0.629744 0.975810 0.088488 0.048380
0 0.179303 0.175335 0.048761 0.038009