0 0.469980 0.582383 0.026187 0.025188
0 0.111384 0.016763 0.036411 0.033016
0 0.022245 0.183380 0.040115 0.039033
0 0.041044 0.115621 0.031640 0.030164
0 0.451649 0.558755 0.026916 0.026471
0 0.555967 0.201221 0.033294 0.030771
0 0.445940 0.143840 0.034388 0.030899
0 0.456852 0.409730 0.026514 0.026340
0 0.367638 0.344955 0.030597 0.031525
0 0.454575 0.866799 0.040176 0.039230
0 0.410321 0.356826 0.022113 0.021599
0 0.305273 0.434038 0.034082 0.032285
0 0.644670 0.285275 0.044616 0.040470
0 0.205321 0.804999 0.037031 0.033748
0 0.542157 0.180452 0.040899 0.039670
0 0.536466 0.777511 0.025564 0.024360