0 0.895097 0.063704 0.059057 0.057401
0 0.420264 0.130246 0.154884 0.156038
0 0.211444 0.641210 0.149998 0.150549
0 0.226440 0.037123 0.097953 0.074246
0 0.949529 0.476317 0.039871 0.038652
0 0.936377 0.871688 0.100894 0.101335
0 0.286576 0.313969 0.059529 0.057217
0 0.306094 0.585438 0.040316 0.039874
0 0.414048 0.520945 0.057657 0.058701
0 0.974835 0.691803 0.050331 0.082336
0 0.864827 0.643117 0.123522 0.119011
0 0.483990 0.210359 0.037589 0.036532
0 0.305948 0.947838 0.028985 0.027970
0 0.824024 0.702064 0.043460 0.041613
0 0.297632 0.094960 0.031102 0.031306
0 0.619466 0.383945 0.176118 0.169860
0 0.101826 0.236714 0.031782 0.031190
0 0.229257 0.164850 0.032486 0.031913
0 0.224547 0.198096 0.032032 0.031330
0 0.809641 0.195683 0.031476 0.030164
0 0.812311 0.769533 0.036845 0.036547
0 0.872795 0.157306 0.049052 0.047711
0 0.862671 0.099592 0.043076 0.042677
0 0.156663 0.806571 0.203675 0.202076
0 0.559556 0.065276 0.029777 0.029171
0 0.426727 0.356675 0.274922 0.258249
0 0.220871 0.127263 0.039636 0.037481
0 0.363503 0.861064 0.029775 0.029339
0 0.601775 0.184000 0.033486 0.033029
0 0.942617 0.756928 0.114524 0.212390
0 0.262129 0.566833 0.049856 0.049410
0 0.537538 0.665704 0.044639 0.044045
0 0.734373 0.166745 0.038483 0.035868
0 0.062140 0.674074 0.037774 0.036554
0 0.621378 0.123687 0.029082 0.028276
0 0.871540 0.026275 0.069674 0.052551
0 0.783537 0.118859 0.040972 0.039117
0 0.476897 0.318631 0.188365 0.175815
0 0.940443 0.016296 0.067524 0.032310
0 0.364076 0.288369 0.048955 0.047311
0 0.142868 0.334126 0.033231 0.032334
0 0.617974 0.579117 0.081933 0.084436
0 0.799043 0.748129 0.035447 0.034643
0 0.200971 0.417766 0.077338 0.076233
0 0.638932 0.471620 0.027945 0.026674
0 0.434696 0.243456 0.025947 0.025394
0 0.353980 0.059235 0.053179 0.051978
0 0.850182 0.587446 0.036500 0.034357
0 0.984660 0.948528 0.021620 0.022116
0 0.366378 0.590008 0.098514 0.097534
0 0.233132 0.234795 0.224313 0.222700
0 0.734706 0.041930 0.069302 0.066240
0 0.082899 0.691226 0.033031 0.033767
0 0.053936 0.213010 0.078289 0.078947
0 0.843311 0.401120 0.032004 0.030402
0 0.068042 0.033677 0.027489 0.026933
0 0.881991 0.282362 0.041182 0.040465
0 0.841327 0.980509 0.023045 0.022570
0 0.839220 0.901622 0.026303 0.026664
0 0.103693 0.535499 0.123098 0.123684
0 0.509506 0.063954 0.062852 0.063367
0 0.687471 0.013605 0.092069 0.027210
0 0.796117 0.006370 0.047557 0.012476
0 0.441453 0.338878 0.024589 0.023914
0 0.733609 0.311498 0.068735 0.066727
0 0.064631 0.590186 0.081984 0.084303
0 0.783452 0.666752 0.045119 0.042426
0 0.437533 0.594848 0.041827 0.040834
0 0.505136 0.165305 0.048749 0.047060
0 0.025340 0.520115 0.031101 0.031445
0 0.083439 0.093616 0.033400 0.033504
0 0.438060 0.688471 0.038088 0.036333
0 0.765223 0.067106 0.033960 0.032978