0 0.193584 0.474363 0.113124 0.103668
0 0.655747 0.766581 0.032235 0.029209
0 0.679975 0.505674 0.043680 0.040512
0 0.700811 0.165677 0.042544 0.040514
0 0.236604 0.383284 0.033679 0.031928
0 0.147985 0.665725 0.033807 0.030874
0 0.477846 0.065409 0.034453 0.032186
0 0.727199 0.382736 0.054834 0.050502
0 0.639923 0.541820 0.033812 0.030951
0 0.582788 0.073534 0.032082 0.029667
0 0.821218 0.492207 0.028337 0.026267
0 0.976276 0.723534 0.028691 0.025729
0 0.796173 0.978701 0.029596 0.027730
0 0.172765 0.514292 0.030512 0.026650
0 0.873219 0.562526 0.031051 0.028040
0 0.137327 0.990770 0.056352 0.018461
0 0.585097 0.167714 0.028950 0.027333
0 0.444243 0.326700 0.028785 0.027355
0 0.452532 0.497792 0.027032 0.025905
0 0.347021 0.701945 0.027755 0.027130
0 0.127850 0.846579 0.028324 0.025276
0 0.135693 0.989322 0.088612 0.020793
0 0.345685 0.121517 0.027631 0.025741
0 0.202336 0.361966 0.026655 0.024416
0 0.070136 0.990098 0.042894 0.019556
0 0.682325 0.992025 0.024008 0.015950
0 0.968175 0.504811 0.024988 0.023409