0 0.410650 0.425010 0.101502 0.079343
0 0.417096 0.168582 0.075119 0.058730
0 0.578394 0.349915 0.063534 0.050288
0 0.269206 0.823306 0.062970 0.048439
0 0.149810 0.154081 0.055909 0.044477
0 0.385468 0.305216 0.052225 0.041955
0 0.901355 0.592513 0.068533 0.056600
0 0.822112 0.887206 0.052672 0.043243
0 0.811312 0.509921 0.376374 0.311228
0 0.495374 0.262207 0.044271 0.035533
0 0.544592 0.551217 0.034127 0.027832
0 0.616957 0.577192 0.037144 0.030183
0 0.237288 0.982361 0.042447 0.034443
0 0.632981 0.158096 0.194683 0.154180
0 0.617507 0.672450 0.039817 0.033075
0 0.485859 0.145246 0.043321 0.031692
0 0.665540 0.624846 0.030955 0.025397
0 0.602338 0.234145 0.044327 0.035151
0 0.986318 0.380023 0.027364 0.070809
0 0.609540 0.477739 0.050112 0.039009
0 0.842460 0.620030 0.031828 0.026960
0 0.479805 0.306514 0.034649 0.028192
0 0.020038 0.325283 0.039890 0.136070
0 0.276645 0.199010 0.038203 0.031344
0 0.278455 0.098165 0.286579 0.189034
0 0.475381 0.079191 0.031707 0.025068
0 0.626064 0.785324 0.037323 0.031898
0 0.052765 0.685951 0.087488 0.075648
0 0.451118 0.748749 0.455764 0.370088
0 0.225284 0.362250 0.038709 0.029714
0 0.627603 0.922474 0.032945 0.029161
0 0.402130 0.570383 0.062282 0.048128
0 0.528284 0.112608 0.044434 0.035257
0 0.538194 0.078483 0.029660 0.024793
0 0.139619 0.933407 0.038969 0.030856
0 0.534570 0.966475 0.028105 0.024336
0 0.595016 0.515084 0.040469 0.032654
0 0.949032 0.265766 0.101936 0.119566
0 0.448688 0.749872 0.032970 0.028999
0 0.291934 0.661868 0.034728 0.028409
0 0.178296 0.505239 0.030954 0.023945
0 0.152958 0.522551 0.027749 0.025338
0 0.320536 0.104440 0.383564 0.208879
0 0.928730 0.269635 0.065698 0.055629
0 0.863572 0.060364 0.041752 0.035232
0 0.087470 0.744292 0.034363 0.029801
0 0.444983 0.323503 0.540881 0.329700
0 0.405930 0.567334 0.053292 0.038624
0 0.898588 0.813006 0.135586 0.107645