0 0.187557 0.157536 0.078020 0.065245
0 0.790696 0.696313 0.416102 0.334072
0 0.231138 0.638637 0.047009 0.037121
0 0.835115 0.093351 0.043696 0.035132
0 0.060631 0.240149 0.034825 0.029370
0 0.160092 0.431352 0.040252 0.032361
0 0.320037 0.695048 0.039112 0.031279
0 0.255479 0.929439 0.037112 0.030035
0 0.739607 0.199265 0.047350 0.038070
0 0.094710 0.898408 0.034761 0.029142
0 0.024230 0.708695 0.038735 0.030927
0 0.084323 0.783324 0.042010 0.031182
0 0.154932 0.354643 0.034907 0.029014
0 0.686796 0.425950 0.036131 0.028867
0 0.540218 0.470995 0.034450 0.027901
0 0.200211 0.073817 0.043686 0.037105
0 0.814158 0.682993 0.030636 0.027072
0 0.261413 0.261429 0.031240 0.027155
0 0.546500 0.179756 0.030355 0.026808
0 0.308039 0.104037 0.029267 0.025014
0 0.205501 0.918101 0.033660 0.026880
0 0.011479 0.755448 0.022959 0.022840
0 0.476282 0.198419 0.212073 0.179678
0 0.299132 0.519633 0.094298 0.073874
0 0.621042 0.247365 0.031996 0.028126
0 0.312900 0.440126 0.061055 0.050303
0 0.125035 0.022132 0.075802 0.044263
0 0.178994 0.494873 0.043094 0.033641
0 0.676419 0.295690 0.033285 0.027256
0 0.306791 0.836896 0.027920 0.024154
0 0.417919 0.981194 0.043272 0.032889
0 0.228938 0.477573 0.051983 0.040751
0 0.307913 0.449159 0.071523 0.063088
0 0.441811 0.212891 0.031571 0.028091