0 0.461724 0.843165 0.067759 0.064776
0 0.125578 0.453514 0.041204 0.039597
0 0.240636 0.709236 0.057829 0.053473
0 0.308144 0.383937 0.032129 0.029978
0 0.167409 0.836378 0.049948 0.044765
0 0.092041 0.550921 0.038467 0.037499
0 0.208583 0.825499 0.037051 0.033912
0 0.192585 0.772145 0.040549 0.037208
0 0.204920 0.866247 0.050498 0.044850
0 0.286592 0.110386 0.036233 0.035515
0 0.151007 0.769811 0.032166 0.031106
0 0.482944 0.584608 0.034756 0.031525
0 0.009496 0.543741 0.018993 0.031829
0 0.127795 0.988724 0.028714 0.021998
0 0.486923 0.677440 0.048825 0.044543
0 0.118110 0.423032 0.024583 0.024174
0 0.188073 0.972994 0.029134 0.027382
0 0.283514 0.115462 0.039526 0.039383
0 0.454483 0.017180 0.048193 0.034361
0 0.005463 0.407623 0.010926 0.026253
0 0.467679 0.180686 0.050811 0.047043
0 0.173867 0.913591 0.045102 0.039828
0 0.173769 0.791140 0.032447 0.031054
0 0.511091 0.531813 0.035862 0.033765
0 0.074268 0.199160 0.027417 0.026920
0 0.427988 0.865616 0.027974 0.025450
0 0.204425 0.685282 0.026029 0.025321
0 0.095497 0.546527 0.039386 0.038530
0 0.546855 0.702300 0.051118 0.048310