0 0.472525 0.026717 0.065941 0.053435
0 0.151517 0.632283 0.041137 0.039371
0 0.116001 0.361111 0.033630 0.033353
0 0.672927 0.576968 0.031401 0.030612
0 0.126713 0.127223 0.039439 0.039464
0 0.177882 0.572010 0.029144 0.028525
0 0.288210 0.843176 0.039386 0.038335
0 0.975483 0.630315 0.043756 0.044868
0 0.602957 0.310008 0.033302 0.034041
0 0.624712 0.184410 0.098558 0.094078
0 0.709350 0.905657 0.025961 0.026073
0 0.043750 0.007541 0.025599 0.015082
0 0.566589 0.259404 0.026525 0.024806
0 0.049100 0.179823 0.030314 0.030056
0 0.237259 0.649581 0.026843 0.026002
0 0.205976 0.091821 0.122098 0.120411
0 0.968114 0.515028 0.052085 0.051358
0 0.271403 0.624611 0.022321 0.021941