0 0.568030 0.668626 0.080967 0.071628
0 0.762454 0.296356 0.053125 0.045944
0 0.122038 0.340990 0.047741 0.044322
0 0.447493 0.030933 0.042311 0.036373
0 0.865217 0.591417 0.045392 0.043289
0 0.702253 0.126830 0.043378 0.035639
0 0.662407 0.032426 0.033226 0.029804
0 0.948359 0.487032 0.034751 0.031207
0 0.178952 0.988109 0.042305 0.023519
0 0.051072 0.866603 0.030533 0.027683
0 0.671937 0.821620 0.029953 0.028636
0 0.538970 0.024784 0.030067 0.027217
0 0.550672 0.827355 0.029835 0.027741
0 0.586097 0.992907 0.037331 0.013902
0 0.660956 0.156664 0.027132 0.025191
0 0.456320 0.714921 0.029509 0.026541
0 0.152417 0.112684 0.029385 0.027869
0 0.307645 0.468429 0.027744 0.025846