0 0.379916 0.628963 0.053053 0.043542
0 0.197454 0.014121 0.074074 0.027567
0 0.128513 0.808925 0.054132 0.047893
0 0.352955 0.051903 0.068154 0.057901
0 0.932641 0.853576 0.093549 0.075083
0 0.894322 0.406723 0.033266 0.029468
0 0.909289 0.476671 0.061889 0.057143
0 0.876669 0.509729 0.038185 0.034929
0 0.062114 0.024406 0.091681 0.048813
0 0.895243 0.552559 0.044823 0.040014
0 0.878986 0.307603 0.033184 0.029771
0 0.688799 0.315734 0.030538 0.026726
0 0.313910 0.202162 0.042577 0.034012
0 0.557967 0.380154 0.045523 0.038609
0 0.928843 0.724783 0.058133 0.053452
0 0.593258 0.756400 0.039341 0.031954
0 0.100660 0.825467 0.077183 0.070875
0 0.249492 0.189462 0.031796 0.028742
0 0.532566 0.520070 0.030806 0.025707
0 0.836037 0.355767 0.060761 0.054613
0 0.132215 0.607023 0.040516 0.034922
0 0.847702 0.908647 0.053893 0.047491
0 0.642384 0.232139 0.033125 0.029835
0 0.701925 0.900284 0.027347 0.024341
0 0.832387 0.007974 0.034016 0.015949
0 0.035573 0.741550 0.041970 0.036634
0 0.922888 0.393590 0.154223 0.170396
0 0.644169 0.818043 0.026336 0.021862
0 0.303950 0.017179 0.029639 0.025513
0 0.766518 0.469393 0.070056 0.064033
0 0.647411 0.627161 0.032801 0.031084
0 0.809603 0.496565 0.027220 0.024499
0 0.849294 0.914569 0.048389 0.035469
0 0.245204 0.281289 0.028256 0.024014
0 0.222648 0.125594 0.031185 0.026904
0 0.736080 0.767330 0.032119 0.029057
0 0.890965 0.824309 0.031232 0.026720
0 0.880393 0.726100 0.066016 0.060799
0 0.666674 0.660824 0.034819 0.028596
0 0.861924 0.188721 0.276151 0.297366
0 0.507271 0.875862 0.029412 0.022743
0 0.053115 0.976726 0.033059 0.031336
0 0.950571 0.494344 0.036785 0.032167
0 0.013872 0.859437 0.027556 0.034219
0 0.008191 0.280557 0.016382 0.035250
0 0.898522 0.181888 0.026985 0.023701
0 0.497335 0.448209 0.029590 0.024577
0 0.852975 0.918947 0.038429 0.028393
0 0.951100 0.007063 0.035144 0.014127
0 0.675917 0.674506 0.029453 0.025882
0 0.990392 0.969594 0.018706 0.037736
0 0.113820 0.641337 0.032080 0.029132
0 0.039553 0.720431 0.029435 0.023719
0 0.101907 0.837838 0.055364 0.045855
0 0.966445 0.850465 0.061558 0.051751
0 0.983767 0.802484 0.032387 0.037505
0 0.564205 0.579689 0.049190 0.043589
0 0.770033 0.966941 0.028869 0.027265