0 0.561897 0.716176 0.082605 0.079670
0 0.417760 0.268055 0.180397 0.181600
0 0.934418 0.261841 0.040529 0.038333
0 0.689541 0.421772 0.056779 0.055656
0 0.312059 0.865267 0.103484 0.100528
0 0.436737 0.383490 0.141607 0.141703
0 0.732947 0.298231 0.067710 0.064254
0 0.370686 0.175694 0.049232 0.048793
0 0.095080 0.716816 0.034601 0.034018
0 0.194059 0.957623 0.047173 0.044516
0 0.978344 0.097592 0.042833 0.073259
0 0.378287 0.757923 0.038178 0.038119
0 0.662349 0.646535 0.056397 0.056442
0 0.142177 0.085355 0.033868 0.033335
0 0.472708 0.905357 0.053093 0.052494
0 0.309204 0.425010 0.062889 0.062431
0 0.325018 0.175252 0.039856 0.038756
0 0.364068 0.432470 0.034300 0.033562
0 0.845185 0.519975 0.088592 0.085973
0 0.081772 0.914374 0.161565 0.169659
0 0.088770 0.119353 0.039615 0.038010
0 0.914206 0.520284 0.040947 0.038715
0 0.220311 0.286192 0.096884 0.092640
0 0.255189 0.925996 0.037940 0.038438
0 0.240139 0.779626 0.036186 0.035833
0 0.037597 0.255599 0.030205 0.031555
0 0.735182 0.498165 0.055384 0.053827
0 0.836239 0.763990 0.044952 0.043629
0 0.524649 0.099937 0.043701 0.042902
0 0.308836 0.939703 0.047817 0.045930
0 0.213981 0.020655 0.046189 0.040341
0 0.264496 0.954854 0.034375 0.033994
0 0.762791 0.767606 0.076584 0.075306
0 0.015260 0.513327 0.030519 0.034386
0 0.859615 0.368711 0.045221 0.042010
0 0.242941 0.817330 0.034273 0.033561
0 0.623209 0.853925 0.621036 0.292149
0 0.716523 0.368340 0.029751 0.028965
0 0.912101 0.833960 0.175208 0.197871
0 0.193897 0.199662 0.072565 0.073141
0 0.302513 0.019081 0.050622 0.038162
0 0.419509 0.600609 0.288020 0.291315
0 0.948909 0.697763 0.039489 0.036108
0 0.944211 0.809002 0.047335 0.045012
0 0.111600 0.438519 0.028364 0.028285
0 0.572683 0.321776 0.032425 0.032425
0 0.505508 0.621627 0.062734 0.060019
0 0.986608 0.939041 0.026784 0.121919
0 0.233623 0.851284 0.046268 0.045510
0 0.583056 0.189828 0.028821 0.028177
0 0.680674 0.788893 0.061292 0.059115
0 0.294246 0.698728 0.032900 0.031523
0 0.573064 0.403117 0.052228 0.052082
0 0.236302 0.501081 0.033484 0.033798
0 0.612291 0.172521 0.031230 0.031740
0 0.012765 0.014610 0.024822 0.029212
0 0.110065 0.086120 0.026152 0.025598
0 0.984769 0.722756 0.029677 0.114286
0 0.277487 0.980130 0.029929 0.027916
0 0.010573 0.387966 0.021145 0.061928
0 0.159911 0.601355 0.039962 0.038238
0 0.661520 0.351292 0.089275 0.091118
0 0.309912 0.232059 0.039622 0.037563
0 0.376339 0.706634 0.032140 0.032550
0 0.183895 0.290209 0.027446 0.027034
0 0.952760 0.724877 0.043044 0.041731
0 0.830054 0.142557 0.079838 0.077512
0 0.526241 0.036779 0.065883 0.059807
0 0.596855 0.576657 0.046675 0.045307
0 0.247929 0.893116 0.042854 0.040786
0 0.686592 0.794404 0.047300 0.048523
0 0.266372 0.592915 0.027202 0.026487
0 0.013230 0.288135 0.025936 0.027732
0 0.006880 0.132677 0.013760 0.039970
0 0.013219 0.764450 0.026438 0.074528
0 0.612934 0.068175 0.031161 0.031227
0 0.257558 0.096745 0.050678 0.055475
0 0.805293 0.848809 0.117536 0.105315
0 0.569015 0.155906 0.027116 0.026741
0 0.534393 0.035266 0.081007 0.069872
0 0.815619 0.895195 0.130258 0.120272
0 0.291847 0.374538 0.037480 0.036693
0 0.690748 0.797447 0.041193 0.040270
0 0.255704 0.105595 0.042219 0.040203