0 0.758963 0.332087 0.093832 0.090520
0 0.610763 0.623209 0.051309 0.050408
0 0.285182 0.932576 0.060721 0.059276
0 0.235742 0.879176 0.046792 0.045051
0 0.118897 0.447353 0.041576 0.041545
0 0.480620 0.033380 0.059379 0.056291
0 0.715270 0.525520 0.040340 0.038019
0 0.911774 0.017171 0.054970 0.033145
0 0.538725 0.453851 0.034739 0.032770
0 0.303290 0.428250 0.037011 0.034710
0 0.361766 0.017324 0.040789 0.034648
0 0.842855 0.081717 0.046648 0.045359
0 0.936182 0.068280 0.068790 0.065624
0 0.157860 0.029124 0.100685 0.058164
0 0.710590 0.086905 0.047052 0.043922
0 0.596701 0.663417 0.033046 0.029815
0 0.826750 0.500890 0.170784 0.163934
0 0.138826 0.241257 0.041289 0.038998
0 0.508199 0.581862 0.032631 0.032054
0 0.626657 0.765079 0.219842 0.191332
0 0.232630 0.014281 0.037969 0.028075
0 0.151784 0.327468 0.029327 0.029157
0 0.927372 0.767648 0.085620 0.079865
0 0.641735 0.431718 0.108611 0.099903
0 0.141583 0.156335 0.028913 0.028464
0 0.112529 0.649895 0.030787 0.029521
0 0.019915 0.201940 0.027152 0.026666
0 0.140432 0.271363 0.045235 0.042621
0 0.461552 0.314901 0.131481 0.126101
0 0.946822 0.441863 0.104716 0.390795
0 0.896793 0.720144 0.092005 0.093437
0 0.634243 0.909619 0.094659 0.090097
0 0.860542 0.365474 0.092741 0.092540
0 0.663599 0.828158 0.027533 0.027642
0 0.793278 0.614881 0.028379 0.027180
0 0.056271 0.584644 0.095309 0.092800
0 0.080123 0.378833 0.025644 0.025239
0 0.435357 0.498962 0.030541 0.028713
0 0.530558 0.053280 0.053018 0.047966
0 0.677885 0.071230 0.035492 0.033478
0 0.865456 0.225940 0.066763 0.060361
0 0.625168 0.219914 0.196300 0.187698
0 0.586638 0.792939 0.024274 0.023713
0 0.444782 0.290094 0.087158 0.083920
0 0.536510 0.052725 0.044242 0.041673