0 0.465302 0.024130 0.065434 0.048259
0 0.946563 0.395604 0.043570 0.042695
0 0.657719 0.190585 0.062862 0.063324
0 0.764811 0.690974 0.039451 0.039410
0 0.165926 0.293664 0.061238 0.060074
0 0.912857 0.821759 0.031755 0.031532
0 0.754454 0.427303 0.032171 0.031623
0 0.316704 0.473426 0.088014 0.087497
0 0.870523 0.408509 0.032714 0.032605
0 0.488682 0.249186 0.048817 0.048160
0 0.952474 0.494752 0.042659 0.042649
0 0.226700 0.483136 0.101928 0.097123
0 0.372049 0.109590 0.078767 0.076675
0 0.866586 0.845636 0.047284 0.045707
0 0.284493 0.012151 0.097290 0.024295
0 0.018423 0.516458 0.036845 0.040334
0 0.852410 0.805335 0.047287 0.046764
0 0.572309 0.749372 0.038712 0.037474
0 0.813629 0.131397 0.028141 0.027825
0 0.016342 0.865417 0.028293 0.028097
0 0.199369 0.910596 0.064782 0.064651
0 0.553564 0.118984 0.101901 0.099150
0 0.867019 0.154102 0.055841 0.055281
0 0.911000 0.476146 0.029409 0.029727
0 0.929043 0.841715 0.022867 0.023345
0 0.191225 0.550171 0.032585 0.031459
0 0.796938 0.721466 0.064419 0.063543
0 0.777557 0.857030 0.054254 0.055891
0 0.129445 0.861830 0.069172 0.066645
0 0.039406 0.958136 0.078812 0.081317
0 0.596627 0.800952 0.057147 0.053809
0 0.415582 0.056585 0.057805 0.057833
0 0.045303 0.125895 0.057019 0.055863
0 0.109637 0.484064 0.119910 0.116188
0 0.899174 0.797393 0.023067 0.023430
0 0.944302 0.661336 0.111395 0.119528
0 0.357856 0.484208 0.024122 0.024463
0 0.111276 0.909250 0.079542 0.075142
0 0.845054 0.607449 0.081625 0.082392
0 0.102533 0.291470 0.029173 0.028884