0 0.362762 0.672376 0.245162 0.211511
0 0.377674 0.804626 0.177134 0.160602
0 0.619310 0.669978 0.168493 0.152668
0 0.535245 0.756714 0.165927 0.144758
0 0.290346 0.916405 0.051283 0.045941
0 0.127295 0.217987 0.028405 0.025173
0 0.622903 0.122618 0.096765 0.081711
0 0.861388 0.621685 0.034478 0.028549
0 0.663041 0.695071 0.028211 0.024224
0 0.005558 0.650069 0.010776 0.033079
0 0.655690 0.973496 0.121734 0.053009
0 0.132270 0.529653 0.024117 0.021850
0 0.275378 0.247197 0.549006 0.494394
0 0.566838 0.900448 0.026425 0.024594
0 0.732246 0.331202 0.023195 0.021671
0 0.364812 0.400400 0.029741 0.024926
0 0.706698 0.119526 0.110407 0.100295