0 0.318450 0.606224 0.067749 0.050284
0 0.045010 0.756124 0.089860 0.075180
0 0.475315 0.947698 0.068565 0.050447
0 0.883570 0.795180 0.088109 0.063920
0 0.199172 0.557382 0.047552 0.034846
0 0.960619 0.642330 0.036803 0.029428
0 0.892450 0.981104 0.036789 0.030605
0 0.867151 0.953914 0.059239 0.047539
0 0.914495 0.935368 0.059299 0.045575
0 0.212218 0.632736 0.039691 0.030936
0 0.665112 0.458154 0.039936 0.031857
0 0.275776 0.899505 0.049756 0.036376
0 0.300855 0.869729 0.037256 0.030902
0 0.163726 0.920272 0.327452 0.159131
0 0.809709 0.478537 0.031246 0.024278
0 0.420246 0.972187 0.033009 0.025932