0 0.253297 0.061544 0.066546 0.066764
0 0.688069 0.746115 0.082396 0.081122
0 0.829751 0.132717 0.039540 0.039685
0 0.852107 0.584259 0.038399 0.038488
0 0.669899 0.462245 0.035858 0.035160
0 0.473399 0.579942 0.057787 0.057843
0 0.267758 0.381567 0.032861 0.032646
0 0.739651 0.488761 0.028768 0.028863
0 0.345029 0.525288 0.043758 0.042799
0 0.842879 0.433313 0.037301 0.037088
0 0.909888 0.662515 0.029844 0.029237
0 0.187818 0.085242 0.030590 0.030535
0 0.049879 0.714527 0.031161 0.031161
0 0.153704 0.370573 0.029976 0.029421
0 0.541052 0.213964 0.078850 0.078154
0 0.528874 0.780660 0.025667 0.027259
0 0.905547 0.576565 0.027635 0.027210
0 0.757922 0.990159 0.027883 0.019682
0 0.306752 0.802422 0.175145 0.176941
0 0.691592 0.905022 0.025511 0.025435
0 0.984236 0.963277 0.025608 0.025576
0 0.539299 0.023371 0.027991 0.027251
0 0.907299 0.008946 0.048289 0.017778
0 0.993679 0.226006 0.012643 0.026730