0 0.379861 0.020833 0.054513 0.041666
0 0.253606 0.721043 0.054087 0.052056
0 0.365512 0.806186 0.046104 0.042213
0 0.764098 0.924161 0.040435 0.038118
0 0.802238 0.840471 0.037520 0.035191
0 0.303738 0.117408 0.042187 0.038618
0 0.125970 0.400855 0.046058 0.044406
0 0.843778 0.651343 0.040718 0.036640
0 0.656707 0.887062 0.039020 0.036090
0 0.193817 0.782677 0.038447 0.038004
0 0.543215 0.358160 0.038549 0.034592
0 0.877087 0.462092 0.037337 0.033042
0 0.836606 0.884580 0.045143 0.042230
0 0.938522 0.505452 0.031713 0.029544
0 0.894452 0.360162 0.033022 0.029048
0 0.025368 0.479966 0.039545 0.038230
0 0.137970 0.685552 0.035254 0.034691
0 0.935940 0.799281 0.060108 0.055296
0 0.458309 0.030284 0.065700 0.058453
0 0.065269 0.392079 0.039352 0.038295
0 0.632776 0.966931 0.026919 0.026036
0 0.210089 0.354400 0.052995 0.050715
0 0.696608 0.891743 0.029705 0.029146
0 0.358725 0.934155 0.038204 0.035837
0 0.568986 0.315132 0.048448 0.044038
0 0.588243 0.346232 0.061938 0.056275
0 0.150564 0.226073 0.028047 0.028649
0 0.102618 0.734572 0.060993 0.057728
0 0.961850 0.963284 0.076300 0.071626
0 0.080096 0.134807 0.031198 0.031187
0 0.033045 0.731633 0.058242 0.055593
0 0.976462 0.340773 0.028402 0.026191
0 0.079103 0.100039 0.028801 0.027351
0 0.564215 0.206246 0.043094 0.040842
0 0.944687 0.207111 0.029577 0.027504
0 0.101674 0.086474 0.027070 0.026794
0 0.752258 0.991871 0.032851 0.016258
0 0.568881 0.859980 0.028698 0.028122
0 0.843263 0.413574 0.067954 0.060002
0 0.042088 0.155897 0.025351 0.025084
0 0.429520 0.005608 0.042217 0.011216
0 0.401846 0.552848 0.099268 0.085573
0 0.083896 0.061973 0.039287 0.036124
0 0.844629 0.179514 0.148834 0.126730
0 0.927851 0.645968 0.048757 0.045904
0 0.980837 0.208690 0.038079 0.088262
0 0.624964 0.407287 0.080424 0.071904
0 0.208110 0.853007 0.027151 0.025902
0 0.426214 0.006818 0.046304 0.013635
0 0.664757 0.476459 0.094559 0.084255
0 0.954060 0.119614 0.091879 0.111243