0 0.726707 0.197946 0.100411 0.074602
0 0.292607 0.641191 0.063707 0.049691
0 0.583936 0.233820 0.203242 0.164207
0 0.725215 0.362000 0.041949 0.030119
0 0.787336 0.617097 0.071162 0.053896
0 0.372160 0.489803 0.046148 0.032216
0 0.546712 0.769139 0.066539 0.046744
0 0.359077 0.012246 0.051172 0.023822
0 0.457791 0.072578 0.108417 0.082339
0 0.877035 0.726411 0.051155 0.040768
0 0.570966 0.057456 0.098047 0.070121
0 0.873523 0.548154 0.080535 0.055025
0 0.392244 0.039044 0.043455 0.032373
0 0.052702 0.328617 0.045619 0.034832
0 0.904058 0.294520 0.056525 0.043394
0 0.925355 0.079762 0.112710 0.087064
0 0.239284 0.503302 0.047607 0.034913
0 0.807290 0.287354 0.043670 0.032725
0 0.788713 0.677735 0.060395 0.039385
0 0.613997 0.084243 0.048355 0.034049
0 0.231483 0.013154 0.069280 0.026061
0 0.283010 0.056100 0.033528 0.025291
0 0.689322 0.087324 0.037727 0.030243
0 0.239817 0.755296 0.045268 0.032927
0 0.027576 0.240030 0.041883 0.033831
0 0.908843 0.610907 0.044525 0.029700
0 0.929175 0.424179 0.039334 0.031450
0 0.091985 0.378873 0.034468 0.025846
0 0.969642 0.157020 0.060717 0.072863
0 0.752011 0.059118 0.050127 0.035581
0 0.894343 0.434143 0.036935 0.029213
0 0.360338 0.702639 0.039793 0.030062
0 0.852207 0.152690 0.048663 0.037061
0 0.884014 0.256274 0.049779 0.036783
0 0.853087 0.552872 0.043128 0.032812
0 0.460437 0.193891 0.151085 0.112819
0 0.446237 0.006730 0.038983 0.013460
0 0.239434 0.760619 0.049099 0.039242
0 0.674344 0.401943 0.077361 0.052582
0 0.803469 0.151369 0.042304 0.033077
0 0.737537 0.469170 0.061122 0.046674
0 0.728810 0.013909 0.056525 0.027819
0 0.008149 0.121574 0.016246 0.049482
0 0.726368 0.130419 0.040918 0.031956