0 0.415520 0.858817 0.079832 0.063076
0 0.089543 0.237787 0.141046 0.111918
0 0.117353 0.809996 0.109664 0.087291
0 0.318878 0.404916 0.051785 0.040757
0 0.660020 0.589699 0.045817 0.035700
0 0.952094 0.641388 0.094774 0.171418
0 0.204370 0.013743 0.055753 0.027486
0 0.739965 0.075131 0.043201 0.034110
0 0.599032 0.976062 0.044553 0.035563
0 0.363926 0.741689 0.044709 0.033227
0 0.253917 0.364548 0.050567 0.035501
0 0.832268 0.836661 0.040675 0.033006
0 0.493106 0.871566 0.055389 0.038922
0 0.212069 0.610625 0.046051 0.033629
0 0.788426 0.931686 0.072840 0.055525
0 0.452178 0.274795 0.040333 0.031861
0 0.803020 0.970824 0.037742 0.029222
0 0.506262 0.332074 0.039881 0.033009
0 0.979360 0.264218 0.041038 0.057863
0 0.514684 0.369444 0.048550 0.037704
0 0.489592 0.919286 0.076137 0.057025
0 0.977794 0.247274 0.037745 0.032099
0 0.934004 0.960229 0.048844 0.034497
0 0.032316 0.730076 0.037354 0.027593
0 0.903477 0.318675 0.041949 0.030968
0 0.435008 0.757531 0.056670 0.043906
0 0.253206 0.734488 0.038782 0.031196
0 0.740588 0.851016 0.041446 0.031463
0 0.481018 0.109640 0.097137 0.074160
0 0.965326 0.206069 0.031391 0.027555
0 0.656322 0.916258 0.041596 0.031914
0 0.006449 0.537879 0.012459 0.028405
0 0.290366 0.633588 0.055311 0.039922
0 0.173213 0.514329 0.037029 0.028200
0 0.977844 0.253740 0.040210 0.043806
0 0.497642 0.384723 0.035739 0.029398
0 0.717092 0.428126 0.035712 0.027566
0 0.513682 0.840718 0.039885 0.032936
0 0.602024 0.224645 0.131321 0.100636
0 0.864671 0.348801 0.037401 0.028867
0 0.984320 0.942587 0.030437 0.025614
0 0.204377 0.918626 0.058966 0.046699
0 0.459253 0.187182 0.168946 0.124738