0 0.368884 0.462678 0.038557 0.031538
0 0.596740 0.271221 0.059422 0.044241
0 0.550695 0.193042 0.036074 0.030161
0 0.912796 0.242185 0.127831 0.106853
0 0.362210 0.243540 0.062304 0.047815
0 0.414897 0.197715 0.043419 0.034612
0 0.961118 0.849056 0.077765 0.084589
0 0.227791 0.491428 0.034547 0.028425
0 0.357494 0.555747 0.030593 0.025744
0 0.727020 0.700256 0.027994 0.023787
0 0.933474 0.330422 0.078011 0.065359
0 0.865500 0.295756 0.100588 0.085023
0 0.283987 0.875875 0.567974 0.245377
0 0.967121 0.024133 0.055251 0.047115
0 0.071644 0.753183 0.056483 0.046820
0 0.051178 0.178072 0.054825 0.045984
0 0.828836 0.268773 0.029415 0.026128
0 0.977914 0.730003 0.044171 0.050160
0 0.224030 0.090673 0.083219 0.074246
0 0.649370 0.158652 0.031388 0.026446
0 0.935383 0.973918 0.079159 0.051837
0 0.317014 0.316886 0.078688 0.065613
0 0.283476 0.121240 0.069997 0.055096
0 0.396137 0.228829 0.033801 0.029584
0 0.026977 0.798590 0.052828 0.094605
0 0.243626 0.033243 0.080991 0.066487
0 0.620144 0.322616 0.045919 0.039063
0 0.814681 0.819595 0.058802 0.050938
0 0.306640 0.247085 0.045116 0.041027
0 0.169097 0.233802 0.059818 0.052762
0 0.871762 0.983301 0.097557 0.033397
0 0.275215 0.395758 0.076614 0.058882
0 0.334345 0.004917 0.028240 0.009798
0 0.697329 0.805838 0.497298 0.388324
0 0.942067 0.925711 0.060705 0.047773