0 0.079993 0.974882 0.072656 0.050093
0 0.182697 0.113506 0.035110 0.027966
0 0.365263 0.349882 0.049010 0.035493
0 0.619768 0.758116 0.038327 0.031597
0 0.115557 0.747812 0.089744 0.071181
0 0.146193 0.720908 0.039433 0.028506
0 0.211250 0.810919 0.051515 0.037683
0 0.225795 0.775084 0.089140 0.062465
0 0.091184 0.891178 0.182367 0.187787
0 0.985614 0.562192 0.028773 0.033795
0 0.308750 0.274066 0.038793 0.027560
0 0.575811 0.791328 0.040752 0.027622
0 0.800518 0.203919 0.032342 0.023427
0 0.460406 0.961336 0.250800 0.077328
0 0.123447 0.457878 0.044490 0.031020
0 0.540162 0.491316 0.077833 0.056194
0 0.301445 0.318680 0.032542 0.022906
0 0.190478 0.548051 0.379624 0.350038
0 0.406899 0.561783 0.088054 0.068743