0 0.595821 0.292210 0.063404 0.061011
0 0.044656 0.597622 0.076045 0.074002
0 0.134453 0.095689 0.046925 0.044352
0 0.855052 0.199852 0.052476 0.048107
0 0.550182 0.979225 0.043467 0.040564
0 0.740766 0.449665 0.043051 0.040317
0 0.448337 0.355768 0.108531 0.103785
0 0.748327 0.332183 0.040449 0.038863
0 0.366501 0.698693 0.046589 0.045457
0 0.351890 0.244532 0.042365 0.040363
0 0.645621 0.931081 0.076005 0.074425
0 0.647081 0.116161 0.030475 0.029643
0 0.519960 0.445570 0.032932 0.030457
0 0.040091 0.141231 0.075438 0.075649
0 0.700086 0.256311 0.062398 0.055966
0 0.818844 0.513025 0.062060 0.060491
0 0.925662 0.500905 0.071668 0.069002
0 0.126367 0.394766 0.040981 0.038531
0 0.303378 0.919935 0.412688 0.160129
0 0.952423 0.110219 0.032260 0.030716
0 0.443979 0.196112 0.027893 0.026362
0 0.639535 0.014513 0.096074 0.028814
0 0.926130 0.229903 0.027289 0.025944
0 0.637541 0.860096 0.044747 0.043373
0 0.423971 0.289851 0.035425 0.035193
0 0.093206 0.303498 0.035620 0.034228
0 0.381847 0.030529 0.031576 0.029531
0 0.867338 0.014763 0.052804 0.029391
0 0.969211 0.542515 0.041203 0.039439
0 0.723111 0.127882 0.029410 0.028822
0 0.032815 0.281213 0.065630 0.072145
0 0.681197 0.842315 0.033426 0.033202
0 0.207971 0.058150 0.027098 0.025973
0 0.015850 0.558758 0.031701 0.046584
0 0.406321 0.479124 0.029497 0.028329
0 0.614817 0.066768 0.038352 0.037556
0 0.412670 0.183726 0.025951 0.025031
0 0.566384 0.126815 0.037293 0.034638
0 0.743533 0.270514 0.025192 0.025406
0 0.720532 0.428257 0.023605 0.022449
0 0.693856 0.880376 0.047929 0.048462
0 0.763935 0.089535 0.074001 0.072173
0 0.153456 0.124320 0.022592 0.022519
0 0.153502 0.395931 0.022999 0.023065
0 0.420832 0.463783 0.030038 0.029465
0 0.339102 0.009320 0.031032 0.018641
0 0.818152 0.791808 0.025896 0.025170
0 0.709575 0.275130 0.044822 0.040991
0 0.018587 0.508299 0.024441 0.022966
0 0.263578 0.685592 0.023650 0.023313
0 0.438463 0.437578 0.028509 0.027434
0 0.278053 0.015371 0.051436 0.030741
0 0.932454 0.455527 0.030475 0.030436