0 0.791794 0.565847 0.056846 0.045442
0 0.129548 0.402729 0.216259 0.165805
0 0.820640 0.102769 0.114541 0.086238
0 0.874878 0.230376 0.073888 0.055648
0 0.917627 0.514244 0.093512 0.073515
0 0.209185 0.795073 0.089153 0.062570
0 0.966691 0.695660 0.066598 0.066455
0 0.394640 0.772962 0.050722 0.038226
0 0.053456 0.796792 0.068639 0.050525
0 0.410541 0.492288 0.088175 0.066172
0 0.279593 0.157093 0.060362 0.046768
0 0.295606 0.406534 0.058349 0.044993
0 0.807397 0.824988 0.059018 0.047448
0 0.924541 0.364449 0.041906 0.032430
0 0.196386 0.253011 0.124556 0.096187
0 0.276362 0.290218 0.055445 0.043554
0 0.267332 0.969477 0.046862 0.036099
0 0.171429 0.658859 0.076338 0.057143
0 0.074256 0.850642 0.062327 0.049317
0 0.382320 0.868965 0.066031 0.050549
0 0.294840 0.552482 0.037313 0.029622
0 0.219902 0.545049 0.067422 0.053082
0 0.256333 0.082141 0.054469 0.037843
0 0.023722 0.017489 0.047444 0.034867
0 0.768170 0.434776 0.089205 0.070343
0 0.770555 0.641246 0.062802 0.044643
0 0.502683 0.602660 0.048997 0.035151
0 0.871405 0.838375 0.054615 0.038589
0 0.087483 0.895034 0.051133 0.038734
0 0.228965 0.697591 0.092546 0.063041
0 0.263817 0.489625 0.052748 0.038487
0 0.132851 0.293118 0.041040 0.031705
0 0.518857 0.167587 0.060362 0.049296
0 0.074942 0.558497 0.082481 0.065970
0 0.892521 0.639477 0.060376 0.040009
0 0.120313 0.868424 0.049298 0.035516
0 0.166841 0.894106 0.065222 0.051516
0 0.238571 0.439914 0.041852 0.032934
0 0.272622 0.845379 0.044157 0.032905
0 0.109331 0.833281 0.033187 0.025018
0 0.784493 0.153314 0.053158 0.040892
0 0.969012 0.546619 0.061975 0.056017
0 0.107269 0.759543 0.068607 0.050429
0 0.425805 0.609061 0.035028 0.028106
0 0.157634 0.416927 0.065052 0.043079
0 0.869524 0.778910 0.050049 0.038396
0 0.848296 0.744696 0.047610 0.034947
0 0.982632 0.390304 0.034735 0.051460
0 0.101163 0.321456 0.048303 0.036399
0 0.170713 0.312549 0.044013 0.033859
0 0.381986 0.453137 0.043223 0.035448
0 0.126945 0.937687 0.069442 0.049688
0 0.982985 0.984900 0.032997 0.029249
0 0.227124 0.746222 0.084737 0.062492
0 0.494954 0.496783 0.086354 0.069097
0 0.023487 0.837490 0.046974 0.060321
0 0.828822 0.366257 0.039412 0.031455
0 0.636853 0.076389 0.041456 0.031279
0 0.826050 0.486287 0.045765 0.036237
0 0.132529 0.941196 0.060940 0.039317
0 0.237563 0.128491 0.044110 0.036059
0 0.228473 0.710750 0.111939 0.084405
0 0.493079 0.745428 0.059705 0.047585
0 0.071341 0.364693 0.071978 0.051758
0 0.605537 0.741684 0.176143 0.129839
0 0.538596 0.914172 0.091612 0.075855
0 0.838411 0.800640 0.032854 0.024395
0 0.851665 0.337842 0.043052 0.030620
0 0.228327 0.732147 0.103266 0.082602
0 0.281210 0.448377 0.046544 0.034627
0 0.626929 0.318536 0.038011 0.026650
0 0.217845 0.554452 0.057482 0.037351
0 0.037676 0.909288 0.041496 0.033794
0 0.366557 0.782281 0.220165 0.154998
0 0.775446 0.630365 0.070149 0.057957
0 0.010022 0.255050 0.020043 0.050348
0 0.866733 0.543554 0.041620 0.032223
0 0.736170 0.822898 0.168270 0.140308
0 0.014174 0.061069 0.028348 0.065290
0 0.595677 0.028642 0.035800 0.030380
0 0.065702 0.174076 0.059108 0.042548
0 0.565195 0.980714 0.050849 0.036190
0 0.783558 0.185289 0.047755 0.035830
0 0.412844 0.057133 0.039350 0.029891
0 0.469749 0.194808 0.105186 0.076063
0 0.724294 0.739420 0.056185 0.038551
0 0.197066 0.104650 0.069101 0.057049
0 0.731369 0.061752 0.076574 0.064132
0 0.951211 0.190778 0.043095 0.034448
0 0.450865 0.646090 0.065865 0.052803
0 0.587177 0.986939 0.031439 0.025349