0 0.121626 0.378866 0.217961 0.181562
0 0.163728 0.050521 0.075562 0.061425
0 0.351831 0.500296 0.078240 0.062834
0 0.577496 0.498085 0.045012 0.034279
0 0.161189 0.589693 0.044158 0.034856
0 0.969918 0.668113 0.037764 0.030454
0 0.456205 0.802382 0.047791 0.039000
0 0.413495 0.123456 0.040711 0.034047
0 0.628131 0.073523 0.043161 0.034005
0 0.324116 0.115278 0.052588 0.040880
0 0.163533 0.104675 0.064923 0.052065
0 0.632144 0.223448 0.089038 0.069428
0 0.012041 0.215622 0.023508 0.028010
0 0.722525 0.956743 0.070449 0.054996
0 0.175695 0.554099 0.063384 0.048780
0 0.709382 0.657843 0.032872 0.027497
0 0.356791 0.317940 0.039173 0.033081
0 0.113945 0.603489 0.037624 0.030569
0 0.250369 0.077705 0.077228 0.062410
0 0.056338 0.946808 0.054939 0.046221
0 0.204662 0.263009 0.121605 0.102569
0 0.365886 0.140090 0.040699 0.034035
0 0.867689 0.244858 0.264561 0.390425
0 0.609943 0.519351 0.658652 0.537008
0 0.007983 0.085617 0.015967 0.026041