0 0.761435 0.871019 0.153582 0.141807
0 0.513765 0.672852 0.038117 0.037408
0 0.771433 0.732514 0.043578 0.042758
0 0.394404 0.414049 0.031249 0.030713
0 0.581887 0.541130 0.039269 0.037975
0 0.014883 0.975529 0.029766 0.036196
0 0.855981 0.818435 0.032584 0.032092
0 0.786439 0.954002 0.050503 0.046388
0 0.399282 0.855141 0.031546 0.031356
0 0.830567 0.918638 0.032202 0.031060
0 0.817158 0.938614 0.028349 0.026792
0 0.732664 0.971446 0.079459 0.057101
0 0.161776 0.518516 0.024948 0.023347
0 0.921545 0.686492 0.027271 0.026438
0 0.953610 0.542554 0.027645 0.026344
0 0.567918 0.886568 0.045508 0.043391
0 0.959192 0.696037 0.026828 0.025782
0 0.493782 0.909615 0.115636 0.112315
0 0.473551 0.900377 0.153298 0.139284
0 0.994774 0.871566 0.010452 0.028687
0 0.673323 0.987489 0.043486 0.025022
0 0.785380 0.607062 0.074392 0.071785
0 0.139592 0.696252 0.050524 0.048456
0 0.333641 0.876862 0.083732 0.081133
0 0.283176 0.849329 0.077279 0.074134
0 0.935437 0.505342 0.068784 0.068636
0 0.275121 0.270005 0.550242 0.540010
0 0.821226 0.183129 0.037207 0.037195
0 0.716849 0.628297 0.059527 0.056749
0 0.462031 0.848915 0.045307 0.045332
0 0.733196 0.980312 0.076772 0.039376
0 0.041035 0.034777 0.029942 0.027685