0 0.248131 0.503629 0.451113 0.427966
0 0.400142 0.091043 0.034179 0.033353
0 0.828517 0.024253 0.035527 0.033000
0 0.441792 0.844919 0.035694 0.034388
0 0.957758 0.020724 0.030983 0.030257
0 0.852919 0.882036 0.122244 0.119371
0 0.729691 0.555747 0.037681 0.035996
0 0.268678 0.484088 0.035257 0.033165
0 0.102172 0.922466 0.203451 0.152604
0 0.785507 0.858467 0.049877 0.048240
0 0.844149 0.983857 0.078120 0.032287
0 0.633400 0.519576 0.074945 0.073604
0 0.252342 0.725602 0.039063 0.037568
0 0.053047 0.422250 0.036562 0.034525
0 0.662257 0.747703 0.089806 0.090482
0 0.694572 0.564346 0.028547 0.026737
0 0.400684 0.891492 0.024140 0.023934
0 0.859114 0.782946 0.039708 0.038010
0 0.076086 0.150777 0.038424 0.035350
0 0.438039 0.682264 0.117984 0.113024