0 0.528414 0.107544 0.055959 0.053489
0 0.516818 0.777524 0.050804 0.048030
0 0.817039 0.834607 0.046296 0.043438
0 0.108126 0.609451 0.049721 0.047226
0 0.790075 0.109487 0.031692 0.030866
0 0.667048 0.407036 0.032553 0.030805
0 0.756518 0.906005 0.032461 0.030268
0 0.498645 0.434961 0.091370 0.083967
0 0.449157 0.205655 0.244965 0.224848
0 0.348719 0.816935 0.030744 0.029072
0 0.928532 0.544678 0.142936 0.170099
0 0.574371 0.492227 0.030115 0.028000
0 0.194153 0.483161 0.032484 0.031440
0 0.328850 0.054240 0.029496 0.027001
0 0.171570 0.461386 0.033767 0.031220
0 0.396260 0.128184 0.028534 0.026529
0 0.573355 0.590529 0.027514 0.025942
0 0.381272 0.587942 0.027689 0.025882
0 0.569841 0.707605 0.027420 0.025279
0 0.875460 0.467127 0.027325 0.026646
0 0.361916 0.860849 0.049719 0.045125
0 0.602955 0.393317 0.103870 0.099282
0 0.918553 0.317221 0.028944 0.028044
0 0.932091 0.442984 0.135817 0.150626
0 0.552690 0.033935 0.030079 0.029534
0 0.566955 0.371575 0.026032 0.024956
0 0.750921 0.683088 0.074556 0.069437
0 0.359716 0.943687 0.039609 0.035310
0 0.931994 0.422519 0.117730 0.114710
0 0.446139 0.564587 0.049893 0.046533
0 0.832066 0.806793 0.023674 0.022608
0 0.933586 0.258997 0.078701 0.077284
0 0.147744 0.485424 0.028726 0.027816