0 0.447048 0.025956 0.048072 0.047202
0 0.259693 0.075990 0.035002 0.034345
0 0.418376 0.669504 0.045829 0.043602
0 0.217441 0.688835 0.035707 0.034443
0 0.178273 0.438250 0.031987 0.030479
0 0.122693 0.538915 0.040219 0.040661
0 0.332837 0.530589 0.032733 0.031835
0 0.757973 0.011458 0.029686 0.022916
0 0.544789 0.961301 0.056338 0.054418
0 0.309435 0.418866 0.036378 0.035226
0 0.259771 0.634492 0.027741 0.026710
0 0.280991 0.719864 0.028830 0.027931
0 0.640798 0.568648 0.051094 0.047453
0 0.537333 0.010462 0.048810 0.020553
0 0.284281 0.620817 0.026367 0.025837
0 0.015934 0.504113 0.031867 0.036893
0 0.501170 0.783116 0.032088 0.031556
0 0.440945 0.565582 0.033328 0.033723
0 0.650485 0.129998 0.042756 0.041044
0 0.541577 0.708247 0.037751 0.037826
0 0.628103 0.618848 0.039865 0.039226
0 0.180103 0.937527 0.055811 0.053098
0 0.302369 0.298776 0.029860 0.028939
0 0.787300 0.164453 0.052232 0.049056
0 0.851423 0.130660 0.071334 0.067864
0 0.200349 0.889174 0.031539 0.030013
0 0.038696 0.420245 0.035156 0.033804
0 0.022315 0.942010 0.025903 0.025434
0 0.244038 0.354917 0.024999 0.024434
0 0.975287 0.106091 0.028691 0.028714
0 0.612314 0.011839 0.027322 0.023678
0 0.515099 0.225707 0.031928 0.030312
0 0.967350 0.617850 0.061853 0.064737
0 0.992398 0.428428 0.015205 0.040363
0 0.694887 0.384806 0.038660 0.036628
0 0.538342 0.314117 0.031501 0.030648
0 0.613808 0.254400 0.040800 0.038831
0 0.392730 0.709775 0.031665 0.030174
0 0.174742 0.942462 0.053345 0.049431
0 0.599154 0.275098 0.025364 0.023988
0 0.702827 0.609387 0.049843 0.048041
0 0.881129 0.111385 0.050686 0.050359
0 0.105631 0.425806 0.028315 0.027333
0 0.986143 0.656092 0.027714 0.042340
0 0.133193 0.420064 0.030617 0.029665
0 0.736955 0.416379 0.406271 0.380149
0 0.640907 0.141975 0.034368 0.036618
0 0.168061 0.947397 0.041668 0.038146
0 0.633262 0.613992 0.049512 0.050986
0 0.640657 0.146991 0.032149 0.031055
0 0.699198 0.388449 0.034517 0.030845
0 0.975148 0.613619 0.048908 0.064581
0 0.618653 0.043213 0.033757 0.032487
0 0.029131 0.982822 0.023080 0.022905
0 0.959124 0.620202 0.050469 0.049556
0 0.647369 0.135129 0.045704 0.044539
0 0.381565 0.241909 0.029043 0.026704
0 0.587661 0.650103 0.037931 0.037121
0 0.424472 0.005321 0.042378 0.010642