0 0.213250 0.872987 0.135760 0.121378
0 0.645863 0.261528 0.046417 0.040311
0 0.536737 0.025111 0.055298 0.047487
0 0.912397 0.032743 0.032686 0.029321
0 0.760288 0.490223 0.045429 0.037408
0 0.101794 0.210114 0.036468 0.032977
0 0.488874 0.132324 0.035798 0.033023
0 0.087283 0.030068 0.042266 0.036406
0 0.756999 0.914209 0.038141 0.032345
0 0.978766 0.195171 0.030923 0.029199
0 0.987668 0.018309 0.024663 0.032406
0 0.249642 0.063775 0.039213 0.035143
0 0.881723 0.398003 0.031578 0.027720
0 0.776158 0.559114 0.033092 0.028607
0 0.444150 0.768649 0.271762 0.237242
0 0.738621 0.955609 0.032244 0.028976
0 0.637507 0.008211 0.049411 0.016088
0 0.422097 0.521346 0.029111 0.025740
0 0.379957 0.927131 0.441408 0.144439
0 0.831288 0.681700 0.049707 0.039717
0 0.632676 0.797206 0.058549 0.050489
0 0.339706 0.541321 0.076426 0.071224
0 0.767625 0.872192 0.048775 0.037275
0 0.194864 0.490370 0.039926 0.034135
0 0.357346 0.061663 0.067022 0.056462
0 0.742223 0.459774 0.037113 0.030966
0 0.470052 0.860315 0.031251 0.028773
0 0.785739 0.870154 0.035857 0.029576
0 0.782018 0.527059 0.037917 0.030272
0 0.971382 0.232802 0.023756 0.022480
0 0.202851 0.132447 0.028838 0.027634
0 0.555554 0.115546 0.027219 0.025360
0 0.839324 0.789868 0.034339 0.029855
0 0.299545 0.174922 0.035063 0.030738
0 0.898713 0.721815 0.032840 0.027615
0 0.686411 0.696833 0.032188 0.028848