0 0.074657 0.547264 0.147328 0.168197
0 0.438620 0.796012 0.088538 0.076066
0 0.485220 0.833535 0.118792 0.099756
0 0.426522 0.316663 0.158657 0.132340
0 0.898411 0.265239 0.059262 0.053138
0 0.323680 0.109110 0.075784 0.060776
0 0.171446 0.460697 0.102417 0.089873
0 0.093730 0.783701 0.049220 0.046019
0 0.530666 0.036317 0.066017 0.053018
0 0.809675 0.200010 0.072849 0.063654
0 0.722862 0.930481 0.069519 0.059785
0 0.318152 0.487457 0.059389 0.048911
0 0.514477 0.577600 0.043121 0.031815
0 0.283175 0.540495 0.078120 0.066551
0 0.475509 0.070612 0.035878 0.028287
0 0.519992 0.548451 0.032500 0.029378
0 0.481052 0.936571 0.049685 0.043390
0 0.239259 0.688010 0.040208 0.032767
0 0.658855 0.112025 0.095203 0.082901
0 0.578345 0.951443 0.052953 0.047307
0 0.599355 0.986686 0.041350 0.026628
0 0.373310 0.989394 0.071949 0.020551
0 0.699727 0.021072 0.093804 0.041752
0 0.236963 0.416700 0.061050 0.050229
0 0.294430 0.792834 0.072971 0.063140
0 0.680928 0.060628 0.098214 0.080683
0 0.478256 0.576177 0.032807 0.028310
0 0.702325 0.753272 0.045192 0.039520
0 0.527419 0.940757 0.041686 0.034251
0 0.341381 0.760545 0.050081 0.041772
0 0.353853 0.561141 0.070751 0.057964
0 0.731381 0.275319 0.047745 0.043139
0 0.281559 0.865151 0.046831 0.039114
0 0.541865 0.868878 0.030548 0.025088
0 0.548283 0.549278 0.035353 0.029897
0 0.286080 0.888888 0.052367 0.048188
0 0.838627 0.100642 0.035335 0.030893
0 0.088991 0.842324 0.054615 0.048744
0 0.446411 0.106154 0.070599 0.056700
0 0.373072 0.567380 0.034284 0.027567
0 0.329115 0.975513 0.050331 0.043149
0 0.163604 0.706224 0.051524 0.045092
0 0.511056 0.500749 0.074813 0.058296
0 0.243183 0.460369 0.047465 0.038871
0 0.323510 0.678403 0.040065 0.033373
0 0.534069 0.185769 0.141113 0.096840
0 0.502306 0.194069 0.090069 0.078901
0 0.936592 0.035941 0.036369 0.031238
0 0.227982 0.072426 0.049435 0.043004
0 0.044804 0.715919 0.088371 0.232731
0 0.219976 0.521433 0.050275 0.039507
0 0.552575 0.978010 0.031675 0.029870
0 0.169105 0.523185 0.044256 0.038553
0 0.636411 0.555920 0.075790 0.062551
0 0.150662 0.290391 0.065016 0.056804
0 0.986008 0.149651 0.027983 0.036343
0 0.132370 0.992277 0.042518 0.015447
0 0.427414 0.525881 0.044547 0.037463