0 0.788255 0.250288 0.184218 0.182665
0 0.732357 0.951324 0.078508 0.074928
0 0.486122 0.223447 0.065933 0.059877
0 0.753366 0.501111 0.068364 0.065551
0 0.410466 0.667920 0.067235 0.065850
0 0.351788 0.285920 0.119058 0.103647
0 0.367438 0.780505 0.039810 0.037413
0 0.639523 0.515916 0.043796 0.041599
0 0.632453 0.582003 0.080426 0.077526
0 0.556083 0.413866 0.057254 0.051327
0 0.376585 0.541768 0.038984 0.036621
0 0.087359 0.906728 0.032268 0.029740
0 0.564718 0.604704 0.053665 0.053983
0 0.857109 0.911754 0.051994 0.049157
0 0.676593 0.773268 0.032407 0.029841
0 0.655444 0.393209 0.042602 0.038895
0 0.518464 0.948720 0.040623 0.039338
0 0.275211 0.870684 0.055181 0.055616
0 0.751616 0.891725 0.044749 0.040656
0 0.696005 0.855819 0.041624 0.039590
0 0.511318 0.743215 0.040512 0.037399
0 0.284995 0.215359 0.151683 0.134780
0 0.342289 0.067148 0.036725 0.033047
0 0.156300 0.904573 0.039892 0.035541
0 0.456931 0.680214 0.028869 0.027104
0 0.243800 0.008152 0.037123 0.016003
0 0.386717 0.348373 0.072211 0.065694
0 0.728395 0.839968 0.028218 0.027271
0 0.024401 0.362503 0.048393 0.058807
0 0.336352 0.746249 0.055643 0.054229
0 0.190980 0.034996 0.051042 0.049003
0 0.264230 0.705564 0.035820 0.034086
0 0.843778 0.655038 0.028938 0.026988
0 0.423666 0.745215 0.069020 0.065204
0 0.279470 0.523229 0.044252 0.042308
0 0.426861 0.754038 0.082057 0.080707
0 0.167090 0.299792 0.235625 0.226426
0 0.537884 0.690168 0.033318 0.033928
0 0.276781 0.912123 0.043902 0.042063
0 0.354321 0.166794 0.041473 0.037316
0 0.098890 0.171348 0.079578 0.070990
0 0.153949 0.240327 0.098897 0.090461
0 0.099969 0.180712 0.070946 0.063337
0 0.940521 0.663387 0.051531 0.047324
0 0.055038 0.949933 0.109086 0.100135
0 0.220474 0.353005 0.057815 0.051791
0 0.961084 0.300740 0.077831 0.287963
0 0.722522 0.175965 0.043382 0.039684
0 0.613565 0.904881 0.033542 0.031982
0 0.363480 0.129598 0.052267 0.044482
0 0.943376 0.818641 0.112030 0.285971
0 0.604297 0.882509 0.026797 0.025156
0 0.273205 0.113122 0.052032 0.046231
0 0.252786 0.729468 0.032363 0.032739
0 0.009374 0.742298 0.018744 0.028966
0 0.242549 0.329346 0.413038 0.324804
0 0.920215 0.959806 0.070101 0.066936
0 0.205999 0.914459 0.027213 0.025878
0 0.207865 0.094141 0.062911 0.055990