0 0.126968 0.583411 0.133497 0.128839
0 0.166550 0.376084 0.051982 0.047860
0 0.196481 0.655453 0.079063 0.071762
0 0.270050 0.978482 0.052763 0.042987
0 0.082202 0.410835 0.032469 0.029136
0 0.276019 0.557767 0.220377 0.200979
0 0.070370 0.659992 0.054634 0.050297
0 0.858966 0.953996 0.035505 0.034035
0 0.880162 0.810735 0.032099 0.029942
0 0.947489 0.491954 0.030752 0.030067
0 0.639294 0.623651 0.034266 0.030727
0 0.197257 0.710717 0.045437 0.041626
0 0.796635 0.041592 0.089331 0.080920
0 0.642453 0.704296 0.035899 0.033986
0 0.611620 0.940427 0.055564 0.054704
0 0.890620 0.024223 0.039064 0.034856
0 0.206141 0.340143 0.054159 0.050556
0 0.054665 0.451714 0.057448 0.050280
0 0.656506 0.656446 0.035806 0.034671
0 0.835303 0.881227 0.035472 0.034665
0 0.903504 0.095012 0.110954 0.099227
0 0.057315 0.570977 0.025277 0.023866
0 0.599995 0.627576 0.038171 0.036425
0 0.851650 0.760633 0.029742 0.028943
0 0.315603 0.952776 0.067060 0.061982
0 0.578004 0.061171 0.047465 0.043172
0 0.500072 0.046739 0.052675 0.050822
0 0.419844 0.085336 0.048067 0.046490
0 0.888000 0.972603 0.027979 0.026673
0 0.448973 0.623705 0.127987 0.117123
0 0.077519 0.686623 0.041571 0.039216
0 0.988486 0.195725 0.023029 0.062659
0 0.346432 0.166956 0.036955 0.035774
0 0.785283 0.626492 0.061844 0.058251
0 0.779772 0.625394 0.053294 0.049238
0 0.008800 0.908328 0.017599 0.038007
0 0.802855 0.114841 0.032709 0.030724
0 0.751820 0.921901 0.033732 0.032838
0 0.105164 0.450645 0.158962 0.146098