0 0.703074 0.369013 0.057563 0.057753
0 0.839209 0.256278 0.029542 0.029376
0 0.810232 0.243964 0.027591 0.027411
0 0.685916 0.138763 0.033554 0.033100
0 0.719782 0.162839 0.030869 0.030094
0 0.629896 0.340174 0.027061 0.027245
0 0.477472 0.405777 0.023572 0.024190
0 0.623486 0.228621 0.020671 0.020141
0 0.159551 0.361673 0.056316 0.049632
0 0.210954 0.557471 0.035628 0.033796
0 0.827558 0.075909 0.016993 0.017046
0 0.423049 0.797888 0.047192 0.042594
0 0.879755 0.974356 0.020616 0.020029
0 0.919699 0.111451 0.018806 0.018868
0 0.995277 0.008848 0.008529 0.017592
0 0.833466 0.349026 0.018057 0.018062
0 0.261127 0.346722 0.035229 0.032909
0 0.810684 0.805886 0.019069 0.018998
0 0.883971 0.188780 0.016615 0.016696
0 0.887250 0.139511 0.019147 0.019017
0 0.007576 0.733322 0.015137 0.025069