0 0.805574 0.210916 0.167663 0.159591
0 0.107254 0.482459 0.058821 0.058301
0 0.509412 0.025933 0.071203 0.051866
0 0.595746 0.720223 0.086787 0.085515
0 0.138578 0.221506 0.025383 0.025360
0 0.084310 0.357044 0.028093 0.027546
0 0.689701 0.937463 0.032818 0.032032
0 0.167702 0.754049 0.036485 0.035555
0 0.523162 0.247001 0.289918 0.279993
0 0.136816 0.565515 0.033585 0.032806
0 0.034038 0.728875 0.037917 0.037254
0 0.256877 0.130278 0.129337 0.125382
0 0.441680 0.843150 0.043980 0.042110
0 0.897768 0.012743 0.030932 0.025209
0 0.538442 0.206500 0.024998 0.024827
0 0.123210 0.296050 0.025057 0.025151
0 0.955827 0.431424 0.045161 0.041132
0 0.049701 0.192825 0.025566 0.025131
0 0.680432 0.571089 0.094239 0.091026
0 0.811915 0.886212 0.029878 0.030078
0 0.781640 0.693053 0.056956 0.057558
0 0.614618 0.105027 0.052863 0.050965
0 0.909431 0.969082 0.039639 0.040052
0 0.417777 0.488013 0.032125 0.031031
0 0.443935 0.619679 0.028172 0.027709
0 0.482598 0.851700 0.037828 0.037173
0 0.609871 0.380437 0.029212 0.029496
0 0.675903 0.779490 0.059453 0.058109
0 0.045885 0.448104 0.027493 0.027446
0 0.491004 0.086043 0.035577 0.034496
0 0.885618 0.320848 0.113056 0.102457
0 0.633825 0.979255 0.034315 0.033657
0 0.404752 0.544380 0.035328 0.034370
0 0.983988 0.917522 0.032024 0.074631
0 0.727306 0.311556 0.127680 0.121523
0 0.161937 0.576255 0.027892 0.027454
0 0.319722 0.048081 0.260087 0.094918
0 0.276750 0.273993 0.026688 0.026043
0 0.358979 0.845792 0.040338 0.035773
0 0.852771 0.597547 0.102142 0.098652
0 0.279520 0.337536 0.026567 0.026903
0 0.567724 0.101031 0.142734 0.134467
0 0.356763 0.557586 0.052587 0.051468
0 0.941122 0.082519 0.028105 0.025882
0 0.607662 0.523459 0.059286 0.056019
0 0.158874 0.673700 0.050367 0.049405
0 0.537238 0.559753 0.117670 0.111089
0 0.437348 0.576626 0.080252 0.077148
0 0.943475 0.898449 0.028307 0.027632
0 0.742901 0.610512 0.051910 0.047653
0 0.317805 0.840142 0.028135 0.026779
0 0.273883 0.571443 0.111081 0.118136
0 0.937438 0.043910 0.089873 0.077884
0 0.024360 0.437275 0.025428 0.024811
0 0.989756 0.642932 0.020488 0.045453
0 0.753401 0.220410 0.070426 0.067618
0 0.095051 0.642307 0.070617 0.069201
0 0.490803 0.080463 0.038918 0.039717
0 0.957139 0.245558 0.084297 0.278869
0 0.008950 0.293774 0.017589 0.024952