0 0.921190 0.336912 0.124654 0.100780
0 0.351138 0.648542 0.074571 0.065466
0 0.161065 0.500328 0.069044 0.063010
0 0.818757 0.651248 0.230052 0.195618
0 0.292088 0.166286 0.047956 0.045785
0 0.204422 0.076674 0.053948 0.052032
0 0.203060 0.134906 0.046026 0.044480
0 0.155117 0.762894 0.039700 0.037480
0 0.083333 0.041619 0.060684 0.057447
0 0.572473 0.946029 0.224169 0.107942
0 0.188707 0.231908 0.074665 0.068131
0 0.367622 0.201557 0.041891 0.038084
0 0.818459 0.123884 0.052516 0.044553
0 0.947883 0.457661 0.099837 0.080835
0 0.717648 0.461087 0.089052 0.076859
0 0.311746 0.226422 0.043751 0.039216
0 0.380655 0.385829 0.099022 0.080563
0 0.938344 0.712634 0.121565 0.128419
0 0.564560 0.294347 0.046462 0.039319
0 0.535497 0.719458 0.062645 0.054993
0 0.557696 0.813647 0.170111 0.143705
0 0.341075 0.336346 0.055382 0.049758
0 0.904575 0.886550 0.049125 0.037996
0 0.935870 0.517508 0.048642 0.039522
0 0.165883 0.018474 0.076527 0.036666
0 0.493908 0.456081 0.199012 0.156991
0 0.483461 0.160161 0.041346 0.036183
0 0.849954 0.433356 0.061155 0.050010
0 0.121321 0.254883 0.047830 0.044880
0 0.893561 0.818898 0.073669 0.060973
0 0.818819 0.511994 0.169707 0.122732
0 0.704730 0.839323 0.044541 0.037884
0 0.781327 0.863266 0.038792 0.032440
0 0.782758 0.780087 0.041165 0.034272
0 0.255156 0.037235 0.046188 0.043979
0 0.176863 0.194191 0.034368 0.033735
0 0.710255 0.165681 0.053125 0.042787
0 0.714311 0.755556 0.113746 0.094381
0 0.672094 0.407715 0.109946 0.095600
0 0.461331 0.028554 0.058628 0.051452
0 0.921698 0.981853 0.046671 0.035634
0 0.377914 0.427618 0.044966 0.038181
0 0.113806 0.080539 0.038515 0.037352
0 0.259445 0.595660 0.050324 0.046540
0 0.401002 0.570762 0.038453 0.033637
0 0.814476 0.976468 0.095226 0.047064
0 0.086021 0.012542 0.084402 0.024492
0 0.105542 0.183808 0.033344 0.031829
0 0.023184 0.492761 0.042762 0.038572
0 0.733781 0.976327 0.080699 0.047345
0 0.269974 0.949601 0.044269 0.043199
0 0.289627 0.418434 0.039624 0.036371
0 0.675330 0.927986 0.050953 0.039513
0 0.534944 0.110985 0.050720 0.045164
0 0.320584 0.713830 0.034445 0.030734
0 0.934001 0.956661 0.051661 0.041941
0 0.273558 0.387426 0.037511 0.035285
0 0.585849 0.225725 0.096489 0.084539
0 0.138270 0.172269 0.039206 0.037610
0 0.316414 0.460684 0.128173 0.109744
0 0.343844 0.558069 0.080922 0.074849
0 0.727184 0.985186 0.063192 0.029280
0 0.013248 0.397058 0.026495 0.036262
0 0.775735 0.310967 0.068217 0.062193
0 0.813656 0.188038 0.100367 0.081903
0 0.085140 0.369192 0.034025 0.032613
0 0.576306 0.218406 0.077743 0.069388
0 0.186667 0.467036 0.116986 0.111469
0 0.659300 0.560982 0.061497 0.050973
0 0.261769 0.521484 0.070412 0.064209
0 0.061120 0.351683 0.034767 0.035197
0 0.113405 0.224288 0.038817 0.037071
0 0.315197 0.976941 0.067690 0.045958
0 0.629859 0.167683 0.088422 0.074130
0 0.416971 0.763884 0.077139 0.070538
0 0.791416 0.019465 0.059204 0.038929
0 0.117802 0.959681 0.086176 0.079100
0 0.451074 0.807011 0.049964 0.041611
0 0.606754 0.922831 0.056512 0.048281
0 0.967594 0.566255 0.064669 0.239091
0 0.328579 0.488326 0.072903 0.064878
0 0.788819 0.025670 0.064869 0.051340
0 0.113799 0.481780 0.031064 0.029113
0 0.059716 0.401469 0.041019 0.035941
0 0.133336 0.202822 0.032860 0.031472
0 0.078738 0.229516 0.031445 0.030864
0 0.713343 0.544938 0.040026 0.033411
0 0.043043 0.638908 0.085933 0.157799
0 0.286563 0.633463 0.059379 0.053373
0 0.622082 0.742622 0.092012 0.078479
0 0.535599 0.370404 0.041175 0.034507
0 0.289078 0.675639 0.057924 0.053326
0 0.215076 0.351311 0.116605 0.102133
0 0.291340 0.396026 0.079114 0.068679
0 0.746767 0.887917 0.044771 0.037559
0 0.576227 0.077829 0.046722 0.039405
0 0.247315 0.416309 0.038009 0.035302
0 0.087616 0.330505 0.035634 0.034999