0 0.769190 0.886329 0.100620 0.080343
0 0.506411 0.447174 0.088576 0.071664
0 0.080287 0.126345 0.058047 0.047719
0 0.316571 0.159492 0.045795 0.039762
0 0.448527 0.512142 0.080675 0.064906
0 0.348780 0.765005 0.237463 0.193823
0 0.072604 0.266931 0.065331 0.051434
0 0.906537 0.395811 0.073869 0.056383
0 0.244509 0.346531 0.053374 0.043334
0 0.180270 0.369329 0.047747 0.039000
0 0.157651 0.056414 0.046576 0.036489
0 0.095888 0.649032 0.055883 0.047015
0 0.196030 0.737096 0.069036 0.057111
0 0.190410 0.280607 0.040825 0.031412
0 0.587065 0.449718 0.041448 0.033580
0 0.099771 0.537007 0.040921 0.034198
0 0.289199 0.622082 0.037542 0.029616
0 0.897812 0.035987 0.194850 0.071625
0 0.674428 0.538883 0.035639 0.028865
0 0.155700 0.224270 0.037590 0.028374
0 0.151916 0.750488 0.051556 0.043029
0 0.192968 0.785404 0.051883 0.041851
0 0.454001 0.726714 0.045553 0.035884
0 0.010339 0.712311 0.020678 0.053466
0 0.778390 0.303643 0.052759 0.041496
0 0.384529 0.265010 0.033283 0.027081
0 0.642929 0.724952 0.046466 0.033706
0 0.748185 0.689252 0.046183 0.034957
0 0.860864 0.741070 0.040125 0.032074
0 0.828742 0.748201 0.041158 0.031557
0 0.328493 0.612335 0.037132 0.030062
0 0.915619 0.268680 0.033583 0.028142
0 0.618005 0.507116 0.033467 0.026818
0 0.378302 0.117143 0.031463 0.024716
0 0.904022 0.491278 0.034350 0.026993
0 0.280321 0.232881 0.030619 0.025112
0 0.943008 0.314115 0.042299 0.034281
0 0.935074 0.761154 0.044285 0.036547
0 0.182548 0.409055 0.038318 0.029833
0 0.976698 0.249517 0.046605 0.223855
0 0.425016 0.405372 0.031777 0.024219
0 0.893651 0.989938 0.048512 0.020124
0 0.915883 0.785447 0.052386 0.037715
0 0.454347 0.608961 0.065563 0.053403
0 0.921467 0.782848 0.064539 0.043741
0 0.373403 0.944338 0.321336 0.111325
0 0.528128 0.679990 0.035056 0.028405
0 0.224387 0.197980 0.030159 0.024954
0 0.431069 0.652705 0.068253 0.060003
0 0.029176 0.132986 0.058353 0.083569
0 0.549054 0.869195 0.063238 0.046478
0 0.384255 0.628302 0.031789 0.025583
0 0.568060 0.104541 0.029331 0.023592
0 0.691019 0.707383 0.058929 0.042465
0 0.844342 0.101717 0.127543 0.106303
0 0.531288 0.525960 0.031444 0.026438
0 0.832819 0.096845 0.153838 0.128422
0 0.586316 0.126778 0.030508 0.024052
0 0.782982 0.526055 0.029877 0.023853
0 0.097058 0.985454 0.080059 0.029091
0 0.072418 0.774399 0.031808 0.027733
0 0.450501 0.616827 0.057763 0.044104
0 0.017560 0.411093 0.034130 0.035217
0 0.834266 0.198906 0.104084 0.084903
0 0.966452 0.766410 0.034488 0.030780
0 0.522366 0.624589 0.034350 0.026194
0 0.103378 0.090861 0.032261 0.027051
0 0.896187 0.986389 0.059184 0.027223