0 0.039002 0.721461 0.053943 0.053905
0 0.259636 0.494492 0.048381 0.047198
0 0.076221 0.206435 0.053021 0.051616
0 0.180389 0.522046 0.040402 0.040167
0 0.729049 0.842253 0.040606 0.040076
0 0.443780 0.966341 0.035752 0.035184
0 0.020928 0.823679 0.040068 0.040000
0 0.954582 0.532752 0.039249 0.038843
0 0.043671 0.540593 0.033142 0.033270
0 0.097493 0.971508 0.040219 0.039777
0 0.480353 0.597051 0.039089 0.038105
0 0.672906 0.683871 0.028413 0.028140
0 0.829341 0.351048 0.032718 0.032543
0 0.968923 0.848964 0.030569 0.029722
0 0.857144 0.015009 0.029116 0.027995
0 0.075885 0.962056 0.025361 0.025024
0 0.208316 0.485619 0.027325 0.027032
0 0.010546 0.890525 0.020938 0.031055
0 0.075450 0.626700 0.028185 0.027888
0 0.354863 0.729439 0.023814 0.023313
0 0.009343 0.950383 0.018686 0.027995
0 0.477679 0.544921 0.044176 0.041973
0 0.652328 0.955719 0.025849 0.025701
0 0.823394 0.305738 0.027091 0.027540
0 0.675206 0.434395 0.038495 0.038239
0 0.326037 0.840081 0.020959 0.020986
0 0.900260 0.324167 0.160691 0.159025
0 0.694423 0.982899 0.044845 0.034202
0 0.103548 0.174293 0.030814 0.029425
0 0.629677 0.650596 0.026301 0.025929
0 0.490412 0.927556 0.030209 0.030461
0 0.960715 0.328024 0.029607 0.028504
0 0.789674 0.910371 0.021785 0.021731
0 0.576754 0.750878 0.024531 0.024944
0 0.227705 0.658470 0.017584 0.017927
0 0.616377 0.895111 0.029210 0.028986
0 0.086313 0.649080 0.024587 0.024037
0 0.599018 0.322185 0.281416 0.262093
0 0.485567 0.220882 0.026670 0.026535
0 0.267893 0.074627 0.371918 0.149254
0 0.761923 0.850037 0.031869 0.031634
0 0.689914 0.106928 0.142144 0.136350
0 0.751619 0.808780 0.030187 0.030251
0 0.892336 0.190562 0.027211 0.026744
0 0.932094 0.458903 0.024150 0.023133
0 0.308658 0.677956 0.018300 0.018177
0 0.674222 0.011199 0.031584 0.022140
0 0.779415 0.476842 0.219840 0.224640
0 0.128561 0.357992 0.029911 0.027814
0 0.971187 0.939630 0.024113 0.024139
0 0.676263 0.440771 0.036285 0.040412
0 0.471550 0.190026 0.378120 0.366724
0 0.688296 0.150609 0.029771 0.029233
0 0.991161 0.618935 0.017679 0.024554
0 0.104215 0.771125 0.023095 0.023048
0 0.274378 0.671428 0.016339 0.016290
0 0.052289 0.806841 0.022665 0.022488
0 0.347556 0.682964 0.020115 0.020700
0 0.944700 0.195438 0.024295 0.024061
0 0.711779 0.379894 0.028701 0.027919
0 0.677863 0.448569 0.033807 0.032784
0 0.575838 0.964145 0.020709 0.020916
0 0.562627 0.782281 0.044910 0.040044
0 0.824580 0.779246 0.023013 0.023299
0 0.131605 0.155130 0.024480 0.024124
0 0.116196 0.935433 0.022555 0.022104
0 0.681499 0.150384 0.043727 0.033007
0 0.172180 0.424349 0.025054 0.025313
0 0.379786 0.984606 0.054457 0.030787
0 0.265709 0.732975 0.015857 0.015860