0 0.613409 0.580459 0.074162 0.059812
0 0.415895 0.940576 0.059119 0.048439
0 0.270024 0.470360 0.118481 0.100928
0 0.327012 0.852350 0.070523 0.057738
0 0.815695 0.571031 0.368610 0.315761
0 0.371871 0.881943 0.049414 0.039881
0 0.683020 0.826457 0.093672 0.074921
0 0.854630 0.263180 0.290314 0.259829
0 0.259603 0.771569 0.065611 0.055123
0 0.108348 0.494977 0.157684 0.140999
0 0.781042 0.636484 0.056736 0.045077
0 0.095723 0.970876 0.047542 0.038109
0 0.601719 0.095962 0.032620 0.028151
0 0.078641 0.341554 0.157283 0.153995
0 0.509039 0.522547 0.171683 0.144229
0 0.147295 0.808514 0.116391 0.089512
0 0.732505 0.113714 0.041068 0.034543
0 0.886457 0.988092 0.034670 0.023139
0 0.704606 0.880633 0.080862 0.064579
0 0.211944 0.872208 0.078334 0.060638
0 0.625640 0.942690 0.254772 0.114317
0 0.623603 0.846041 0.033174 0.026241
0 0.166333 0.631818 0.045171 0.037419
0 0.570233 0.822992 0.059853 0.046259
0 0.366535 0.769070 0.192786 0.161904
0 0.919342 0.789993 0.160802 0.314596
0 0.111666 0.838562 0.039817 0.033634
0 0.119805 0.645546 0.052501 0.043022
0 0.426444 0.882146 0.090368 0.077787
0 0.608451 0.316112 0.073893 0.062255
0 0.075148 0.738585 0.148230 0.146705
0 0.110875 0.878593 0.078629 0.064143
0 0.545235 0.843177 0.185612 0.141760
0 0.185071 0.708745 0.047167 0.032188
0 0.220434 0.373603 0.062406 0.051360
0 0.474164 0.776060 0.060818 0.045682
0 0.341983 0.773506 0.065160 0.051948
0 0.592648 0.445229 0.152981 0.135123
0 0.242890 0.318555 0.054809 0.046301
0 0.082180 0.843169 0.091803 0.076195
0 0.260853 0.282380 0.052919 0.045612
0 0.297665 0.686848 0.067458 0.054347
0 0.529418 0.410944 0.033816 0.028393
0 0.076890 0.007070 0.057053 0.014138
0 0.016695 0.949494 0.033390 0.039298
0 0.540695 0.778790 0.059763 0.046999
0 0.440444 0.513648 0.278742 0.203654
0 0.131047 0.188094 0.034620 0.029934
0 0.189504 0.287059 0.031279 0.027176
0 0.921657 0.952133 0.050908 0.043401
0 0.006854 0.817289 0.012934 0.046131
0 0.978684 0.155243 0.042632 0.084633
0 0.467919 0.415906 0.087854 0.070361
0 0.095815 0.718962 0.099231 0.077540
0 0.394363 0.474198 0.122205 0.099056
0 0.703928 0.114311 0.314336 0.227888
0 0.797332 0.971485 0.028860 0.024995
0 0.028809 0.197789 0.057619 0.068361
0 0.192248 0.672641 0.039963 0.032829
0 0.184612 0.080421 0.082557 0.076826
0 0.216262 0.892947 0.041637 0.028094
0 0.114538 0.273463 0.047012 0.035567
0 0.038989 0.899164 0.046723 0.039328