0 0.117305 0.646512 0.046775 0.045889
0 0.932407 0.661223 0.058097 0.056329
0 0.417110 0.244401 0.231077 0.239844
0 0.099493 0.863575 0.035961 0.036362
0 0.238973 0.667943 0.034105 0.034177
0 0.658711 0.529661 0.295214 0.287494
0 0.749695 0.411860 0.037955 0.037655
0 0.408660 0.836453 0.041299 0.040577
0 0.129968 0.570038 0.033202 0.033255
0 0.051449 0.242811 0.047131 0.045791
0 0.776486 0.205083 0.050795 0.048191
0 0.652098 0.072641 0.037562 0.037992
0 0.261486 0.611525 0.039276 0.038455
0 0.836583 0.020501 0.034067 0.033249
0 0.249301 0.060090 0.045145 0.044875
0 0.298391 0.013945 0.047015 0.027675
0 0.656529 0.396995 0.030812 0.029942
0 0.944111 0.981230 0.034616 0.033133
0 0.523364 0.054450 0.029062 0.029103
0 0.706501 0.960930 0.032512 0.030820
0 0.149839 0.211753 0.030811 0.029978
0 0.053050 0.548538 0.088086 0.087229
0 0.042159 0.137262 0.029558 0.028571
0 0.109565 0.427981 0.037251 0.036833
0 0.711396 0.934093 0.030840 0.030685
0 0.799299 0.462375 0.028196 0.027937
0 0.119015 0.251285 0.050162 0.050203
0 0.243619 0.859229 0.022285 0.021989
0 0.088747 0.296786 0.028661 0.029379
0 0.051492 0.913699 0.101554 0.172602
0 0.161894 0.367717 0.030291 0.031063
0 0.858720 0.690651 0.282560 0.309227
0 0.665499 0.744943 0.054373 0.052227
0 0.097089 0.468705 0.031051 0.032235
0 0.087556 0.481400 0.042184 0.040267
0 0.279334 0.975620 0.111840 0.048760
0 0.778099 0.016443 0.040605 0.032706
0 0.395978 0.449983 0.026728 0.026994
0 0.023894 0.264664 0.033561 0.033733
0 0.052517 0.054036 0.029929 0.029651
0 0.272759 0.523710 0.025667 0.025311
0 0.266792 0.573375 0.022577 0.022301
0 0.066534 0.211289 0.023810 0.023550
0 0.854965 0.282172 0.071758 0.072765
0 0.295335 0.876410 0.044854 0.045055
0 0.962309 0.992360 0.024876 0.015061
0 0.090938 0.476288 0.043632 0.042893
0 0.159562 0.649818 0.047559 0.049484
0 0.617917 0.072117 0.023896 0.023014
0 0.570021 0.813472 0.345184 0.322064
0 0.534699 0.917251 0.042569 0.041083
0 0.296194 0.734747 0.055992 0.053995
0 0.074123 0.325253 0.030678 0.029936
0 0.748776 0.808809 0.026837 0.026772
0 0.088626 0.607363 0.058109 0.056910