0 0.342696 0.731187 0.422052 0.296998
0 0.130463 0.399899 0.066469 0.047283
0 0.689551 0.733538 0.073542 0.053610
0 0.800105 0.305597 0.068657 0.048692
0 0.113012 0.260499 0.057996 0.041971
0 0.637036 0.827513 0.074903 0.054457
0 0.229856 0.517285 0.095475 0.071259
0 0.034811 0.218874 0.060354 0.046458
0 0.811340 0.520054 0.078343 0.058875
0 0.023847 0.611457 0.047695 0.052051
0 0.748364 0.564923 0.046351 0.034255
0 0.544002 0.927291 0.057700 0.039891
0 0.170174 0.830350 0.087558 0.071609
0 0.817226 0.561278 0.049338 0.035038
0 0.656392 0.460342 0.050561 0.037595
0 0.821579 0.124488 0.196581 0.166716
0 0.626332 0.794136 0.047798 0.035065
0 0.591211 0.681537 0.070993 0.050106
0 0.378501 0.180455 0.040664 0.029962
0 0.907787 0.400835 0.046577 0.034512
0 0.551823 0.963310 0.041377 0.032161
0 0.084301 0.101462 0.168602 0.200521
0 0.800114 0.341501 0.038106 0.030223
0 0.192222 0.051768 0.055661 0.040899
0 0.840772 0.629784 0.040175 0.028337
0 0.014630 0.549232 0.029259 0.066552
0 0.915435 0.404038 0.169130 0.157288
0 0.976148 0.623877 0.047703 0.128000
0 0.754243 0.510296 0.039500 0.030131
0 0.778694 0.925700 0.442611 0.148250
0 0.208210 0.032250 0.131161 0.064499
0 0.238698 0.243039 0.187662 0.135089
0 0.875642 0.616970 0.036516 0.026224
0 0.678148 0.255548 0.228618 0.173648
0 0.983843 0.300988 0.032314 0.034772
0 0.933678 0.293720 0.042863 0.032641
0 0.248584 0.111270 0.038183 0.029483
0 0.658568 0.989131 0.064065 0.021598
0 0.822244 0.994214 0.041548 0.011573
0 0.836415 0.929638 0.327171 0.140724
0 0.755705 0.058451 0.065116 0.054191
0 0.613286 0.935534 0.054701 0.043111
0 0.654193 0.986492 0.077561 0.026986