0 0.703185 0.448175 0.043426 0.038239
0 0.340884 0.175899 0.040538 0.036857
0 0.924535 0.124117 0.037149 0.032606
0 0.092927 0.890215 0.185605 0.219570
0 0.265848 0.246714 0.032106 0.030790
0 0.308372 0.542157 0.033167 0.032342
0 0.984377 0.651685 0.030603 0.028217
0 0.659169 0.981487 0.048211 0.037025
0 0.717174 0.140209 0.036836 0.031780
0 0.209009 0.515010 0.026325 0.024874
0 0.947167 0.428680 0.084321 0.074818
0 0.671102 0.327733 0.032960 0.027631
0 0.781340 0.098152 0.030886 0.026233
0 0.240272 0.271517 0.028469 0.027764
0 0.021608 0.991386 0.031269 0.017228
0 0.466625 0.382740 0.038594 0.035232
0 0.508383 0.244968 0.182871 0.165115
0 0.070482 0.008984 0.025442 0.017945
0 0.240777 0.066513 0.026462 0.025053
0 0.416428 0.961749 0.122260 0.076502
0 0.641047 0.528446 0.055623 0.048456
0 0.913358 0.013150 0.033069 0.026300
0 0.610246 0.207167 0.049103 0.041528
0 0.508299 0.991427 0.057303 0.017146
0 0.304646 0.936365 0.075289 0.067431
0 0.725983 0.294536 0.027232 0.023898
0 0.943530 0.350224 0.045943 0.042278
0 0.882021 0.916127 0.235741 0.167398
0 0.488685 0.421742 0.045796 0.041264