0 0.606739 0.207688 0.052141 0.051201
0 0.916726 0.394197 0.057417 0.055038
0 0.353377 0.295753 0.063425 0.061684
0 0.621996 0.856102 0.062242 0.059969
0 0.198696 0.308623 0.072485 0.067258
0 0.191619 0.657789 0.041455 0.039464
0 0.788879 0.797871 0.049134 0.047929
0 0.069140 0.550491 0.073358 0.067157
0 0.960191 0.706910 0.033964 0.033112
0 0.798006 0.108672 0.104009 0.099270
0 0.146130 0.555445 0.045578 0.041984
0 0.690629 0.079830 0.041793 0.040700
0 0.143791 0.645432 0.065691 0.060034
0 0.955814 0.510502 0.035874 0.033229
0 0.917191 0.011522 0.026420 0.023044
0 0.312903 0.147516 0.051626 0.048506
0 0.986876 0.066379 0.025814 0.036877
0 0.081437 0.371310 0.049423 0.045153
0 0.875952 0.016006 0.031465 0.030692
0 0.278554 0.406699 0.036188 0.035513
0 0.761511 0.057746 0.030286 0.029158
0 0.586295 0.037535 0.048972 0.048909
0 0.060772 0.018877 0.034718 0.032939
0 0.070650 0.763322 0.040878 0.040199
0 0.865392 0.772487 0.033766 0.031828
0 0.090283 0.425956 0.033853 0.032222
0 0.397379 0.795361 0.057966 0.057988
0 0.884920 0.073739 0.050219 0.049698
0 0.119946 0.520264 0.051968 0.048540
0 0.789007 0.444127 0.052065 0.049286
0 0.238212 0.266448 0.057083 0.054589
0 0.049189 0.745774 0.040368 0.039944
0 0.864506 0.648234 0.026142 0.025708
0 0.033744 0.291260 0.067489 0.067808
0 0.927845 0.036550 0.029391 0.028167
0 0.590847 0.043420 0.056975 0.056190
0 0.058107 0.293098 0.111457 0.105442
0 0.935332 0.492379 0.034282 0.031959
0 0.848263 0.664039 0.040305 0.036953
0 0.755689 0.645926 0.035024 0.033470
0 0.982667 0.686250 0.025734 0.024531
0 0.253297 0.246773 0.033948 0.031872
0 0.607712 0.058419 0.039149 0.038710
0 0.109180 0.400350 0.027476 0.025734
0 0.095872 0.774692 0.030477 0.031429
0 0.184229 0.547856 0.040850 0.040167
0 0.746388 0.228252 0.040432 0.038781
0 0.277113 0.260924 0.027985 0.027164
0 0.427374 0.362370 0.036803 0.034896
0 0.608689 0.287706 0.049069 0.045198
0 0.092876 0.281730 0.047745 0.045342
0 0.222597 0.418146 0.033766 0.033706
0 0.241842 0.450378 0.052915 0.048905
0 0.027672 0.383851 0.055344 0.104030
0 0.847483 0.025214 0.022168 0.022020
0 0.613803 0.348542 0.040293 0.040406
0 0.124284 0.594865 0.048141 0.044503
0 0.166565 0.507089 0.030841 0.029915
0 0.612428 0.733214 0.075457 0.071056
0 0.659787 0.748442 0.034625 0.033378
0 0.743928 0.071486 0.026616 0.026279
0 0.948728 0.610572 0.029269 0.028000
0 0.038185 0.378900 0.075503 0.116531
0 0.423547 0.498736 0.044432 0.043699
0 0.165022 0.438617 0.061550 0.056194