0 0.962543 0.883381 0.049208 0.044016
0 0.224630 0.070876 0.074325 0.069462
0 0.125204 0.151117 0.106036 0.094411
0 0.922682 0.309726 0.154560 0.232369
0 0.330325 0.808771 0.044211 0.037757
0 0.513152 0.533666 0.058105 0.048157
0 0.588213 0.648166 0.039946 0.035746
0 0.887125 0.019714 0.050249 0.038246
0 0.936627 0.791605 0.032710 0.029736
0 0.422339 0.606144 0.036706 0.033323
0 0.518059 0.790171 0.037729 0.033208
0 0.146014 0.403917 0.061934 0.056515
0 0.396690 0.463235 0.077475 0.067258
0 0.384834 0.806841 0.036962 0.031823
0 0.506589 0.208479 0.072122 0.056900
0 0.654134 0.223651 0.051919 0.042302
0 0.312288 0.673454 0.071348 0.057985
0 0.418656 0.802985 0.036565 0.033551
0 0.426919 0.278522 0.045726 0.038830
0 0.778286 0.903832 0.029128 0.026824
0 0.076351 0.196341 0.031828 0.029707
0 0.957783 0.019421 0.084435 0.038798
0 0.455760 0.640249 0.032314 0.027770
0 0.313445 0.415570 0.082807 0.076155
0 0.138720 0.200932 0.041437 0.031466
0 0.461558 0.681822 0.030445 0.027050
0 0.339455 0.071685 0.050341 0.045046
0 0.188215 0.509559 0.027998 0.027172
0 0.316614 0.399992 0.055711 0.046660
0 0.655220 0.906313 0.027140 0.024445
0 0.410432 0.047160 0.298311 0.091976
0 0.291282 0.988846 0.034662 0.022063
0 0.035197 0.125599 0.065193 0.060620
0 0.667404 0.102388 0.297536 0.203226
0 0.359340 0.824231 0.262311 0.242991