0 0.182143 0.654731 0.030913 0.029305
0 0.980883 0.488046 0.038234 0.054106
0 0.024973 0.991715 0.041151 0.016570
0 0.129184 0.264326 0.043008 0.040851
0 0.142165 0.435137 0.028810 0.028518
0 0.169596 0.147687 0.042964 0.039406
0 0.844930 0.735607 0.029614 0.028855
0 0.987712 0.419702 0.024576 0.050826
0 0.577136 0.977858 0.050493 0.044090
0 0.921996 0.817630 0.152832 0.290375
0 0.302478 0.775512 0.052861 0.052077
0 0.979702 0.715497 0.040596 0.066739
0 0.329378 0.662197 0.029820 0.029967
0 0.273369 0.981793 0.041385 0.036377
0 0.949941 0.616518 0.096449 0.096192
0 0.934173 0.421243 0.060312 0.060142