0 0.322519 0.724933 0.062248 0.061085
0 0.117571 0.353003 0.034216 0.032203
0 0.984144 0.152174 0.029340 0.030005
0 0.348802 0.859191 0.041364 0.040096
0 0.585579 0.143375 0.030346 0.030591
0 0.269677 0.812234 0.036242 0.034964
0 0.257162 0.469431 0.026809 0.025867
0 0.051952 0.205266 0.027174 0.026503
0 0.818178 0.142754 0.026040 0.025043
0 0.340763 0.769282 0.035337 0.034645
0 0.184534 0.353775 0.026836 0.024887
0 0.879006 0.601886 0.023266 0.022751
0 0.022910 0.341673 0.027143 0.026120
0 0.237274 0.877547 0.037609 0.036406
0 0.157075 0.219050 0.026059 0.024512
0 0.935669 0.191899 0.025245 0.024706