0 0.888267 0.870301 0.095648 0.083113
0 0.649484 0.634883 0.231208 0.199080
0 0.049437 0.228674 0.098873 0.088775
0 0.346624 0.823373 0.046864 0.042747
0 0.227934 0.099297 0.264038 0.198594
0 0.810473 0.393218 0.078659 0.067106
0 0.865991 0.753631 0.131608 0.111768
0 0.447720 0.180187 0.055993 0.050047
0 0.088356 0.303918 0.158631 0.133714
0 0.529862 0.365356 0.098709 0.084324
0 0.339680 0.203205 0.176635 0.142696
0 0.938507 0.447406 0.047020 0.041524
0 0.512491 0.615480 0.120770 0.100263
0 0.808200 0.453473 0.041844 0.036054
0 0.967607 0.253938 0.064787 0.067687
0 0.058990 0.975287 0.064973 0.049426
0 0.405637 0.436613 0.084320 0.074980
0 0.213313 0.716439 0.035181 0.030717
0 0.709172 0.170603 0.034516 0.033082
0 0.698586 0.390011 0.072813 0.067089
0 0.826343 0.577190 0.032395 0.027416
0 0.042335 0.440137 0.083748 0.076773
0 0.245243 0.404382 0.112373 0.091092
0 0.220529 0.611940 0.140826 0.116817
0 0.422385 0.287545 0.036453 0.031199
0 0.836332 0.552214 0.102416 0.086196
0 0.317265 0.442579 0.068983 0.060759
0 0.901600 0.354133 0.092050 0.082513
0 0.451687 0.482160 0.087469 0.075647
0 0.620488 0.569093 0.155429 0.128862
0 0.740007 0.836151 0.036926 0.030684
0 0.872218 0.228826 0.115874 0.102637
0 0.762729 0.945747 0.030966 0.028282
0 0.785754 0.350672 0.035815 0.031671
0 0.385193 0.290388 0.037955 0.032956
0 0.068531 0.635549 0.044334 0.037893
0 0.716887 0.884140 0.140033 0.119318
0 0.631521 0.472782 0.072158 0.066579
0 0.602646 0.471053 0.127093 0.107924
0 0.237523 0.451816 0.055066 0.047719
0 0.370788 0.392050 0.053568 0.045211
0 0.631017 0.895061 0.317915 0.209878
0 0.094669 0.028024 0.189338 0.055541
0 0.567838 0.472723 0.065471 0.058082
0 0.446608 0.804104 0.042270 0.036060
0 0.131187 0.791223 0.262374 0.417555
0 0.686052 0.971482 0.119343 0.057036
0 0.586183 0.975333 0.034660 0.031058
0 0.937869 0.169098 0.048337 0.042095
0 0.394235 0.680547 0.158462 0.135755
0 0.943180 0.032841 0.065468 0.057335
0 0.578688 0.770948 0.106603 0.087891
0 0.990521 0.111774 0.018958 0.065154
0 0.480652 0.315357 0.037241 0.032981
0 0.389741 0.988394 0.042711 0.022959
0 0.402554 0.941410 0.139625 0.115820
0 0.319714 0.287575 0.033360 0.029243
0 0.192620 0.523289 0.125186 0.104538
0 0.038569 0.070937 0.064470 0.050088
0 0.076617 0.107824 0.058244 0.051557
0 0.683398 0.778763 0.100643 0.082771
0 0.175271 0.528441 0.166534 0.106835
0 0.519191 0.588992 0.156181 0.133933
0 0.206861 0.017050 0.101934 0.034100
0 0.968291 0.472940 0.033646 0.031534
0 0.346726 0.536333 0.197268 0.164918
0 0.139744 0.037451 0.279489 0.074901
0 0.560826 0.936747 0.037609 0.034101
0 0.210671 0.956213 0.315992 0.087086
0 0.498946 0.559722 0.086453 0.070082
0 0.419344 0.532679 0.057772 0.048064
0 0.142446 0.536815 0.107224 0.085881
0 0.769715 0.122018 0.061477 0.054651
0 0.987964 0.305872 0.024072 0.053464