0 0.217087 0.721977 0.262232 0.206741
0 0.668529 0.440759 0.086906 0.068337
0 0.575384 0.087138 0.083904 0.067310
0 0.088568 0.645015 0.036210 0.028735
0 0.591004 0.540139 0.217612 0.165761
0 0.722179 0.062502 0.081837 0.063569
0 0.262565 0.313788 0.038030 0.028976
0 0.832597 0.156158 0.043028 0.033518
0 0.552714 0.664317 0.301655 0.230574
0 0.095510 0.054752 0.039574 0.031549
0 0.865984 0.651410 0.101600 0.080127
0 0.312544 0.939819 0.085126 0.071511
0 0.341000 0.249112 0.384181 0.274046
0 0.076523 0.257252 0.077818 0.060572
0 0.090952 0.178800 0.166984 0.116897
0 0.931296 0.765121 0.078359 0.063319
0 0.038412 0.462175 0.076824 0.127556
0 0.932434 0.655818 0.057637 0.045721
0 0.990171 0.548942 0.019658 0.080543
0 0.224781 0.434913 0.030915 0.025943
0 0.665875 0.018337 0.036116 0.030847
0 0.511943 0.043132 0.054990 0.045104
0 0.051857 0.325770 0.086661 0.061959
0 0.791814 0.558630 0.056439 0.042856
0 0.180270 0.522687 0.104406 0.086267
0 0.304551 0.091241 0.068872 0.053280
0 0.206815 0.476244 0.174469 0.133003
0 0.190001 0.890054 0.169378 0.140022
0 0.717963 0.096992 0.052544 0.040554
0 0.395348 0.505788 0.076665 0.060545
0 0.862392 0.922578 0.029645 0.026279
0 0.458235 0.951525 0.030904 0.025056
0 0.728544 0.468194 0.031155 0.025176
0 0.364812 0.016180 0.035056 0.028326
0 0.898256 0.808116 0.034851 0.030602
0 0.837220 0.276492 0.319493 0.493200
0 0.171373 0.437214 0.229621 0.179072
0 0.988362 0.542846 0.023276 0.098681
0 0.195846 0.471698 0.206740 0.162742
0 0.033122 0.017126 0.064660 0.032859
0 0.493426 0.747272 0.076524 0.060026
0 0.183458 0.872765 0.144630 0.105968
0 0.186583 0.376285 0.142451 0.104166