0 0.076435 0.139733 0.043267 0.042429
0 0.086761 0.103145 0.029589 0.030178
0 0.124468 0.756245 0.059438 0.058361
0 0.057677 0.454799 0.115354 0.126407
0 0.618726 0.136646 0.041906 0.041561
0 0.286393 0.349489 0.032358 0.031772
0 0.559551 0.833676 0.039735 0.039748
0 0.217549 0.108754 0.027752 0.027772
0 0.122273 0.259607 0.029073 0.029096
0 0.641516 0.956101 0.041499 0.039893
0 0.062883 0.167663 0.021798 0.021511
0 0.648974 0.525554 0.031633 0.030736
0 0.104775 0.306561 0.031067 0.031538
0 0.037049 0.136319 0.021090 0.021213
0 0.676244 0.051202 0.030874 0.029955
0 0.280521 0.192736 0.028556 0.027587
0 0.716521 0.967226 0.031040 0.029374
0 0.597356 0.104620 0.032745 0.032385
0 0.607938 0.489367 0.028470 0.028012
0 0.608454 0.799831 0.035885 0.034102
0 0.318031 0.964943 0.028393 0.027754
0 0.571310 0.084690 0.025322 0.025141
0 0.549889 0.096704 0.024544 0.024505
0 0.745043 0.108179 0.025285 0.024737
0 0.540459 0.721670 0.084976 0.085881
0 0.877511 0.834157 0.243476 0.331685
0 0.681792 0.017267 0.025091 0.023967
0 0.623976 0.809688 0.022960 0.022256
0 0.687959 0.030412 0.028359 0.027687
0 0.365206 0.610601 0.024194 0.023762
0 0.127344 0.316399 0.021843 0.021887
0 0.514205 0.648762 0.043373 0.044525
0 0.666948 0.006056 0.030425 0.011972
0 0.367663 0.533712 0.029845 0.028517
0 0.866344 0.289899 0.032292 0.032322
0 0.120607 0.100773 0.016137 0.016224
0 0.346388 0.276375 0.022815 0.023240
0 0.430050 0.570628 0.023542 0.023376
0 0.803044 0.664636 0.171685 0.172125
0 0.039118 0.231771 0.047361 0.046192