0 0.078029 0.726418 0.056555 0.055119
0 0.307051 0.279367 0.082465 0.080535
0 0.484354 0.892303 0.042585 0.042256
0 0.413054 0.230975 0.039222 0.037117
0 0.510585 0.281734 0.039569 0.038441
0 0.760580 0.071220 0.035497 0.034588
0 0.687873 0.579619 0.039005 0.037600
0 0.159011 0.982039 0.035082 0.032946
0 0.769809 0.020965 0.034724 0.033508
0 0.357173 0.496317 0.030702 0.029020
0 0.686898 0.177063 0.033741 0.033010
0 0.766080 0.802516 0.032781 0.031724
0 0.094968 0.623603 0.026807 0.026359
0 0.045661 0.986773 0.066947 0.026453
0 0.672294 0.118296 0.028227 0.029036
0 0.681107 0.033145 0.029544 0.028981
0 0.312991 0.331796 0.028462 0.027823
0 0.641067 0.628682 0.062530 0.059828
0 0.872302 0.967779 0.031382 0.030789
0 0.701785 0.641755 0.070495 0.069443
0 0.615339 0.804422 0.035287 0.035909
0 0.400926 0.770128 0.041238 0.039173
0 0.575760 0.969216 0.113721 0.061567
0 0.217198 0.510888 0.026440 0.025347
0 0.543910 0.916488 0.073105 0.070686
0 0.266953 0.625309 0.119816 0.120360
0 0.873468 0.017698 0.055406 0.035177
0 0.720533 0.904916 0.060010 0.059932
0 0.871118 0.424741 0.097723 0.097195
0 0.132106 0.130669 0.251374 0.250024
0 0.569067 0.960416 0.125694 0.079169
0 0.344315 0.691976 0.075386 0.073303
0 0.809675 0.011444 0.040801 0.022626
0 0.906620 0.681280 0.058888 0.058937
0 0.679112 0.928034 0.027822 0.027437
0 0.974372 0.516711 0.051097 0.069175
0 0.477549 0.525567 0.109069 0.103609
0 0.366330 0.202091 0.066656 0.065573
0 0.853534 0.599936 0.123631 0.120240
0 0.445446 0.305612 0.031600 0.030725
0 0.334967 0.463302 0.025094 0.024678
0 0.430964 0.422568 0.025824 0.025439