0 0.804744 0.358682 0.073770 0.061433
0 0.484215 0.726483 0.042940 0.035545
0 0.452522 0.901223 0.040164 0.034385
0 0.723168 0.169087 0.034889 0.029306
0 0.952525 0.250978 0.035715 0.030436
0 0.214059 0.235856 0.034586 0.032478
0 0.613256 0.578509 0.039084 0.029733
0 0.735216 0.983878 0.040060 0.031712
0 0.109482 0.522684 0.053099 0.042975
0 0.140273 0.495268 0.031004 0.028200
0 0.881075 0.121171 0.029987 0.026268
0 0.549947 0.574489 0.052185 0.039847
0 0.617480 0.659543 0.040161 0.034419
0 0.269512 0.050311 0.031304 0.027184
0 0.822090 0.586989 0.037666 0.032501
0 0.813341 0.305839 0.030112 0.027987
0 0.930778 0.851199 0.032085 0.029246
0 0.754142 0.230921 0.031361 0.025789
0 0.839181 0.397049 0.043334 0.034721
0 0.551262 0.904151 0.031580 0.029828
0 0.780172 0.207611 0.028587 0.025130