0 0.805282 0.554937 0.068991 0.063064
0 0.709834 0.656493 0.061774 0.054106
0 0.658748 0.290976 0.032304 0.029253
0 0.629643 0.759791 0.045491 0.038482
0 0.727110 0.596703 0.032474 0.029514
0 0.795284 0.438393 0.031368 0.027936
0 0.018544 0.544794 0.033549 0.031385
0 0.334259 0.389859 0.046479 0.041782
0 0.984613 0.388881 0.027894 0.026522
0 0.906068 0.568856 0.028761 0.026508
0 0.056721 0.502301 0.030638 0.027525
0 0.771572 0.655136 0.033562 0.030028
0 0.677165 0.757955 0.028349 0.024817
0 0.152505 0.697389 0.086141 0.076414
0 0.018023 0.673001 0.030653 0.031025
0 0.951067 0.877109 0.024605 0.022595
0 0.643689 0.635483 0.027871 0.024586
0 0.102438 0.757301 0.026164 0.022580