0 0.502296 0.834894 0.045353 0.043449
0 0.582521 0.939826 0.041360 0.039939
0 0.201842 0.369132 0.043311 0.041427
0 0.763418 0.347649 0.054368 0.051948
0 0.326191 0.603953 0.056519 0.051450
0 0.241799 0.482630 0.044592 0.042350
0 0.600342 0.590959 0.046082 0.041420
0 0.679685 0.450146 0.039546 0.036912
0 0.761885 0.949320 0.042328 0.039062
0 0.449604 0.448473 0.036332 0.033375
0 0.334486 0.548674 0.053641 0.049248
0 0.668285 0.280217 0.049687 0.047625
0 0.432210 0.419925 0.037803 0.035180
0 0.292565 0.664627 0.039319 0.036550
0 0.829797 0.567934 0.044395 0.042012
0 0.895895 0.262193 0.032984 0.030596
0 0.357123 0.458492 0.047107 0.043906
0 0.805613 0.976812 0.038332 0.037690
0 0.793015 0.566904 0.054401 0.051912
0 0.814315 0.323594 0.046965 0.044657
0 0.708275 0.583837 0.039046 0.036047
0 0.368000 0.690054 0.039005 0.037167
0 0.486387 0.584953 0.032413 0.031115
0 0.734816 0.464181 0.030661 0.029011
0 0.032779 0.401797 0.063366 0.062163
0 0.955894 0.111758 0.037183 0.036131
0 0.521241 0.532121 0.036600 0.034105
0 0.698458 0.615786 0.045685 0.041378
0 0.503319 0.681141 0.033132 0.031781
0 0.464852 0.601291 0.029960 0.028738
0 0.988426 0.658780 0.023117 0.047450
0 0.617273 0.735145 0.037987 0.035936
0 0.946393 0.635647 0.027837 0.026096
0 0.641139 0.626043 0.049915 0.048439
0 0.096483 0.712401 0.029698 0.027098
0 0.506097 0.335783 0.039264 0.037927
0 0.491964 0.400378 0.030412 0.028399
0 0.753843 0.172274 0.038909 0.037909
0 0.815602 0.613636 0.058972 0.053436
0 0.848054 0.291214 0.030324 0.028595
0 0.872561 0.613548 0.042202 0.038388
0 0.384710 0.008904 0.037852 0.017656
0 0.982773 0.052550 0.034446 0.037129
0 0.798679 0.489498 0.031616 0.030204
0 0.954590 0.034526 0.037407 0.036544
0 0.367149 0.357673 0.027790 0.026262
0 0.526193 0.668101 0.036655 0.034919
0 0.767898 0.649359 0.036280 0.032507
0 0.340579 0.644587 0.042763 0.037412
0 0.624021 0.896553 0.038657 0.036282
0 0.732669 0.404765 0.027401 0.026583
0 0.815448 0.653876 0.030194 0.027852
0 0.549842 0.636341 0.034825 0.032586
0 0.587500 0.623922 0.038355 0.037089
0 0.276143 0.311337 0.033266 0.031303
0 0.790554 0.624419 0.043536 0.041087
0 0.720983 0.381828 0.034149 0.031346
0 0.434267 0.491839 0.043946 0.042298
0 0.663218 0.955643 0.026432 0.025503
0 0.881000 0.285492 0.030989 0.029980
0 0.712553 0.258185 0.039513 0.037504
0 0.124034 0.209616 0.035703 0.034585
0 0.424594 0.515659 0.023532 0.022855
0 0.715514 0.308766 0.025953 0.025187
0 0.179170 0.979724 0.048337 0.039964
0 0.466462 0.704520 0.060414 0.055539
0 0.910098 0.338932 0.030707 0.028773
0 0.436838 0.608971 0.027297 0.026405
0 0.116932 0.453169 0.036504 0.033962
0 0.411881 0.266941 0.031664 0.030884
0 0.420633 0.623934 0.029101 0.028374
0 0.663401 0.606523 0.026163 0.025698
0 0.876808 0.126207 0.045169 0.044250
0 0.735998 0.563103 0.036969 0.035957
0 0.743021 0.209313 0.027126 0.026260
0 0.464294 0.694595 0.074072 0.074334
0 0.796434 0.813399 0.026690 0.025443
0 0.482619 0.520258 0.048269 0.045435
0 0.592962 0.535114 0.032539 0.030561
0 0.480061 0.420688 0.028601 0.027088
0 0.449283 0.310957 0.024842 0.023307
0 0.539025 0.315524 0.026377 0.025693
0 0.972789 0.396143 0.027171 0.026399
0 0.400247 0.499779 0.036329 0.033043
0 0.177737 0.762541 0.028994 0.026927
0 0.355980 0.495659 0.033918 0.030169
0 0.458679 0.084953 0.028305 0.027054
0 0.892516 0.227475 0.031987 0.031115
0 0.061042 0.964618 0.032382 0.030355
0 0.408609 0.692860 0.036202 0.034521
0 0.975348 0.552940 0.048658 0.068791
0 0.454585 0.861636 0.032281 0.030229
0 0.604848 0.277102 0.030554 0.029405
0 0.992845 0.179722 0.014310 0.035201
0 0.379191 0.512585 0.027680 0.028029
0 0.849595 0.642042 0.038174 0.034693
0 0.577100 0.557763 0.026301 0.025511
0 0.186938 0.335365 0.028714 0.027868
0 0.206416 0.061083 0.033902 0.032332
0 0.453153 0.364023 0.034048 0.033281
0 0.713193 0.444167 0.027414 0.026444
0 0.222530 0.248527 0.031251 0.031905
0 0.651379 0.584056 0.034668 0.032580
0 0.311348 0.990545 0.061981 0.018910
0 0.569563 0.228693 0.026579 0.026205
0 0.516815 0.537247 0.040040 0.035800
0 0.596579 0.409683 0.026078 0.025067
0 0.706887 0.901160 0.037016 0.036353
0 0.678499 0.416945 0.025122 0.024781
0 0.617908 0.532107 0.020976 0.020903
0 0.226615 0.148184 0.038639 0.037996