0 0.737751 0.279373 0.130378 0.095486
0 0.179145 0.846082 0.043938 0.033476
0 0.167351 0.694734 0.126288 0.094395
0 0.128481 0.587421 0.122611 0.093399
0 0.603586 0.864288 0.203030 0.140031
0 0.842520 0.500856 0.108410 0.088961
0 0.817659 0.733962 0.084957 0.068530
0 0.233782 0.382164 0.118380 0.086000
0 0.300923 0.737999 0.064733 0.047946
0 0.469867 0.275435 0.076254 0.054602
0 0.258027 0.812233 0.095987 0.073469
0 0.263549 0.535923 0.085527 0.062986
0 0.591245 0.369182 0.092620 0.069995
0 0.879689 0.846577 0.093778 0.071912
0 0.308597 0.405082 0.061323 0.048232
0 0.200774 0.277251 0.168531 0.120427
0 0.321628 0.341997 0.070556 0.051873
0 0.936878 0.377893 0.123984 0.098592
0 0.962938 0.760233 0.073906 0.073674
0 0.909360 0.345805 0.079583 0.065681
0 0.880623 0.081698 0.091858 0.073280
0 0.795853 0.429162 0.061478 0.048505
0 0.854617 0.927272 0.096407 0.073698
0 0.113710 0.432747 0.045692 0.033373
0 0.770533 0.946555 0.100900 0.073060
0 0.096991 0.197805 0.193981 0.395609
0 0.691721 0.528272 0.122041 0.092652
0 0.018591 0.473351 0.037182 0.095584
0 0.564976 0.423076 0.108673 0.076296
0 0.979642 0.295404 0.040716 0.037859
0 0.248819 0.179929 0.068129 0.045564
0 0.037722 0.588833 0.041945 0.031637
0 0.540658 0.677145 0.037471 0.029480
0 0.080378 0.026963 0.051904 0.036398
0 0.582513 0.588656 0.102173 0.072186
0 0.234303 0.470230 0.058783 0.042209
0 0.979860 0.182027 0.036790 0.029483
0 0.980213 0.442288 0.039574 0.064704
0 0.860401 0.690129 0.040998 0.030894
0 0.075309 0.507320 0.088382 0.061864
0 0.709931 0.588369 0.045165 0.035151
0 0.429651 0.730010 0.040363 0.028797
0 0.818161 0.153764 0.138706 0.098866
0 0.367854 0.152919 0.087027 0.059956
0 0.971669 0.945357 0.056240 0.044100
0 0.147383 0.486474 0.043565 0.032877
0 0.390230 0.023334 0.068377 0.046668
0 0.444717 0.545008 0.411250 0.288016
0 0.262646 0.705718 0.061157 0.040772
0 0.166374 0.850281 0.332748 0.294660
0 0.902824 0.507625 0.042299 0.034328
0 0.573027 0.579943 0.130287 0.086713
0 0.327134 0.795049 0.065393 0.050423
0 0.539275 0.566051 0.068058 0.052570
0 0.929610 0.144655 0.084741 0.062198
0 0.360555 0.297127 0.046397 0.032684
0 0.678835 0.667307 0.085419 0.064663
0 0.900878 0.050008 0.041245 0.032366
0 0.365984 0.267203 0.060311 0.039729
0 0.672748 0.213451 0.201963 0.162714
0 0.200063 0.985684 0.033685 0.027153
0 0.631342 0.765897 0.441742 0.305536
0 0.907042 0.270675 0.117109 0.099300
0 0.568394 0.967704 0.133826 0.064592
0 0.896531 0.972627 0.069774 0.048991
0 0.142717 0.304962 0.092434 0.066831
0 0.415907 0.206976 0.064672 0.051305
0 0.346569 0.473257 0.049807 0.040521
0 0.831333 0.381002 0.032282 0.026478
0 0.686971 0.673278 0.070031 0.047387
0 0.545833 0.489496 0.206108 0.155460
0 0.071116 0.330266 0.068900 0.047875
0 0.197504 0.760588 0.073278 0.051994
0 0.425854 0.598917 0.342906 0.198809
0 0.760442 0.183022 0.055455 0.042882
0 0.025652 0.729147 0.050724 0.044799
0 0.354851 0.757497 0.054890 0.037359
0 0.476931 0.962407 0.036147 0.026987
0 0.618230 0.477162 0.076567 0.053361
0 0.780787 0.822452 0.102624 0.071493
0 0.456353 0.490617 0.384970 0.171692
0 0.446472 0.062165 0.038496 0.029387
0 0.659633 0.047899 0.133275 0.095188
0 0.814449 0.028666 0.086164 0.057102
0 0.950090 0.552869 0.033147 0.025770
0 0.704727 0.205584 0.258725 0.170170
0 0.669370 0.862807 0.349113 0.155305
0 0.766190 0.335698 0.032275 0.026132
0 0.961144 0.059759 0.077708 0.116988
0 0.030415 0.666928 0.060830 0.076247
0 0.729512 0.195176 0.348102 0.189212
0 0.470248 0.921840 0.396938 0.156321
0 0.960720 0.497466 0.063931 0.047993