0 0.353098 0.734894 0.133582 0.111641
0 0.216003 0.157570 0.112497 0.097345
0 0.521104 0.660315 0.051573 0.041823
0 0.251703 0.856607 0.052305 0.040403
0 0.636884 0.489072 0.054475 0.048232
0 0.851579 0.794865 0.146270 0.129247
0 0.829118 0.369016 0.045870 0.038183
0 0.182623 0.694401 0.040668 0.032546
0 0.854583 0.630857 0.042828 0.036287
0 0.115864 0.669253 0.037320 0.030416
0 0.844904 0.178110 0.034001 0.029920
0 0.568884 0.800801 0.054200 0.045679
0 0.378855 0.805257 0.048282 0.038115
0 0.832106 0.153802 0.034114 0.029539
0 0.327972 0.883202 0.044486 0.036523
0 0.063489 0.729415 0.126314 0.248629
0 0.290163 0.778678 0.030060 0.025831
0 0.018028 0.433100 0.034683 0.030892
0 0.367081 0.851813 0.053444 0.043508
0 0.180439 0.830116 0.038471 0.031525
0 0.311955 0.477145 0.031948 0.026393
0 0.551434 0.860237 0.163351 0.126820
0 0.246594 0.305165 0.037190 0.032917
0 0.218041 0.598595 0.033211 0.028268
0 0.883768 0.671755 0.083749 0.068105
0 0.399321 0.264917 0.099651 0.086840
0 0.217278 0.397557 0.208946 0.173702
0 0.991158 0.206233 0.017684 0.030585
0 0.112011 0.295373 0.038121 0.029818
0 0.474008 0.027775 0.032406 0.030251
0 0.457472 0.308705 0.071204 0.062341
0 0.698420 0.990368 0.058888 0.019264
0 0.434717 0.990142 0.035253 0.019566
0 0.093327 0.777883 0.060238 0.049220
0 0.120848 0.983944 0.029602 0.027173
0 0.805500 0.441566 0.029884 0.027193
0 0.297073 0.966605 0.028941 0.025700
0 0.347520 0.173752 0.132832 0.118718
0 0.733678 0.701045 0.031340 0.025472
0 0.069611 0.435460 0.105174 0.081063