0 0.797141 0.243402 0.094720 0.077969
0 0.669731 0.783247 0.133792 0.118369
0 0.888149 0.746327 0.123741 0.105251
0 0.917614 0.577781 0.164773 0.155830
0 0.833930 0.326473 0.051516 0.041955
0 0.316667 0.725314 0.056164 0.049382
0 0.954891 0.078486 0.058430 0.047433
0 0.920658 0.860841 0.157465 0.138600
0 0.719430 0.037199 0.119015 0.074399
0 0.928585 0.015206 0.041209 0.030412
0 0.949547 0.232300 0.081923 0.067973
0 0.665203 0.472420 0.149667 0.118236
0 0.671107 0.527913 0.041698 0.034124
0 0.476755 0.896506 0.058965 0.047143
0 0.143357 0.058237 0.035811 0.030827
0 0.018800 0.059505 0.034128 0.030265
0 0.054213 0.370804 0.032115 0.028837
0 0.984446 0.263167 0.030683 0.029809
0 0.454810 0.121381 0.031527 0.028210
0 0.021044 0.098412 0.028104 0.025784
0 0.703696 0.281592 0.591306 0.478211
0 0.642906 0.648070 0.068063 0.054790
0 0.540207 0.709774 0.045516 0.039384
0 0.176569 0.446686 0.030959 0.028035
0 0.228532 0.251902 0.032047 0.028068
0 0.613956 0.900216 0.229168 0.196170
0 0.987292 0.121459 0.025416 0.026900
0 0.193233 0.682210 0.033402 0.030191
0 0.559389 0.624934 0.040253 0.035064
0 0.986120 0.098455 0.025486 0.023493
0 0.691280 0.635870 0.032186 0.028464
0 0.842654 0.992376 0.033546 0.015248
0 0.015119 0.375769 0.030237 0.136969
0 0.614075 0.961335 0.039607 0.034467
0 0.581273 0.981446 0.035337 0.031808
0 0.017311 0.304073 0.034623 0.044108
0 0.403155 0.861910 0.031700 0.027008
0 0.749087 0.580734 0.038008 0.030354
0 0.945588 0.950646 0.044947 0.040184
0 0.605760 0.686577 0.043584 0.038691
0 0.076209 0.570504 0.028047 0.024499
0 0.159643 0.761624 0.052256 0.046800
0 0.532272 0.898702 0.039662 0.032049
0 0.345818 0.627182 0.088864 0.078366