0 0.535142 0.818671 0.120454 0.116821
0 0.293722 0.292156 0.051632 0.048552
0 0.802425 0.594157 0.071284 0.069006
0 0.681656 0.656343 0.054449 0.052183
0 0.528791 0.458330 0.063192 0.062158
0 0.056885 0.643197 0.054257 0.050871
0 0.717889 0.739536 0.042458 0.041758
0 0.842851 0.850392 0.238718 0.232916
0 0.702586 0.795891 0.053441 0.051896
0 0.582948 0.207833 0.494260 0.415665
0 0.693523 0.830845 0.040999 0.040061
0 0.114573 0.922789 0.036813 0.035266
0 0.920637 0.512552 0.032234 0.030995
0 0.815262 0.726637 0.035497 0.034363
0 0.166707 0.716194 0.054106 0.053372
0 0.626658 0.988096 0.034116 0.023615
0 0.495861 0.714632 0.128094 0.117951
0 0.369761 0.412094 0.038967 0.038768
0 0.573012 0.438177 0.057636 0.057504
0 0.820157 0.630794 0.052087 0.051041
0 0.200758 0.682727 0.051395 0.050136
0 0.352353 0.333973 0.031667 0.032169
0 0.049530 0.570883 0.039452 0.036390
0 0.547821 0.963605 0.105005 0.072425
0 0.525838 0.217663 0.043558 0.043104
0 0.735613 0.578986 0.031621 0.031443
0 0.752913 0.965327 0.039527 0.037561
0 0.862154 0.163558 0.053274 0.050769
0 0.114998 0.663965 0.039525 0.039428
0 0.229050 0.565119 0.040452 0.039473
0 0.290064 0.412485 0.028746 0.029102
0 0.985993 0.042960 0.028014 0.044352
0 0.023865 0.537678 0.044774 0.046727
0 0.327072 0.904629 0.191442 0.190258
0 0.006722 0.804905 0.013396 0.039561
0 0.890026 0.982566 0.050233 0.034868
0 0.376738 0.745904 0.046775 0.045007
0 0.674536 0.222984 0.035707 0.034680
0 0.867500 0.977714 0.105643 0.044572
0 0.192331 0.745231 0.029267 0.029576
0 0.648509 0.896828 0.025720 0.025251
0 0.921183 0.726160 0.035784 0.035330
0 0.625710 0.801431 0.031043 0.029846
0 0.091189 0.592169 0.035512 0.033737
0 0.222900 0.790114 0.030431 0.029639
0 0.580976 0.618004 0.028052 0.027632
0 0.824179 0.516243 0.027551 0.027619
0 0.833307 0.174780 0.032531 0.029811
0 0.210244 0.406464 0.029262 0.029538
0 0.212183 0.296843 0.105342 0.107631
0 0.171984 0.714942 0.047197 0.044441
0 0.937506 0.010613 0.033153 0.020848
0 0.954947 0.986326 0.027073 0.025173
0 0.929364 0.380977 0.050887 0.049088
0 0.064909 0.490403 0.028248 0.027187
0 0.602094 0.546460 0.040768 0.039398
0 0.138958 0.687959 0.048993 0.046221
0 0.018198 0.531898 0.036396 0.049526
0 0.660275 0.826043 0.028276 0.028016
0 0.295014 0.227309 0.096378 0.096864
0 0.463462 0.713095 0.085428 0.083062
0 0.522004 0.202291 0.029496 0.027061
0 0.027886 0.540210 0.039827 0.037038
0 0.143268 0.686224 0.061283 0.058929