0 0.747243 0.292582 0.104860 0.100262
0 0.962587 0.070033 0.044980 0.042770
0 0.101594 0.212819 0.052965 0.052184
0 0.482382 0.585449 0.066284 0.063751
0 0.873051 0.959451 0.048688 0.048055
0 0.807644 0.669388 0.059782 0.058170
0 0.371460 0.440398 0.038767 0.038794
0 0.776622 0.969386 0.055052 0.054400
0 0.891067 0.539194 0.029964 0.029349
0 0.951715 0.800574 0.051236 0.049997
0 0.555362 0.581415 0.045116 0.043904
0 0.960671 0.892176 0.046924 0.045154
0 0.653073 0.582841 0.044731 0.044695
0 0.505732 0.839967 0.035000 0.034295
0 0.813538 0.955647 0.028348 0.027117
0 0.784906 0.565420 0.033181 0.032795
0 0.396327 0.567248 0.035318 0.035469
0 0.737155 0.789611 0.052894 0.051184
0 0.729162 0.744933 0.053822 0.053228
0 0.860832 0.660648 0.047247 0.044358
0 0.094128 0.522792 0.028042 0.028066
0 0.434401 0.141939 0.038683 0.037591
0 0.712849 0.558035 0.026678 0.026434
0 0.357955 0.058725 0.032395 0.031737
0 0.082015 0.493049 0.041799 0.040730
0 0.925066 0.393523 0.027999 0.027908
0 0.492444 0.241777 0.224812 0.225738
0 0.912171 0.520489 0.028631 0.030535
0 0.831114 0.982967 0.069894 0.033387
0 0.473463 0.507910 0.037206 0.036176
0 0.336366 0.283128 0.088812 0.087458
0 0.994457 0.905570 0.011085 0.045645
0 0.825401 0.924097 0.028609 0.029147
0 0.641165 0.706742 0.065300 0.063525
0 0.786486 0.922412 0.040722 0.040422
0 0.718407 0.584615 0.032725 0.031461
0 0.204399 0.658660 0.031351 0.031008
0 0.985409 0.684315 0.029181 0.038403
0 0.048474 0.329142 0.096105 0.213988
0 0.796593 0.351969 0.057606 0.054650
0 0.250601 0.614713 0.025304 0.025005
0 0.704462 0.652309 0.034093 0.033378
0 0.351037 0.093110 0.033162 0.033591
0 0.548690 0.741626 0.025749 0.025738
0 0.882049 0.715581 0.032250 0.031863
0 0.501600 0.710530 0.045055 0.044829
0 0.278131 0.350446 0.027371 0.027643
0 0.442590 0.658945 0.044899 0.043294
0 0.673417 0.517743 0.033762 0.034324
0 0.342413 0.925030 0.030433 0.029859
0 0.930830 0.748969 0.045484 0.045953
0 0.865965 0.375344 0.042210 0.043097
0 0.154189 0.306050 0.024180 0.024633
0 0.573017 0.507681 0.025412 0.024889
0 0.011491 0.224190 0.022982 0.036459
0 0.926722 0.710681 0.037286 0.036672
0 0.678203 0.680771 0.027964 0.027296
0 0.252032 0.255935 0.034313 0.035284
0 0.271758 0.979490 0.073308 0.041020
0 0.181564 0.254251 0.025706 0.024699
0 0.229246 0.020125 0.056846 0.040095