0 0.323127 0.356993 0.245747 0.244933
0 0.862007 0.019449 0.046159 0.038889
0 0.028694 0.529127 0.056540 0.069843
0 0.982710 0.351142 0.020494 0.020272
0 0.459423 0.270088 0.035814 0.035465
0 0.414257 0.495767 0.121231 0.119581
0 0.048111 0.335773 0.041189 0.039590
0 0.189375 0.936916 0.032545 0.031837
0 0.641013 0.203219 0.027036 0.026760
0 0.532960 0.587806 0.039177 0.038895
0 0.534371 0.087989 0.050666 0.049852
0 0.032004 0.670550 0.064007 0.078759
0 0.924354 0.948718 0.030474 0.029958
0 0.148713 0.013041 0.028420 0.026049
0 0.980088 0.480708 0.033528 0.033342
0 0.773813 0.024513 0.020111 0.020275
0 0.836292 0.433250 0.021737 0.021798
0 0.145084 0.496927 0.034490 0.033364
0 0.842199 0.103927 0.024973 0.025339
0 0.455572 0.020824 0.024229 0.023259
0 0.462762 0.623248 0.042425 0.039815
0 0.080043 0.212932 0.053596 0.051863
0 0.585560 0.208267 0.035730 0.036226
0 0.342120 0.481339 0.026332 0.025030
0 0.049264 0.307883 0.032693 0.032151
0 0.056971 0.251020 0.028325 0.028020
0 0.012212 0.590701 0.024244 0.094185
0 0.010723 0.582311 0.021446 0.066102
0 0.133954 0.793626 0.025431 0.026377
0 0.197230 0.012396 0.024649 0.022919
0 0.270394 0.643158 0.264683 0.255384
0 0.592790 0.150777 0.034176 0.032262
0 0.733165 0.902007 0.085393 0.085033
0 0.172429 0.789527 0.139059 0.136423