0 0.275506 0.599760 0.258668 0.264236
0 0.852672 0.161357 0.152668 0.151235
0 0.492782 0.457807 0.046185 0.044944
0 0.385794 0.977435 0.056932 0.045129
0 0.526016 0.734201 0.053189 0.053159
0 0.500494 0.218175 0.028457 0.027944
0 0.713372 0.505689 0.031739 0.031905
0 0.341109 0.094403 0.031737 0.031850
0 0.592282 0.721742 0.030860 0.030047
0 0.419999 0.395777 0.040739 0.039915
0 0.888052 0.783646 0.031354 0.031385
0 0.142220 0.056018 0.027229 0.026492
0 0.340113 0.891588 0.030197 0.029379
0 0.404932 0.194867 0.036700 0.035461
0 0.383170 0.853029 0.037302 0.038839
0 0.918776 0.685757 0.035284 0.034249
0 0.257700 0.166211 0.026381 0.025871
0 0.423622 0.166384 0.030082 0.028890
0 0.580613 0.886945 0.027570 0.027129
0 0.980649 0.277646 0.026603 0.026513
0 0.455785 0.699270 0.029576 0.028213
0 0.700485 0.574922 0.027660 0.027275
0 0.918253 0.018164 0.036869 0.034984
0 0.875172 0.843869 0.043811 0.043573
0 0.962830 0.041400 0.068807 0.067182
0 0.097898 0.481656 0.027737 0.027154
0 0.695925 0.932898 0.110353 0.110052
0 0.938782 0.154534 0.027493 0.028492
0 0.676339 0.707934 0.025973 0.026618
0 0.986996 0.149073 0.026009 0.096225
0 0.013905 0.452780 0.027572 0.032018
0 0.758470 0.234066 0.036509 0.034189
0 0.983137 0.238439 0.033726 0.037393
0 0.136542 0.030173 0.022449 0.023057
0 0.628784 0.523672 0.035082 0.034382
0 0.729282 0.921104 0.064268 0.063640
0 0.423903 0.121607 0.026754 0.026182
0 0.710014 0.929011 0.099064 0.091437