0 0.335582 0.894882 0.055652 0.054952
0 0.842810 0.067247 0.206523 0.131337
0 0.190073 0.220678 0.040009 0.039137
0 0.615861 0.606433 0.037258 0.035919
0 0.122465 0.085530 0.034520 0.033042
0 0.055949 0.901383 0.034100 0.030539
0 0.157999 0.170622 0.034091 0.033783
0 0.527117 0.881182 0.025971 0.026282
0 0.339100 0.123896 0.029466 0.028394
0 0.616953 0.404482 0.028925 0.027944
0 0.505904 0.256119 0.025384 0.024979
0 0.451029 0.127015 0.025536 0.024990
0 0.892399 0.992401 0.029023 0.015043
0 0.250161 0.462310 0.025087 0.024610