0 0.559346 0.578895 0.122066 0.113566
0 0.157424 0.856928 0.041654 0.040800
0 0.232146 0.763453 0.097767 0.091005
0 0.674328 0.849574 0.031077 0.030423
0 0.031755 0.157502 0.026629 0.024910
0 0.478863 0.181930 0.038964 0.037080
0 0.651300 0.064061 0.051524 0.049039
0 0.853445 0.622654 0.035412 0.033335
0 0.380775 0.736011 0.060296 0.055443
0 0.663224 0.533042 0.122222 0.112013
0 0.912313 0.059463 0.058142 0.056700
0 0.427826 0.965352 0.099795 0.069083
0 0.500993 0.475191 0.031502 0.029635
0 0.952483 0.027432 0.095033 0.054864
0 0.395975 0.343723 0.028191 0.027582
0 0.044651 0.470448 0.025904 0.024073
0 0.747354 0.363678 0.029722 0.027711
0 0.961226 0.187919 0.035883 0.033116
0 0.427713 0.560948 0.030896 0.028692
0 0.463641 0.238735 0.025895 0.025848
0 0.943247 0.449200 0.068852 0.059596
0 0.364018 0.682596 0.065218 0.060609
0 0.265557 0.937752 0.031985 0.029782
0 0.767321 0.032754 0.097168 0.065508
0 0.900786 0.982209 0.026798 0.028223
0 0.718351 0.114453 0.050164 0.046281
0 0.761893 0.200015 0.041852 0.034976
0 0.639252 0.022144 0.184301 0.044240
0 0.991931 0.159785 0.016138 0.039690
0 0.899338 0.178489 0.028713 0.027304
0 0.227555 0.176114 0.448374 0.352228
0 0.766453 0.196395 0.047497 0.041695
0 0.797867 0.502711 0.026830 0.024479
0 0.437522 0.889327 0.028215 0.027309
0 0.860247 0.138434 0.028153 0.025632
0 0.456580 0.640255 0.041667 0.037090