0 0.268368 0.160846 0.055617 0.044618
0 0.864185 0.513963 0.046673 0.037235
0 0.689460 0.292645 0.316125 0.271211
0 0.135042 0.179999 0.051130 0.039276
0 0.291202 0.920324 0.039783 0.032866
0 0.066193 0.314878 0.086078 0.069003
0 0.447806 0.177440 0.271602 0.235869
0 0.989740 0.129886 0.020519 0.030336
0 0.771695 0.594863 0.032156 0.027206
0 0.981363 0.303323 0.037275 0.042418
0 0.228212 0.722114 0.091038 0.071710
0 0.372714 0.185137 0.038351 0.032016
0 0.658732 0.679806 0.219152 0.189260
0 0.202860 0.647373 0.081483 0.072481