0 0.540369 0.292543 0.056370 0.044686
0 0.397053 0.744827 0.040457 0.035806
0 0.355300 0.623854 0.044270 0.040214
0 0.192502 0.296464 0.034977 0.033697
0 0.211045 0.786842 0.052320 0.047905
0 0.184933 0.760860 0.032634 0.030215
0 0.592670 0.716896 0.026589 0.029318
0 0.195182 0.081719 0.019290 0.019515
0 0.521587 0.017726 0.028926 0.027516
0 0.266442 0.540608 0.024432 0.023577
0 0.539414 0.944584 0.120716 0.106204
0 0.191550 0.014077 0.018310 0.018579
0 0.283255 0.323073 0.024944 0.023555
0 0.045023 0.842078 0.036551 0.034081
0 0.143527 0.418370 0.032587 0.032350
0 0.155715 0.565964 0.023832 0.023715