0 0.241591 0.835743 0.047999 0.043929
0 0.253634 0.795427 0.044595 0.042284
0 0.856370 0.126135 0.070875 0.069697
0 0.100118 0.491085 0.033135 0.029807
0 0.031862 0.106022 0.039185 0.035558
0 0.081913 0.737278 0.027365 0.026764
0 0.690378 0.619615 0.040117 0.039089
0 0.117076 0.209491 0.029489 0.025358
0 0.316603 0.899864 0.024865 0.023365
0 0.679816 0.646031 0.048010 0.045772
0 0.418293 0.105246 0.038526 0.035538
0 0.628307 0.204202 0.025468 0.025787
0 0.438805 0.083706 0.055239 0.051322
0 0.839550 0.840057 0.026509 0.026285
0 0.008191 0.285289 0.016383 0.040002
0 0.080676 0.025860 0.026137 0.023401