0 0.160556 0.288134 0.075880 0.065679
0 0.309840 0.086528 0.091295 0.084784
0 0.197224 0.075363 0.036625 0.034521
0 0.096521 0.662646 0.038130 0.033457
0 0.056060 0.110300 0.046536 0.041380
0 0.067750 0.825320 0.036041 0.032022
0 0.108436 0.763702 0.039864 0.033058
0 0.212455 0.210885 0.050373 0.045838
0 0.969386 0.013238 0.032243 0.026477
0 0.159104 0.145636 0.026403 0.025687
0 0.278015 0.182791 0.055098 0.047130
0 0.067205 0.432852 0.035895 0.033405
0 0.314775 0.851901 0.035335 0.029464
0 0.022915 0.475327 0.035178 0.030519
0 0.683333 0.648066 0.057313 0.048247
0 0.115827 0.187022 0.025161 0.023943
0 0.137585 0.086365 0.029974 0.028720
0 0.129572 0.017525 0.029125 0.028670
0 0.814030 0.555774 0.033978 0.030354
0 0.303757 0.830135 0.032766 0.028645
0 0.403268 0.269649 0.040836 0.034642
0 0.748360 0.169318 0.024621 0.023276
0 0.143127 0.046540 0.023739 0.023000
0 0.560359 0.229344 0.094057 0.085354
0 0.248303 0.019671 0.021958 0.021376
0 0.460092 0.455306 0.050056 0.042044
0 0.403108 0.232773 0.051969 0.046963
0 0.233289 0.358360 0.087528 0.079314
0 0.788180 0.004759 0.027699 0.009518
0 0.387225 0.094659 0.059961 0.055197
0 0.478541 0.122014 0.074255 0.065838