0 0.848544 0.308538 0.065800 0.059257
0 0.015518 0.761302 0.030955 0.036253
0 0.206662 0.263373 0.035678 0.029311
0 0.044845 0.577065 0.037883 0.030338
0 0.867417 0.678052 0.032875 0.027104
0 0.612575 0.580315 0.038043 0.033642
0 0.377136 0.445988 0.027846 0.023991
0 0.513778 0.841870 0.031034 0.026364
0 0.521481 0.638814 0.035442 0.029774
0 0.577190 0.494267 0.028140 0.024422
0 0.976384 0.214161 0.046836 0.181831
0 0.725776 0.937133 0.477549 0.125733
0 0.974952 0.973294 0.028103 0.025573
0 0.675077 0.617979 0.029791 0.023634
0 0.120732 0.769353 0.164364 0.134578
0 0.398961 0.948306 0.028401 0.023512
0 0.531478 0.823586 0.028592 0.024420
0 0.113652 0.314069 0.117911 0.095642
0 0.018981 0.226137 0.027077 0.022825