0 0.047270 0.812990 0.094540 0.187077
0 0.250308 0.680202 0.104923 0.105456
0 0.649364 0.446216 0.051512 0.050490
0 0.302742 0.378546 0.058334 0.054472
0 0.119291 0.239642 0.037520 0.036165
0 0.642027 0.713871 0.032169 0.031672
0 0.706032 0.458500 0.047091 0.046720
0 0.800307 0.337069 0.031428 0.031058
0 0.319187 0.324931 0.046902 0.044715
0 0.368058 0.251263 0.034509 0.032379
0 0.287043 0.852202 0.492828 0.295595
0 0.905533 0.517874 0.029532 0.028495
0 0.417608 0.524749 0.092074 0.094626
0 0.928474 0.934100 0.143051 0.131614
0 0.111724 0.306533 0.027783 0.026573
0 0.320354 0.185822 0.027096 0.026760
0 0.018987 0.953213 0.037973 0.093575
0 0.580396 0.659052 0.026187 0.025419
0 0.071128 0.012318 0.067009 0.024486
0 0.357618 0.187255 0.028319 0.028291
0 0.982087 0.346187 0.035826 0.055191
0 0.760242 0.038297 0.241392 0.076519
0 0.712801 0.962589 0.071414 0.067575