0 0.840448 0.946850 0.090987 0.071464
0 0.084894 0.506981 0.094655 0.077016
0 0.317267 0.302197 0.067906 0.056820
0 0.173595 0.112041 0.096471 0.084997
0 0.312018 0.140465 0.094984 0.075712
0 0.288936 0.785880 0.037212 0.032610
0 0.356198 0.823876 0.034803 0.028481
0 0.825648 0.816564 0.040335 0.033020
0 0.731482 0.416549 0.041184 0.033972
0 0.208468 0.160135 0.061199 0.047573
0 0.657031 0.078391 0.033712 0.027988
0 0.944314 0.456341 0.040162 0.034787
0 0.381490 0.116154 0.061244 0.051558
0 0.318560 0.371329 0.082989 0.070398
0 0.607645 0.937874 0.036017 0.028479
0 0.141046 0.684787 0.067834 0.055209
0 0.421358 0.777106 0.039197 0.032192
0 0.307148 0.209166 0.068638 0.056412
0 0.594156 0.138448 0.045643 0.040971
0 0.745321 0.597157 0.035411 0.029003
0 0.252345 0.365698 0.044849 0.034954
0 0.225888 0.623427 0.034115 0.027845
0 0.381130 0.364616 0.035389 0.028700
0 0.229461 0.939314 0.036075 0.029381
0 0.366269 0.584133 0.033268 0.027923
0 0.239201 0.251578 0.055950 0.046371
0 0.662616 0.968652 0.032965 0.028588
0 0.112404 0.323920 0.047960 0.037459
0 0.882648 0.020105 0.044555 0.038945
0 0.615216 0.203881 0.211631 0.195548
0 0.187196 0.641352 0.039953 0.033566
0 0.695296 0.791090 0.037029 0.030658
0 0.157058 0.594227 0.048790 0.038798
0 0.059109 0.228109 0.057861 0.047271
0 0.078691 0.767868 0.029779 0.023827
0 0.297046 0.885594 0.038757 0.029920
0 0.542670 0.029802 0.036733 0.031545
0 0.229341 0.303934 0.051261 0.038443
0 0.286621 0.476129 0.031106 0.026977
0 0.121895 0.614349 0.037868 0.030862
0 0.257605 0.032418 0.057255 0.048293
0 0.380377 0.715529 0.032350 0.026489
0 0.972219 0.696361 0.055563 0.056051
0 0.185049 0.417466 0.030173 0.023519
0 0.035409 0.208520 0.025909 0.023051
0 0.328061 0.433854 0.045022 0.036146
0 0.049672 0.424081 0.031460 0.025231
0 0.323416 0.402684 0.041156 0.032165
0 0.266032 0.205894 0.063373 0.051045
0 0.852846 0.451308 0.031889 0.027175
0 0.819708 0.859048 0.027691 0.023425
0 0.600047 0.242757 0.161423 0.131019
0 0.278978 0.734546 0.027775 0.024065
0 0.085875 0.360443 0.076286 0.063831
0 0.179670 0.230225 0.042746 0.035486
0 0.011225 0.299276 0.022449 0.041069
0 0.101076 0.112134 0.036381 0.031026
0 0.364170 0.790155 0.661094 0.419691
0 0.235172 0.340415 0.044028 0.034464
0 0.764061 0.606192 0.471878 0.459398
0 0.287177 0.248484 0.028462 0.024527
0 0.061574 0.301760 0.061270 0.046904
0 0.098371 0.255970 0.082736 0.069047