0 0.605928 0.761797 0.062914 0.061453
0 0.759295 0.166866 0.297008 0.283636
0 0.321920 0.530348 0.093045 0.086520
0 0.391485 0.450179 0.059376 0.055847
0 0.572550 0.639768 0.056763 0.053831
0 0.052571 0.337992 0.038261 0.037329
0 0.437347 0.503917 0.053649 0.050856
0 0.774084 0.560006 0.107101 0.103784
0 0.110153 0.537438 0.053668 0.048036
0 0.209461 0.636935 0.046932 0.043383
0 0.287320 0.160053 0.068306 0.068127
0 0.897583 0.745018 0.031883 0.030444
0 0.223058 0.879216 0.126874 0.110928
0 0.364984 0.677924 0.038499 0.036786
0 0.668177 0.420594 0.032205 0.030075
0 0.309448 0.196168 0.062317 0.063418
0 0.603616 0.374360 0.029530 0.027640
0 0.399685 0.172047 0.043199 0.039961
0 0.258443 0.350975 0.056909 0.054294
0 0.520640 0.801253 0.040852 0.039962
0 0.365484 0.357590 0.028730 0.027012
0 0.314558 0.610144 0.040901 0.038758
0 0.855579 0.045608 0.029466 0.027410
0 0.291227 0.383785 0.049372 0.047380
0 0.485039 0.985965 0.049306 0.028069
0 0.707380 0.444968 0.030727 0.028310
0 0.422871 0.674235 0.033297 0.031042
0 0.115596 0.722660 0.101757 0.095544
0 0.331173 0.432581 0.063530 0.061247
0 0.383421 0.767571 0.061623 0.055858
0 0.223133 0.984671 0.071519 0.030659
0 0.403041 0.713183 0.035701 0.033884
0 0.306839 0.449402 0.040961 0.036534
0 0.460110 0.413727 0.104197 0.099635
0 0.978593 0.036288 0.034698 0.032839
0 0.976436 0.578543 0.023757 0.023563
0 0.317591 0.978602 0.057490 0.042439
0 0.146979 0.782027 0.050011 0.045453
0 0.733246 0.369782 0.065519 0.061641
0 0.274920 0.014290 0.098706 0.028578
0 0.251875 0.641068 0.034233 0.031504
0 0.989194 0.835599 0.021522 0.032643
0 0.029113 0.883998 0.033100 0.031605
0 0.530866 0.051765 0.037320 0.033733
0 0.547525 0.983516 0.060405 0.032666
0 0.179323 0.269227 0.043142 0.039161
0 0.422900 0.042430 0.046218 0.041898
0 0.008516 0.904256 0.016900 0.040266
0 0.294972 0.720842 0.046955 0.043327
0 0.474354 0.770113 0.061181 0.060481
0 0.878504 0.975925 0.166696 0.048149
0 0.773788 0.707187 0.033151 0.032463
0 0.147821 0.775004 0.064972 0.060001
0 0.387204 0.536381 0.036256 0.034981
0 0.321928 0.906277 0.084365 0.078127
0 0.552797 0.010907 0.092834 0.021813
0 0.213607 0.832764 0.060785 0.056053
0 0.102145 0.298134 0.092477 0.087051
0 0.054592 0.059689 0.109183 0.115209
0 0.710566 0.722693 0.041720 0.040230
0 0.317904 0.030525 0.031879 0.031543
0 0.428056 0.260890 0.026482 0.024610
0 0.840762 0.974968 0.318005 0.050065
0 0.203753 0.449952 0.039007 0.038687
0 0.311371 0.974448 0.071815 0.051105
0 0.283770 0.644450 0.031025 0.029807
0 0.233171 0.859046 0.131226 0.119492
0 0.495299 0.022643 0.041389 0.040069
0 0.979727 0.079127 0.040545 0.052338
0 0.145315 0.138175 0.030169 0.029390
0 0.170103 0.122617 0.023561 0.023304
0 0.193210 0.564206 0.075578 0.071686
0 0.184823 0.301093 0.051796 0.046776