0 0.535000 0.048792 0.133074 0.096916
0 0.670353 0.849486 0.060537 0.047856
0 0.586026 0.975381 0.094883 0.049220
0 0.364429 0.244430 0.096049 0.077476
0 0.760909 0.240905 0.095647 0.083201
0 0.767849 0.825716 0.056188 0.046616
0 0.360475 0.500031 0.043138 0.034399
0 0.645027 0.398665 0.041966 0.036262
0 0.224698 0.487974 0.045356 0.035589
0 0.652281 0.347266 0.047592 0.038965
0 0.472702 0.379146 0.054410 0.044768
0 0.516872 0.397881 0.051760 0.042038
0 0.548839 0.672712 0.102355 0.083092
0 0.568483 0.180558 0.052937 0.045029
0 0.588286 0.719754 0.054679 0.041992
0 0.844217 0.342527 0.095108 0.082801
0 0.739007 0.457303 0.037719 0.033126
0 0.901628 0.206781 0.044125 0.038721
0 0.435002 0.183385 0.117323 0.095482
0 0.446134 0.255647 0.058212 0.043808
0 0.742514 0.987278 0.054106 0.024909
0 0.515810 0.971572 0.064946 0.050459
0 0.491458 0.917010 0.121571 0.095270
0 0.874058 0.838658 0.034710 0.029620
0 0.845561 0.630928 0.046037 0.037453
0 0.957282 0.190752 0.082785 0.076949
0 0.806508 0.058754 0.072712 0.069048
0 0.253732 0.807030 0.106794 0.087767
0 0.354743 0.654986 0.309617 0.245484
0 0.495913 0.724787 0.053770 0.044304
0 0.175688 0.212840 0.046653 0.038211
0 0.198884 0.045205 0.069948 0.059483
0 0.138075 0.264748 0.042719 0.035026
0 0.708930 0.331302 0.041192 0.034565
0 0.825048 0.513837 0.064900 0.052876
0 0.548346 0.295865 0.089908 0.073468
0 0.742838 0.306226 0.046621 0.038122
0 0.268152 0.259413 0.051428 0.042376
0 0.949764 0.366939 0.066802 0.059650
0 0.137252 0.903213 0.274504 0.193574
0 0.434869 0.988831 0.038898 0.021946
0 0.329575 0.364559 0.042266 0.036377
0 0.504595 0.541439 0.032343 0.027927
0 0.144040 0.703022 0.095274 0.084042
0 0.331064 0.535044 0.035905 0.028257
0 0.149360 0.551382 0.039425 0.033798
0 0.294675 0.019095 0.117455 0.038190
0 0.064090 0.635676 0.128103 0.183109
0 0.161661 0.061912 0.065309 0.052644
0 0.711065 0.190061 0.052316 0.044040
0 0.680758 0.228991 0.077431 0.065559
0 0.440605 0.736991 0.041558 0.033062
0 0.690719 0.744081 0.034996 0.027462
0 0.506272 0.329819 0.040516 0.036524
0 0.344548 0.069972 0.034196 0.028748
0 0.244216 0.209717 0.031880 0.026579
0 0.821844 0.283714 0.064697 0.049876
0 0.829339 0.280872 0.051404 0.041214
0 0.428701 0.376725 0.030749 0.028183
0 0.539985 0.736344 0.047295 0.038803
0 0.986748 0.562070 0.025976 0.025819
0 0.645912 0.061459 0.047699 0.040659
0 0.742957 0.331943 0.028206 0.026880
0 0.062725 0.776357 0.124214 0.111987
0 0.071406 0.393884 0.030052 0.023983
0 0.763912 0.783364 0.056114 0.044247
0 0.456066 0.307840 0.030737 0.026091
0 0.153887 0.554144 0.046541 0.042387
0 0.264854 0.031765 0.038949 0.032327
0 0.892592 0.796279 0.214816 0.407443
0 0.341784 0.787534 0.034044 0.029043
0 0.756153 0.530572 0.029156 0.025232
0 0.126448 0.466036 0.071017 0.059867
0 0.911253 0.931844 0.163920 0.135493
0 0.170759 0.415595 0.028309 0.024046
0 0.170846 0.057639 0.083203 0.059148
0 0.189929 0.706164 0.027375 0.024584
0 0.944832 0.132677 0.062120 0.054984
0 0.047259 0.020637 0.094518 0.040607
0 0.355881 0.881485 0.169107 0.142405
0 0.273660 0.866574 0.041185 0.035845