0 0.097396 0.692430 0.194791 0.303840
0 0.271383 0.440199 0.106808 0.104242
0 0.280804 0.534198 0.068648 0.066109
0 0.245572 0.179415 0.049195 0.047786
0 0.674877 0.238610 0.100091 0.097213
0 0.451990 0.322486 0.068359 0.065471
0 0.940240 0.231675 0.119521 0.187052
0 0.390532 0.934980 0.036514 0.034917
0 0.147243 0.534092 0.032488 0.032062
0 0.445629 0.284277 0.032982 0.032320
0 0.749920 0.457971 0.057336 0.058492
0 0.022173 0.901253 0.044346 0.068378
0 0.243155 0.233697 0.037475 0.035438
0 0.030236 0.815521 0.060473 0.071431
0 0.155405 0.012504 0.038253 0.024207
0 0.198121 0.538877 0.045105 0.043872
0 0.217552 0.860934 0.098113 0.091203
0 0.046820 0.325320 0.031715 0.029835
0 0.210164 0.820711 0.059160 0.057512
0 0.250722 0.371532 0.031045 0.030171
0 0.719007 0.955404 0.080293 0.079828
0 0.011090 0.506438 0.022093 0.029472
0 0.919718 0.131688 0.031691 0.030553
0 0.474495 0.569932 0.082206 0.080181
0 0.556092 0.685389 0.050874 0.049639
0 0.673347 0.738527 0.042108 0.039873
0 0.458570 0.489552 0.081885 0.081640
0 0.063942 0.963275 0.078121 0.070630
0 0.231790 0.615719 0.141267 0.141776
0 0.606288 0.361982 0.039793 0.038849
0 0.538296 0.300202 0.026724 0.026061
0 0.355538 0.295739 0.034318 0.034261
0 0.869310 0.561264 0.260329 0.553711
0 0.242156 0.082881 0.110545 0.107822
0 0.329457 0.308813 0.043853 0.043743
0 0.319434 0.604668 0.058759 0.058818
0 0.981902 0.249894 0.030018 0.029415
0 0.196923 0.861248 0.057561 0.057542
0 0.611700 0.424099 0.040633 0.038400
0 0.218027 0.021969 0.026616 0.025565
0 0.404581 0.985314 0.055823 0.029373
0 0.267498 0.029162 0.030585 0.029939
0 0.668257 0.363608 0.029233 0.029016
0 0.694203 0.675092 0.094083 0.093246
0 0.630837 0.985226 0.055293 0.029548
0 0.046720 0.131154 0.092450 0.230431
0 0.167867 0.255544 0.072341 0.069467
0 0.729537 0.564408 0.031497 0.030880
0 0.689368 0.601748 0.076643 0.073773
0 0.552313 0.424723 0.080032 0.077231
0 0.216981 0.386237 0.040699 0.041186