0 0.573164 0.488982 0.036156 0.032681
0 0.850468 0.987893 0.036232 0.024207
0 0.276648 0.436457 0.033924 0.029119
0 0.987614 0.049867 0.024772 0.030897
0 0.694818 0.457237 0.033496 0.034537
0 0.076872 0.366155 0.031559 0.028595
0 0.099677 0.035406 0.030312 0.029107
0 0.472174 0.880868 0.032770 0.029665
0 0.187574 0.526025 0.033847 0.029770
0 0.131834 0.501920 0.028469 0.027681
0 0.129629 0.398667 0.031442 0.030792
0 0.108505 0.493629 0.031230 0.030510
0 0.588595 0.363469 0.028531 0.026846
0 0.181685 0.556384 0.031147 0.030083
0 0.455868 0.583005 0.032049 0.029702
0 0.254557 0.564157 0.031131 0.028403
0 0.081559 0.475032 0.028289 0.025891
0 0.498774 0.866350 0.030814 0.030229