0 0.815010 0.131000 0.182616 0.131217
0 0.484536 0.488127 0.064144 0.048638
0 0.331204 0.659158 0.066505 0.045787
0 0.946685 0.370788 0.106631 0.098108
0 0.648782 0.360110 0.090008 0.069000
0 0.586882 0.708207 0.045689 0.033676
0 0.128413 0.090181 0.142971 0.107976
0 0.264709 0.703848 0.044977 0.031741
0 0.481721 0.270354 0.043825 0.031237
0 0.729734 0.268261 0.056581 0.043201
0 0.520606 0.780695 0.052478 0.037984
0 0.244016 0.199013 0.068981 0.051142
0 0.551295 0.047715 0.034381 0.027551
0 0.982662 0.034672 0.034677 0.033224
0 0.054864 0.636130 0.037588 0.027030
0 0.746201 0.334167 0.044801 0.034644
0 0.801793 0.423409 0.145681 0.104961
0 0.407178 0.017370 0.045529 0.033518
0 0.774120 0.277640 0.041980 0.032707
0 0.944873 0.112498 0.109759 0.115897
0 0.434852 0.260615 0.047886 0.035349
0 0.590486 0.540235 0.093272 0.069779
0 0.349472 0.407052 0.036302 0.029215
0 0.437418 0.469063 0.042884 0.034521
0 0.775402 0.776482 0.076304 0.051508
0 0.503468 0.234973 0.074968 0.053705
0 0.016732 0.598476 0.032718 0.028417
0 0.404561 0.563092 0.118901 0.077060
0 0.712531 0.498729 0.040183 0.030637
0 0.469531 0.159313 0.213796 0.159577
0 0.986661 0.216458 0.026626 0.032864
0 0.431505 0.043947 0.049286 0.034424
0 0.810274 0.435959 0.121799 0.088326
0 0.677400 0.258993 0.040894 0.032694
0 0.812727 0.257321 0.043475 0.032038
0 0.859118 0.311762 0.107147 0.084177
0 0.448866 0.147749 0.173726 0.140152
0 0.445609 0.019274 0.028899 0.023912
0 0.941697 0.096279 0.110678 0.088546
0 0.898142 0.779565 0.057962 0.037844