0 0.361685 0.829718 0.270263 0.213808
0 0.396357 0.310798 0.097325 0.072326
0 0.181397 0.752806 0.053504 0.040043
0 0.581509 0.399355 0.175381 0.134170
0 0.517687 0.282058 0.051480 0.036236
0 0.465691 0.889561 0.055210 0.042557
0 0.489980 0.955980 0.045883 0.036688
0 0.303788 0.575323 0.055866 0.037022
0 0.390342 0.373105 0.046170 0.034132
0 0.317104 0.142481 0.123993 0.095671
0 0.177040 0.960520 0.219631 0.078468
0 0.702306 0.633120 0.047280 0.034866
0 0.960082 0.036582 0.041160 0.033544
0 0.414057 0.143880 0.040103 0.031548
0 0.624546 0.986748 0.042489 0.026503
0 0.229551 0.501320 0.436487 0.291494
0 0.319275 0.218201 0.064275 0.045744
0 0.151730 0.295211 0.047601 0.039193
0 0.184358 0.623323 0.100772 0.071756
0 0.155807 0.695288 0.104337 0.075529
0 0.616736 0.028916 0.037309 0.028656
0 0.299437 0.295815 0.080161 0.058120
0 0.056905 0.912302 0.040941 0.032689
0 0.664613 0.665837 0.050373 0.034903
0 0.795049 0.729054 0.042428 0.031525
0 0.674775 0.114634 0.037105 0.028503
0 0.499089 0.781030 0.035006 0.030422
0 0.391516 0.694433 0.045166 0.036484
0 0.623704 0.299401 0.041010 0.030428
0 0.790117 0.409183 0.056761 0.044512
0 0.570483 0.128172 0.037519 0.029188
0 0.349821 0.073610 0.076618 0.056367
0 0.903068 0.308474 0.051823 0.040756
0 0.332256 0.046392 0.119778 0.089749
0 0.642997 0.135654 0.039220 0.029637
0 0.501612 0.869300 0.035785 0.030046
0 0.398653 0.091359 0.031733 0.025082
0 0.094584 0.372861 0.072380 0.057246
0 0.642139 0.944456 0.069455 0.051098
0 0.547193 0.668038 0.112251 0.086947
0 0.913942 0.827044 0.036035 0.028353
0 0.593390 0.516765 0.051128 0.038881
0 0.717523 0.056660 0.045961 0.037718
0 0.505169 0.049221 0.311978 0.098197
0 0.338234 0.064245 0.105657 0.070570
0 0.258850 0.209623 0.056534 0.044070
0 0.401114 0.993879 0.049699 0.012242
0 0.015158 0.069536 0.030317 0.035032
0 0.246141 0.910653 0.035505 0.029819
0 0.290776 0.253402 0.110879 0.079103
0 0.187067 0.970886 0.190468 0.058227
0 0.870190 0.537631 0.031140 0.026950