0 0.642630 0.516191 0.085762 0.067809
0 0.135239 0.131336 0.114538 0.100565
0 0.971645 0.182327 0.054641 0.047442
0 0.968310 0.435583 0.042953 0.035103
0 0.760348 0.445818 0.050746 0.040212
0 0.277507 0.284855 0.037320 0.031119
0 0.694718 0.212555 0.043078 0.036787
0 0.492655 0.534561 0.067705 0.056351
0 0.367666 0.700535 0.078093 0.061642
0 0.802588 0.967447 0.049485 0.046782
0 0.678146 0.065555 0.034224 0.028616
0 0.800995 0.269015 0.032473 0.027680
0 0.477342 0.091330 0.042995 0.036683
0 0.132578 0.578630 0.046925 0.042535
0 0.490996 0.048452 0.034986 0.030290
0 0.174831 0.281413 0.080668 0.070859
0 0.236977 0.060744 0.104209 0.090519
0 0.565331 0.837864 0.034727 0.028861
0 0.185098 0.613491 0.089844 0.079573
0 0.625208 0.715635 0.033299 0.026631
0 0.155028 0.556602 0.052308 0.045328
0 0.395090 0.273622 0.127131 0.105213
0 0.228505 0.113688 0.047838 0.041740
0 0.567278 0.011056 0.038271 0.021757
0 0.305650 0.181240 0.032491 0.027797
0 0.667005 0.898834 0.033410 0.030325
0 0.029969 0.763723 0.055501 0.051057
0 0.368753 0.190036 0.088933 0.076783
0 0.962240 0.709165 0.029561 0.029725
0 0.864503 0.626065 0.035062 0.030671
0 0.236430 0.718317 0.055885 0.047172
0 0.368381 0.329401 0.115643 0.095961
0 0.975619 0.709055 0.048762 0.055826
0 0.717648 0.236450 0.031323 0.024400
0 0.579508 0.620692 0.031550 0.025308
0 0.982387 0.709909 0.035026 0.049169
0 0.237245 0.357445 0.133474 0.116648
0 0.513148 0.039940 0.027096 0.025894
0 0.530751 0.471713 0.035502 0.029563
0 0.534417 0.073318 0.069522 0.059353
0 0.692008 0.479780 0.036860 0.029713
0 0.318780 0.361599 0.041474 0.033025
0 0.312076 0.411331 0.070062 0.058984
0 0.590171 0.551927 0.067941 0.052679
0 0.940621 0.950392 0.116990 0.097222
0 0.243180 0.708815 0.069321 0.055047
0 0.799759 0.441539 0.034778 0.027682
0 0.601730 0.149720 0.072322 0.062864
0 0.509476 0.890830 0.042976 0.033352
0 0.051931 0.437415 0.028918 0.026719
0 0.632720 0.449892 0.055858 0.046554
0 0.677870 0.697426 0.076036 0.060381
0 0.783749 0.012140 0.027495 0.023452