0 0.267562 0.760380 0.063397 0.061810
0 0.673908 0.675231 0.062748 0.062258
0 0.787658 0.147150 0.039600 0.039092
0 0.779402 0.349491 0.036165 0.034434
0 0.676353 0.247772 0.035615 0.034693
0 0.335790 0.710926 0.047736 0.048109
0 0.018036 0.272949 0.034548 0.035050
0 0.944631 0.359750 0.041735 0.040154
0 0.087819 0.067090 0.066968 0.064335
0 0.927275 0.144901 0.035113 0.033993
0 0.065502 0.442247 0.037603 0.037888
0 0.289003 0.884320 0.030765 0.030098
0 0.094887 0.030795 0.065066 0.059374
0 0.106178 0.382077 0.034097 0.033807
0 0.113181 0.846176 0.047247 0.046262
0 0.421491 0.033260 0.023811 0.024203
0 0.523254 0.577273 0.035503 0.034747
0 0.274608 0.071730 0.026020 0.025782
0 0.335955 0.037036 0.034169 0.033386
0 0.418580 0.008167 0.040537 0.016335
0 0.448248 0.020920 0.059356 0.041727
0 0.974177 0.989744 0.022075 0.020466
0 0.899717 0.187287 0.029659 0.030997
0 0.984320 0.356165 0.026380 0.027227
0 0.388186 0.012737 0.024951 0.023855
0 0.287964 0.267010 0.036648 0.035679
0 0.671642 0.010092 0.031616 0.020075
0 0.326488 0.160670 0.046506 0.047122
0 0.316429 0.574384 0.086695 0.086285
0 0.984885 0.504526 0.030230 0.043678
0 0.827432 0.370986 0.025801 0.025583
0 0.133901 0.368443 0.027690 0.028824
0 0.854044 0.400726 0.031104 0.030188
0 0.450385 0.022627 0.042599 0.040337
0 0.432478 0.013799 0.068059 0.026851
0 0.101042 0.742882 0.024964 0.025418
0 0.039294 0.036050 0.044707 0.041726
0 0.898440 0.383498 0.023703 0.023784
0 0.328179 0.180590 0.025122 0.025024