0 0.693684 0.078637 0.024203 0.023813
0 0.806645 0.202578 0.023887 0.023729
0 0.894200 0.115208 0.124267 0.122549
0 0.749923 0.137105 0.020614 0.020725
0 0.879676 0.369548 0.024163 0.023435
0 0.406480 0.918040 0.125195 0.119762
0 0.904830 0.059045 0.028147 0.028433
0 0.338760 0.556585 0.034008 0.033551
0 0.807736 0.088476 0.016621 0.016539
0 0.915079 0.097753 0.022189 0.021928
0 0.545932 0.062448 0.154079 0.124896
0 0.748677 0.336552 0.033949 0.033330
0 0.948975 0.312308 0.017379 0.017368
0 0.492599 0.332395 0.025614 0.025164
0 0.641021 0.291415 0.021692 0.021659
0 0.250074 0.349540 0.473403 0.429681
0 0.961370 0.328372 0.023157 0.022604
0 0.043448 0.534629 0.042400 0.042065
0 0.706853 0.141763 0.027234 0.027630
0 0.179978 0.096109 0.030393 0.029292
0 0.932457 0.079777 0.028128 0.026876
0 0.690715 0.105797 0.022155 0.022299
0 0.730609 0.121912 0.029852 0.029064
0 0.853720 0.280427 0.018278 0.018473
0 0.762208 0.182294 0.017516 0.017456
0 0.659195 0.478204 0.038736 0.038878
0 0.449305 0.197259 0.051579 0.051081
0 0.279206 0.985541 0.032436 0.027784
0 0.597603 0.548025 0.026935 0.026622
0 0.303167 0.173332 0.026393 0.025345
0 0.253650 0.535417 0.027158 0.027407
0 0.883904 0.307486 0.021323 0.021367
0 0.734429 0.584625 0.027243 0.026642
0 0.920881 0.433787 0.018039 0.017969
0 0.126236 0.723491 0.048548 0.047434
0 0.893070 0.441233 0.016715 0.017097
0 0.313598 0.056197 0.043301 0.042241
0 0.134795 0.921334 0.027248 0.025519
0 0.629515 0.006073 0.020868 0.011761
0 0.200968 0.113557 0.036075 0.038273
0 0.767568 0.058621 0.016435 0.016731
0 0.968300 0.137137 0.062773 0.266473