0 0.140159 0.739679 0.054989 0.053416
0 0.308557 0.182968 0.065732 0.064339
0 0.566796 0.943588 0.069577 0.069033
0 0.262988 0.787937 0.094181 0.085347
0 0.315773 0.451464 0.057291 0.053149
0 0.133948 0.026909 0.062926 0.053626
0 0.293809 0.070035 0.044093 0.041705
0 0.703778 0.644450 0.292798 0.278770
0 0.432619 0.703590 0.100843 0.099506
0 0.543403 0.631930 0.062367 0.062188
0 0.976179 0.974106 0.045178 0.044604
0 0.595636 0.532107 0.057583 0.053855
0 0.478612 0.938347 0.043837 0.041252
0 0.107841 0.767553 0.034269 0.032277
0 0.793805 0.084087 0.235374 0.168173
0 0.077149 0.427593 0.109693 0.105220
0 0.398855 0.064491 0.055472 0.053082
0 0.859240 0.251765 0.093367 0.087747
0 0.182985 0.312407 0.057296 0.052997
0 0.025416 0.307012 0.037812 0.035170
0 0.148640 0.239781 0.049294 0.048139
0 0.930949 0.948847 0.063699 0.058486
0 0.274957 0.223479 0.038206 0.035199
0 0.082806 0.911450 0.035160 0.033253
0 0.380945 0.190894 0.035317 0.034871
0 0.253903 0.109279 0.036113 0.032608
0 0.840895 0.847422 0.050349 0.046479
0 0.721281 0.167341 0.036064 0.035148
0 0.087641 0.527341 0.151493 0.145368
0 0.293635 0.728874 0.085729 0.082011
0 0.822818 0.177303 0.049699 0.048170
0 0.327990 0.237113 0.054580 0.052587
0 0.544857 0.885348 0.053526 0.050204
0 0.060511 0.953701 0.046865 0.042959
0 0.647031 0.450704 0.042152 0.037923
0 0.224940 0.972201 0.066414 0.055217
0 0.020108 0.466418 0.040217 0.044184
0 0.537131 0.233259 0.060587 0.057559
0 0.537028 0.690211 0.069063 0.066746
0 0.981629 0.883039 0.036412 0.034400
0 0.063402 0.494084 0.051459 0.049458
0 0.159108 0.112429 0.030316 0.028321
0 0.468856 0.244817 0.075856 0.073379
0 0.409432 0.873298 0.051198 0.047095
0 0.258486 0.063076 0.030565 0.030350
0 0.553074 0.118261 0.229226 0.208964
0 0.696665 0.122736 0.045548 0.044985
0 0.429029 0.911677 0.036825 0.034820
0 0.620237 0.138477 0.082553 0.078161
0 0.459983 0.500668 0.057631 0.053888
0 0.254430 0.877334 0.054933 0.053398
0 0.438366 0.975828 0.038785 0.039317
0 0.955638 0.767653 0.038642 0.038226
0 0.325972 0.749095 0.029893 0.029108
0 0.484144 0.769431 0.074064 0.072639
0 0.645136 0.898854 0.032809 0.030742
0 0.849735 0.140648 0.066740 0.061962
0 0.332829 0.243021 0.045584 0.043127
0 0.598102 0.499435 0.091693 0.082305
0 0.867174 0.252584 0.079061 0.073454
0 0.485375 0.546944 0.056543 0.052632
0 0.606947 0.980406 0.058348 0.038854
0 0.450710 0.504109 0.041385 0.041811
0 0.814461 0.068628 0.190543 0.136969
0 0.980025 0.909248 0.039945 0.070888
0 0.604726 0.490455 0.069842 0.062639
0 0.054078 0.362667 0.096229 0.091553
0 0.296046 0.097950 0.041546 0.040553
0 0.921865 0.784388 0.040684 0.037388
0 0.188795 0.706248 0.066788 0.061371
0 0.592912 0.400395 0.115862 0.104219
0 0.594109 0.755127 0.036107 0.033924