0 0.661886 0.126048 0.083283 0.065285
0 0.206743 0.778267 0.072837 0.065780
0 0.417480 0.773092 0.044339 0.039115
0 0.021405 0.558478 0.042810 0.078856
0 0.700526 0.553707 0.047776 0.040464
0 0.745630 0.031943 0.046552 0.037547
0 0.758690 0.228470 0.037136 0.030755
0 0.482457 0.967296 0.072210 0.061318
0 0.393371 0.110097 0.032300 0.027904
0 0.817492 0.671782 0.068875 0.061102
0 0.916117 0.629428 0.049491 0.042288
0 0.785274 0.591015 0.052394 0.044734
0 0.670458 0.555001 0.047012 0.040068
0 0.708291 0.050507 0.044053 0.033676
0 0.279200 0.927683 0.037931 0.031202
0 0.507662 0.137376 0.029303 0.025534
0 0.984511 0.540260 0.029764 0.027867
0 0.546715 0.215041 0.030717 0.026568
0 0.397563 0.628826 0.084124 0.071292
0 0.806182 0.623177 0.041263 0.034660
0 0.026466 0.985404 0.034219 0.028167
0 0.069618 0.119473 0.031430 0.026481
0 0.836204 0.007488 0.063178 0.014939
0 0.050137 0.470913 0.100273 0.127772
0 0.994378 0.612029 0.011244 0.036353
0 0.503040 0.949912 0.044662 0.034494