0 0.890708 0.959272 0.167919 0.081457
0 0.956798 0.743202 0.086404 0.116250
0 0.348782 0.794505 0.037758 0.036332
0 0.779899 0.385335 0.375582 0.378572
0 0.331955 0.659550 0.059180 0.058767
0 0.526187 0.673854 0.055962 0.054061
0 0.545224 0.717798 0.045236 0.043670
0 0.884821 0.885611 0.036311 0.034535
0 0.609987 0.083483 0.252308 0.166128
0 0.810421 0.824606 0.037237 0.035682
0 0.550115 0.897073 0.051569 0.050728
0 0.612264 0.951290 0.044190 0.042151
0 0.372409 0.053771 0.232308 0.107543
0 0.256615 0.839095 0.029474 0.028480
0 0.044457 0.852883 0.088502 0.113018
0 0.436306 0.785487 0.047691 0.047059
0 0.604669 0.700929 0.039689 0.038965
0 0.224166 0.265072 0.052421 0.048846
0 0.812792 0.712858 0.097276 0.096728
0 0.862866 0.675854 0.074960 0.070121
0 0.260803 0.778363 0.064096 0.061260
0 0.682704 0.905254 0.033050 0.033694
0 0.414853 0.110021 0.034171 0.032351
0 0.984531 0.669929 0.030851 0.062285
0 0.788443 0.800161 0.038029 0.036951
0 0.203213 0.579534 0.077854 0.078726
0 0.530763 0.598405 0.031896 0.030075
0 0.228809 0.948342 0.033434 0.031302
0 0.433851 0.992774 0.046951 0.014452
0 0.331632 0.830662 0.036967 0.035574
0 0.197125 0.571588 0.068553 0.068325
0 0.398358 0.210192 0.034243 0.032360
0 0.397345 0.675088 0.075402 0.073034
0 0.419553 0.646174 0.136646 0.143122
0 0.525833 0.876793 0.032781 0.032218
0 0.304117 0.629449 0.031552 0.031126
0 0.151757 0.513723 0.062814 0.061620
0 0.364406 0.713183 0.040327 0.038163
0 0.767384 0.657973 0.036714 0.035708
0 0.722190 0.170958 0.084798 0.082390
0 0.101197 0.176633 0.141530 0.127297
0 0.771181 0.657866 0.029788 0.028081
0 0.974594 0.615366 0.038721 0.036943
0 0.252100 0.067811 0.060797 0.060531
0 0.035979 0.762988 0.062894 0.060719
0 0.483529 0.842068 0.062392 0.061424
0 0.365833 0.628377 0.033448 0.033282
0 0.424007 0.760691 0.037751 0.036949
0 0.928627 0.672139 0.055573 0.052357
0 0.056628 0.432867 0.037281 0.037748
0 0.448175 0.733573 0.028580 0.028201
0 0.107502 0.087941 0.215005 0.173113
0 0.618209 0.634957 0.068741 0.065031
0 0.326143 0.962186 0.177110 0.075628
0 0.331664 0.770275 0.031851 0.029780
0 0.291520 0.111999 0.054423 0.051561
0 0.600717 0.217902 0.172379 0.159028
0 0.216827 0.322194 0.089979 0.083887
0 0.707124 0.758446 0.034746 0.034503
0 0.068009 0.037732 0.124107 0.075464
0 0.477717 0.720027 0.028813 0.028618