0 0.864932 0.408990 0.068887 0.069259
0 0.377749 0.234983 0.091523 0.089382
0 0.716955 0.882093 0.060301 0.059988
0 0.822141 0.593125 0.059258 0.058304
0 0.271802 0.617088 0.049147 0.048099
0 0.134892 0.656651 0.043361 0.043635
0 0.259248 0.162226 0.041257 0.039923
0 0.585134 0.221231 0.044687 0.043116
0 0.693627 0.021382 0.038161 0.037008
0 0.819214 0.918029 0.030360 0.030296
0 0.099485 0.108291 0.033934 0.033231
0 0.443452 0.124982 0.051805 0.050576
0 0.191974 0.116241 0.036244 0.036075
0 0.342837 0.023520 0.108396 0.047039
0 0.197166 0.395811 0.034850 0.033763
0 0.081788 0.491828 0.034145 0.033297
0 0.398827 0.433769 0.319758 0.333663
0 0.247109 0.663048 0.031953 0.030915
0 0.671235 0.424209 0.033584 0.032266
0 0.152882 0.484187 0.030673 0.029679
0 0.027692 0.504712 0.029193 0.029137
0 0.984859 0.618977 0.026968 0.026546
0 0.709862 0.152838 0.030656 0.029889
0 0.938238 0.313504 0.027658 0.027703
0 0.969170 0.988813 0.026528 0.022070
0 0.646247 0.412427 0.033688 0.032637
0 0.736808 0.173582 0.027858 0.027602
0 0.855977 0.057893 0.027398 0.027039
0 0.048666 0.048163 0.031404 0.031683
0 0.607610 0.977640 0.026093 0.026242
0 0.183226 0.232593 0.026450 0.025901
0 0.855399 0.807357 0.028928 0.028723
0 0.839955 0.483249 0.027775 0.027399
0 0.592233 0.851099 0.025711 0.025116
0 0.790865 0.072258 0.027178 0.026656
0 0.291163 0.244149 0.035238 0.034159
0 0.806889 0.484498 0.028144 0.027156
0 0.771092 0.106145 0.026518 0.025898
0 0.240724 0.139684 0.025657 0.024985
0 0.490878 0.158731 0.024945 0.024645
0 0.792641 0.405802 0.032277 0.032860
0 0.818148 0.170407 0.028053 0.027378
0 0.119810 0.088952 0.037663 0.036604
0 0.948060 0.840507 0.026446 0.026627
0 0.839681 0.867575 0.023672 0.023713
0 0.189147 0.004789 0.029511 0.009577
0 0.980295 0.109666 0.025317 0.025731
0 0.160871 0.430248 0.027683 0.027618
0 0.965688 0.413351 0.032881 0.032064
0 0.920619 0.709354 0.023345 0.023920
0 0.852144 0.499432 0.026270 0.025901
0 0.596359 0.774715 0.024506 0.023986
0 0.499604 0.318254 0.035841 0.036459
0 0.141086 0.021316 0.024382 0.024241