0 0.415227 0.323386 0.055492 0.056313
0 0.584640 0.023512 0.047741 0.045175
0 0.804476 0.547577 0.049415 0.048033
0 0.809344 0.173376 0.045431 0.044793
0 0.542351 0.444723 0.046980 0.046504
0 0.565487 0.693779 0.040224 0.040249
0 0.738666 0.751297 0.034657 0.033441
0 0.468695 0.927538 0.030681 0.030856
0 0.211760 0.098106 0.033472 0.033567
0 0.680361 0.768613 0.031270 0.030792
0 0.123693 0.009107 0.042347 0.017780
0 0.125945 0.411995 0.030775 0.030755
0 0.292012 0.206476 0.040423 0.039851
0 0.905167 0.507650 0.031407 0.030894
0 0.990129 0.558022 0.019742 0.046303
0 0.241279 0.693628 0.028827 0.029054
0 0.817281 0.105322 0.029267 0.028162
0 0.443723 0.023680 0.051155 0.046521
0 0.180656 0.296210 0.030860 0.029356
0 0.278940 0.257264 0.027545 0.027830
0 0.232201 0.311801 0.025192 0.025181
0 0.009535 0.179992 0.019071 0.029824
0 0.723618 0.116675 0.032637 0.032947
0 0.701578 0.786686 0.028790 0.029035
0 0.785508 0.311776 0.030021 0.029308
0 0.754174 0.075977 0.038678 0.039205
0 0.368568 0.466652 0.027012 0.026991
0 0.916728 0.640037 0.030025 0.029198
0 0.926199 0.488549 0.028313 0.028234
0 0.015788 0.027180 0.028333 0.027323
0 0.201057 0.313578 0.028923 0.028919
0 0.700534 0.690836 0.025331 0.025100
0 0.452205 0.067884 0.025353 0.025656
0 0.468679 0.537157 0.028495 0.027776
0 0.480122 0.440021 0.027652 0.028037
0 0.995607 0.034053 0.008785 0.040036
0 0.676074 0.122994 0.026674 0.026024
0 0.965025 0.069315 0.027192 0.026395
0 0.758221 0.113922 0.029138 0.028762
0 0.026335 0.857274 0.052670 0.285452
0 0.699417 0.536244 0.025466 0.025176
0 0.707280 0.868326 0.025214 0.024431
0 0.123140 0.041575 0.042660 0.040927