0 0.585532 0.588426 0.055962 0.054841
0 0.270661 0.234962 0.449789 0.454786
0 0.808018 0.973501 0.039963 0.039481
0 0.921488 0.478663 0.104086 0.100821
0 0.031757 0.532422 0.046885 0.045333
0 0.919801 0.701014 0.054298 0.054850
0 0.823820 0.216973 0.039992 0.037682
0 0.854799 0.367573 0.064888 0.063666
0 0.889076 0.552934 0.074648 0.076199
0 0.736956 0.449012 0.032363 0.031466
0 0.894272 0.916561 0.040585 0.040675
0 0.933135 0.866690 0.038491 0.036859
0 0.816021 0.937052 0.030175 0.029739
0 0.351636 0.583204 0.029835 0.028865
0 0.887968 0.649943 0.027890 0.027448
0 0.849230 0.943667 0.028914 0.029211
0 0.990286 0.886465 0.019427 0.040266
0 0.902026 0.848914 0.029080 0.029232
0 0.646174 0.898525 0.032729 0.030999
0 0.838829 0.655895 0.049550 0.048851
0 0.828630 0.902990 0.032158 0.032577
0 0.744165 0.502482 0.047013 0.046204
0 0.614171 0.716351 0.035519 0.035172
0 0.100697 0.867452 0.056827 0.054784
0 0.971654 0.676828 0.027230 0.027079
0 0.754294 0.633577 0.104466 0.101567
0 0.643411 0.168662 0.024888 0.024151
0 0.810649 0.685328 0.029877 0.029060
0 0.673098 0.531763 0.027160 0.026909
0 0.514580 0.537401 0.026266 0.025935
0 0.932769 0.984870 0.028408 0.027516
0 0.631473 0.630223 0.078956 0.075873
0 0.292398 0.464276 0.026731 0.026010
0 0.377716 0.759742 0.054644 0.052171
0 0.973710 0.702522 0.025603 0.025272
0 0.899352 0.295486 0.039037 0.039092
0 0.663224 0.760504 0.027390 0.026740
0 0.360526 0.028525 0.026751 0.025763
0 0.815807 0.567782 0.069819 0.070766
0 0.692615 0.704147 0.110596 0.109885
0 0.378781 0.915143 0.027780 0.026644
0 0.649856 0.427802 0.031220 0.031021
0 0.836866 0.248382 0.027958 0.028146
0 0.973960 0.087507 0.049522 0.050312
0 0.941916 0.900633 0.027199 0.027508
0 0.412781 0.447781 0.029254 0.029026