0 0.443900 0.539849 0.067844 0.066361
0 0.607694 0.618549 0.051182 0.050629
0 0.403328 0.064310 0.047372 0.047114
0 0.338962 0.524234 0.038384 0.036587
0 0.276320 0.680438 0.065457 0.061890
0 0.325290 0.560650 0.041542 0.040131
0 0.819435 0.416434 0.036261 0.036101
0 0.426684 0.132900 0.034112 0.033513
0 0.441560 0.176909 0.032379 0.031340
0 0.847459 0.693772 0.035283 0.035461
0 0.793242 0.031594 0.040474 0.039162
0 0.389903 0.132497 0.035046 0.034595
0 0.979070 0.585709 0.040472 0.040970
0 0.943041 0.582038 0.036110 0.036044
0 0.798495 0.577792 0.029743 0.029486
0 0.474839 0.787325 0.030119 0.028950
0 0.109374 0.523618 0.037119 0.035085
0 0.881934 0.161252 0.024207 0.024103
0 0.963968 0.737602 0.033644 0.032292
0 0.841135 0.962881 0.032753 0.032120
0 0.731231 0.654034 0.028021 0.027598
0 0.078820 0.883337 0.026880 0.025606
0 0.293159 0.475067 0.033526 0.032538
0 0.927334 0.516019 0.026323 0.026311
0 0.695717 0.843638 0.055317 0.054573
0 0.913375 0.179740 0.026231 0.026209
0 0.882454 0.882785 0.027385 0.027302
0 0.927005 0.474137 0.024815 0.024630
0 0.341242 0.607833 0.034729 0.033238
0 0.924691 0.987280 0.029667 0.025439
0 0.993236 0.417760 0.013465 0.026720
0 0.671766 0.189474 0.029168 0.028509
0 0.215384 0.853847 0.039681 0.038028
0 0.614166 0.392334 0.025601 0.025001
0 0.317015 0.632736 0.041065 0.039679
0 0.534439 0.715836 0.037293 0.036604
0 0.233235 0.446548 0.032305 0.030730
0 0.463408 0.362717 0.026500 0.026258
0 0.759562 0.934721 0.049236 0.047377
0 0.025271 0.714218 0.050543 0.080456
0 0.033859 0.683493 0.066421 0.140561