0 0.565307 0.919605 0.046044 0.038740
0 0.160049 0.978485 0.053018 0.042867
0 0.448039 0.197956 0.079856 0.062458
0 0.346651 0.610193 0.037503 0.033904
0 0.877821 0.108710 0.042968 0.034294
0 0.798470 0.036279 0.037515 0.030602
0 0.955279 0.300432 0.036631 0.029357
0 0.246995 0.218849 0.033126 0.026445
0 0.487922 0.009576 0.046117 0.019152
0 0.395028 0.071987 0.033836 0.027471
0 0.456844 0.259569 0.032869 0.027249
0 0.786789 0.010689 0.030100 0.020892
0 0.287038 0.449182 0.034777 0.026275
0 0.494461 0.282448 0.062033 0.051919
0 0.537146 0.245794 0.035444 0.030652
0 0.454602 0.311637 0.040868 0.032576
0 0.890156 0.299956 0.050650 0.045330
0 0.841032 0.092915 0.035237 0.028722
0 0.833846 0.491156 0.027157 0.023089