0 0.539056 0.540080 0.198910 0.188466
0 0.889055 0.915471 0.163008 0.157428
0 0.958573 0.735277 0.082854 0.089964
0 0.071830 0.958058 0.095507 0.083883
0 0.878990 0.059371 0.216734 0.118741
0 0.897850 0.364953 0.203649 0.233013
0 0.079561 0.100103 0.046556 0.045028
0 0.114352 0.039463 0.057907 0.056440
0 0.770272 0.860329 0.035080 0.034802
0 0.413784 0.968818 0.032691 0.032845
0 0.165242 0.581745 0.042238 0.040873
0 0.447702 0.450195 0.111342 0.104887
0 0.020720 0.285435 0.037262 0.036234
0 0.702950 0.807813 0.026134 0.025621
0 0.461362 0.211877 0.039731 0.036144
0 0.826743 0.239208 0.034294 0.032538
0 0.557136 0.939934 0.028524 0.027572
0 0.400250 0.499388 0.031449 0.030843
0 0.638499 0.275937 0.100877 0.093393
0 0.194159 0.442685 0.121460 0.116550
0 0.067047 0.795515 0.062230 0.057763
0 0.025638 0.136903 0.031502 0.031281
0 0.379604 0.071422 0.035264 0.032367
0 0.666515 0.074525 0.072781 0.070420
0 0.960881 0.165521 0.057870 0.049463
0 0.042335 0.740166 0.084670 0.080963
0 0.837237 0.670139 0.027312 0.027172
0 0.118430 0.913246 0.043480 0.043463
0 0.487949 0.049533 0.031210 0.030261
0 0.366589 0.676371 0.031302 0.030456
0 0.248945 0.313392 0.157210 0.143851
0 0.204183 0.267415 0.146833 0.138992
0 0.065843 0.283938 0.029685 0.029969
0 0.531713 0.013672 0.042067 0.027294
0 0.222384 0.292017 0.192389 0.180231
0 0.989116 0.516625 0.021769 0.032358
0 0.896709 0.571701 0.049610 0.047033
0 0.301903 0.893607 0.064694 0.064635
0 0.302083 0.826435 0.089337 0.087629
0 0.132043 0.332934 0.088961 0.089809
0 0.816080 0.858610 0.023363 0.022667
0 0.804989 0.989219 0.025317 0.021387
0 0.099595 0.642945 0.116285 0.109390
0 0.701805 0.972285 0.041063 0.039272
0 0.792085 0.961429 0.168436 0.074913
0 0.132735 0.343661 0.077364 0.075741
0 0.528453 0.188209 0.094385 0.086800
0 0.531772 0.424555 0.065563 0.060826
0 0.012934 0.800277 0.025868 0.071495
0 0.673275 0.090895 0.053215 0.049844
0 0.845461 0.476070 0.028873 0.027332
0 0.228086 0.329729 0.113222 0.109497
0 0.365028 0.181759 0.027332 0.026833
0 0.827882 0.610324 0.032654 0.031718
0 0.012050 0.912853 0.023970 0.064205
0 0.102375 0.178089 0.027894 0.028031
0 0.071385 0.527518 0.026966 0.026719
0 0.640749 0.965692 0.029124 0.028545