0 0.130825 0.252257 0.132617 0.124375
0 0.546551 0.336419 0.046782 0.045390
0 0.683517 0.769183 0.048870 0.047923
0 0.945141 0.815542 0.050478 0.047063
0 0.735887 0.948007 0.041569 0.039014
0 0.944278 0.289617 0.065199 0.065277
0 0.868102 0.182576 0.039546 0.037527
0 0.341656 0.436530 0.033573 0.032039
0 0.808337 0.449930 0.038578 0.038275
0 0.121221 0.717950 0.031468 0.029249
0 0.551130 0.148502 0.026294 0.024392
0 0.639489 0.040049 0.026780 0.025635
0 0.602820 0.715893 0.025965 0.025155
0 0.954786 0.013321 0.035612 0.026327
0 0.918330 0.852611 0.025486 0.023991