0 0.105804 0.234342 0.062203 0.052596
0 0.926573 0.953938 0.049028 0.046730
0 0.469587 0.065092 0.039793 0.034999
0 0.826721 0.326735 0.053381 0.043693
0 0.597047 0.365930 0.074530 0.067484
0 0.659027 0.319291 0.164815 0.148833
0 0.603072 0.706103 0.061435 0.057082
0 0.259382 0.921943 0.174759 0.154647
0 0.905641 0.415584 0.070822 0.068466
0 0.786106 0.862685 0.040196 0.035191
0 0.803607 0.393689 0.044126 0.037149
0 0.901144 0.542360 0.197578 0.263449
0 0.550389 0.488825 0.037141 0.033804
0 0.131053 0.607963 0.137461 0.122926
0 0.566001 0.032939 0.185231 0.065878
0 0.323733 0.353119 0.394131 0.316763
0 0.432179 0.152464 0.034323 0.029664
0 0.303995 0.103164 0.052954 0.049275
0 0.891028 0.779060 0.030129 0.029540
0 0.713140 0.968655 0.072377 0.062689
0 0.378277 0.460780 0.107832 0.096015
0 0.358798 0.088197 0.063987 0.055894
0 0.363321 0.270588 0.046920 0.040701
0 0.708530 0.436180 0.039911 0.035150
0 0.800071 0.980083 0.036394 0.033793
0 0.030425 0.801701 0.030626 0.028038
0 0.890541 0.959176 0.024984 0.024131
0 0.062184 0.274629 0.028574 0.026662
0 0.404440 0.654658 0.030538 0.027514
0 0.574438 0.610340 0.056344 0.050385
0 0.048891 0.275255 0.097783 0.096580
0 0.015351 0.534621 0.030570 0.076867
0 0.192629 0.565673 0.054804 0.048110
0 0.801652 0.941272 0.032146 0.031248
0 0.873485 0.242722 0.035521 0.031063
0 0.827397 0.292762 0.048655 0.040338
0 0.046336 0.518882 0.027321 0.026428
0 0.870471 0.975796 0.022326 0.021761
0 0.707109 0.798409 0.038923 0.034941
0 0.767336 0.319904 0.072225 0.062003