0 0.374955 0.435886 0.053108 0.053003
0 0.395119 0.161716 0.035989 0.036437
0 0.890619 0.313160 0.034380 0.032562
0 0.270660 0.238114 0.036494 0.035498
0 0.618598 0.775896 0.058993 0.055398
0 0.464866 0.520795 0.039862 0.038859
0 0.342719 0.699409 0.030301 0.029251
0 0.614436 0.670367 0.032797 0.030875
0 0.490222 0.095314 0.121766 0.124580
0 0.739640 0.822146 0.030166 0.028506
0 0.705244 0.973074 0.029741 0.028152
0 0.752220 0.560148 0.027316 0.026264
0 0.646012 0.199592 0.120197 0.114158
0 0.200135 0.889685 0.027643 0.027340
0 0.427700 0.582222 0.035877 0.035548
0 0.423865 0.651787 0.027744 0.027658
0 0.096320 0.990623 0.044090 0.018753
0 0.595560 0.487929 0.037860 0.036432
0 0.112289 0.368726 0.028707 0.028169
0 0.546779 0.663869 0.028804 0.028283
0 0.089231 0.052687 0.024221 0.024550
0 0.581094 0.730318 0.031872 0.031199
0 0.892033 0.770255 0.032661 0.032184
0 0.078333 0.129115 0.156667 0.256010
0 0.800275 0.040092 0.025437 0.025444
0 0.135254 0.046138 0.073195 0.072243
0 0.124430 0.008904 0.036709 0.017809
0 0.051046 0.457595 0.043457 0.043314
0 0.046979 0.313708 0.092823 0.276588