0 0.464968 0.117167 0.216113 0.215637
0 0.696126 0.114308 0.103293 0.099167
0 0.546003 0.659274 0.042442 0.041455
0 0.409618 0.413105 0.111911 0.111714
0 0.698672 0.250791 0.272268 0.266151
0 0.748228 0.786431 0.028474 0.028457
0 0.879375 0.256593 0.057944 0.057240
0 0.617374 0.776751 0.035048 0.035105
0 0.586401 0.716156 0.031373 0.030622
0 0.590896 0.675627 0.031401 0.030760
0 0.448125 0.230392 0.165634 0.159237
0 0.813454 0.843778 0.024836 0.023973
0 0.111824 0.289613 0.216620 0.203303
0 0.931476 0.151346 0.135922 0.302131
0 0.382495 0.017837 0.043588 0.035673
0 0.488372 0.311494 0.032734 0.031569
0 0.496220 0.337688 0.032922 0.031125
0 0.568222 0.354710 0.070255 0.068517
0 0.013251 0.773321 0.026503 0.027274
0 0.276959 0.440963 0.026839 0.027141
0 0.364486 0.045680 0.032282 0.032323
0 0.316500 0.849358 0.522176 0.301285
0 0.215110 0.218603 0.126807 0.123603
0 0.461091 0.134294 0.035460 0.032876
0 0.056868 0.505533 0.030670 0.030079
0 0.943441 0.340632 0.034796 0.034578