0 0.687290 0.569932 0.321206 0.255615
0 0.368660 0.631430 0.068226 0.051659
0 0.538729 0.895114 0.036487 0.029041
0 0.961602 0.925048 0.068449 0.053858
0 0.501323 0.683176 0.231942 0.188880
0 0.519167 0.318119 0.041768 0.034436
0 0.846918 0.813515 0.044601 0.031337
0 0.981204 0.459837 0.037591 0.034160
0 0.955116 0.561866 0.038468 0.030983
0 0.970292 0.741506 0.036610 0.029409
0 0.763417 0.990038 0.043668 0.019924
0 0.545750 0.690870 0.047617 0.037660
0 0.735675 0.772881 0.041003 0.029175
0 0.925934 0.354275 0.062844 0.044677
0 0.153229 0.517182 0.036337 0.031641
0 0.727727 0.289051 0.048792 0.038164
0 0.826706 0.647412 0.052981 0.041022
0 0.547784 0.699023 0.046118 0.033262
0 0.514931 0.268630 0.034538 0.029279
0 0.856039 0.239108 0.047723 0.035922
0 0.431724 0.298216 0.032420 0.025680
0 0.875130 0.974677 0.046518 0.033609
0 0.456555 0.942154 0.053595 0.041982
0 0.540328 0.158392 0.061960 0.050299
0 0.436995 0.799698 0.033143 0.027819
0 0.242988 0.566298 0.085378 0.066984
0 0.320996 0.587882 0.035356 0.029698
0 0.608168 0.305518 0.031735 0.025079
0 0.314988 0.635767 0.047423 0.038620
0 0.617995 0.255176 0.042153 0.034697
0 0.721388 0.960699 0.028840 0.023985
0 0.399807 0.795360 0.040178 0.031410
0 0.397535 0.461922 0.032262 0.028710