0 0.628978 0.263560 0.078480 0.076088
0 0.962797 0.099541 0.055969 0.051471
0 0.706727 0.382837 0.035570 0.033984
0 0.972681 0.174277 0.029259 0.027661
0 0.323654 0.943400 0.030065 0.027514
0 0.812167 0.580097 0.027680 0.025860
0 0.891555 0.010459 0.027719 0.020917
0 0.303327 0.959126 0.028961 0.026008
0 0.551040 0.672940 0.038117 0.034592
0 0.780823 0.774952 0.057859 0.050643
0 0.904535 0.344350 0.036760 0.035854
0 0.764038 0.043627 0.081308 0.078372
0 0.942627 0.342151 0.029237 0.028415
0 0.944854 0.187034 0.032304 0.029090
0 0.890481 0.318191 0.034480 0.032455
0 0.821662 0.197189 0.043683 0.041641
0 0.990384 0.504107 0.018478 0.045196
0 0.841061 0.994159 0.050938 0.011682
0 0.756651 0.813492 0.043261 0.038080
0 0.903038 0.600078 0.031688 0.029225