0 0.171244 0.327343 0.097665 0.084153
0 0.115147 0.806296 0.042941 0.036856
0 0.459487 0.759162 0.039718 0.033694
0 0.842364 0.647786 0.032347 0.030132
0 0.027674 0.949784 0.032448 0.028912
0 0.911927 0.700449 0.041651 0.038053
0 0.320044 0.572916 0.045608 0.037225
0 0.668755 0.342703 0.065397 0.055552
0 0.826132 0.091979 0.045694 0.038610
0 0.776552 0.148957 0.051232 0.042686
0 0.915596 0.738339 0.039814 0.036014
0 0.769808 0.237328 0.030604 0.025919
0 0.802365 0.212640 0.032950 0.026555
0 0.740698 0.247760 0.035945 0.030170
0 0.477802 0.712544 0.037803 0.031548
0 0.706922 0.924119 0.032430 0.028056
0 0.451468 0.612326 0.041385 0.033383
0 0.245407 0.444175 0.037771 0.032864
0 0.811754 0.379863 0.053512 0.044815
0 0.376224 0.796243 0.040059 0.033517
0 0.443906 0.066139 0.027795 0.025165
0 0.870537 0.006544 0.042598 0.012781
0 0.515410 0.058798 0.028611 0.026174
0 0.630788 0.813457 0.076266 0.066756
0 0.389410 0.594244 0.028286 0.024919
0 0.986853 0.420762 0.025861 0.046999
0 0.711360 0.075475 0.039272 0.035123
0 0.558573 0.061592 0.035778 0.029479
0 0.506212 0.752640 0.051720 0.041209
0 0.508309 0.745689 0.052466 0.042856
0 0.239672 0.735195 0.059824 0.046221
0 0.566149 0.615384 0.169122 0.143525