0 0.506583 0.812700 0.084139 0.083177
0 0.800862 0.289052 0.080006 0.079220
0 0.161531 0.063516 0.058379 0.056870
0 0.919818 0.112578 0.057681 0.057008
0 0.023044 0.375527 0.045425 0.059834
0 0.981822 0.163107 0.036356 0.047028
0 0.091923 0.420995 0.035945 0.035237
0 0.369178 0.265611 0.029069 0.028624
0 0.101705 0.727860 0.029818 0.029622
0 0.728232 0.850859 0.040322 0.039910
0 0.361775 0.365227 0.031947 0.031267
0 0.201239 0.102677 0.042208 0.040769
0 0.471402 0.102539 0.031576 0.031640
0 0.874019 0.037768 0.028054 0.027804
0 0.379915 0.760014 0.031189 0.030132
0 0.862019 0.400335 0.029563 0.028758
0 0.161901 0.792308 0.027157 0.026830
0 0.584620 0.179761 0.455365 0.359523
0 0.641668 0.137225 0.026945 0.026964
0 0.143027 0.364257 0.027377 0.027288
0 0.154873 0.934681 0.026314 0.026042
0 0.957080 0.104752 0.025977 0.025895
0 0.294148 0.062634 0.026546 0.026041
0 0.179831 0.390302 0.027435 0.028309
0 0.680585 0.986602 0.024422 0.023872
0 0.087338 0.948466 0.029615 0.029045
0 0.732601 0.207486 0.026891 0.026671
0 0.085790 0.594899 0.056993 0.055471
0 0.241914 0.906659 0.024800 0.023736
0 0.011338 0.028766 0.022298 0.024357
0 0.288010 0.736405 0.026035 0.025306