0 0.623268 0.440462 0.107730 0.095090
0 0.377886 0.212377 0.064998 0.052923
0 0.889521 0.348759 0.048676 0.041701
0 0.384653 0.323899 0.053335 0.047056
0 0.896085 0.637661 0.207831 0.205411
0 0.734359 0.564245 0.041301 0.035514
0 0.664488 0.579792 0.041677 0.035227
0 0.501659 0.654060 0.080375 0.070219
0 0.203638 0.549876 0.047042 0.044128
0 0.453747 0.782333 0.087754 0.078631
0 0.582009 0.886126 0.143338 0.128688
0 0.397049 0.698735 0.175018 0.155943
0 0.705622 0.225515 0.038953 0.031359
0 0.809441 0.037346 0.055317 0.047571
0 0.303543 0.596775 0.047416 0.037953
0 0.879498 0.960246 0.034589 0.029822
0 0.103991 0.362933 0.207982 0.455510
0 0.892877 0.985885 0.034311 0.027530
0 0.433158 0.205867 0.050106 0.042309
0 0.478032 0.944018 0.034975 0.029039
0 0.595035 0.770296 0.044912 0.039371
0 0.279934 0.282486 0.049281 0.044246
0 0.818626 0.736427 0.173154 0.140399
0 0.256535 0.567510 0.066268 0.063737
0 0.233743 0.231226 0.031585 0.029213
0 0.133559 0.982342 0.036089 0.032669
0 0.861256 0.396971 0.149901 0.117491
0 0.717761 0.696960 0.029950 0.026199
0 0.544080 0.563436 0.179484 0.153614
0 0.721004 0.161372 0.150937 0.132328
0 0.643967 0.758215 0.029887 0.025902
0 0.405820 0.943575 0.031220 0.026293
0 0.824620 0.832185 0.056338 0.048290
0 0.274190 0.935060 0.030907 0.027493
0 0.707129 0.787104 0.063358 0.052664
0 0.112055 0.543061 0.030032 0.028275
0 0.055878 0.043721 0.111409 0.087441
0 0.293681 0.330193 0.030249 0.027832
0 0.736223 0.354349 0.129526 0.112618
0 0.551262 0.077765 0.222217 0.155529
0 0.522995 0.064012 0.171553 0.127459
0 0.977943 0.735028 0.044114 0.083568
0 0.579548 0.141115 0.098624 0.083634
0 0.573541 0.886329 0.100826 0.102246
0 0.534362 0.228083 0.082965 0.073423
0 0.006870 0.601140 0.013740 0.035460
0 0.680972 0.358069 0.037374 0.031899
0 0.923363 0.113212 0.151345 0.213653
0 0.414704 0.833283 0.029713 0.026382
0 0.501440 0.903211 0.071654 0.064634