0 0.643118 0.239146 0.096694 0.076755
0 0.238652 0.793517 0.057905 0.046035
0 0.032594 0.915854 0.043464 0.033778
0 0.574090 0.412940 0.042879 0.033926
0 0.558218 0.295567 0.054980 0.043537
0 0.974266 0.169617 0.051468 0.069826
0 0.275140 0.086327 0.044910 0.034307
0 0.880746 0.092214 0.067287 0.053537
0 0.442955 0.903200 0.052232 0.039690
0 0.533998 0.024987 0.047484 0.039986
0 0.458909 0.604232 0.044766 0.034555
0 0.604346 0.458886 0.159212 0.116422
0 0.512762 0.638795 0.037096 0.029704
0 0.299140 0.652723 0.041146 0.030011
0 0.769386 0.548128 0.080104 0.061816
0 0.111097 0.425103 0.047297 0.035645
0 0.323630 0.082240 0.040053 0.032454
0 0.678856 0.038723 0.098410 0.076565
0 0.191437 0.985888 0.066174 0.028223
0 0.053000 0.546675 0.036329 0.032507
0 0.349683 0.940105 0.089267 0.067072
0 0.244187 0.538573 0.286338 0.207461
0 0.019264 0.950886 0.038527 0.039968
0 0.634433 0.314522 0.103758 0.080478
0 0.820585 0.026988 0.034667 0.027602
0 0.572082 0.122686 0.132509 0.107914
0 0.721967 0.759145 0.064359 0.048948