0 0.851091 0.930121 0.121408 0.119405
0 0.700245 0.095931 0.048752 0.047027
0 0.318477 0.709436 0.053513 0.051228
0 0.128886 0.602253 0.087224 0.085393
0 0.498537 0.092355 0.055243 0.054691
0 0.286323 0.940482 0.038728 0.037033
0 0.822900 0.661928 0.043014 0.041392
0 0.026550 0.703628 0.036522 0.035368
0 0.343969 0.535209 0.033179 0.031441
0 0.773092 0.273917 0.026096 0.026015
0 0.870287 0.670894 0.037931 0.035771
0 0.800604 0.096719 0.031518 0.030616
0 0.182138 0.173820 0.044238 0.043274
0 0.885211 0.269131 0.027013 0.026417
0 0.883610 0.627307 0.038705 0.038600
0 0.598533 0.408744 0.030917 0.029838
0 0.465440 0.611455 0.028088 0.027230
0 0.584049 0.436489 0.030634 0.029947
0 0.590888 0.896275 0.029525 0.029239
0 0.211043 0.734600 0.028675 0.028185
0 0.873124 0.429924 0.027503 0.027160
0 0.589154 0.682129 0.022935 0.022345
0 0.278256 0.182084 0.029403 0.027588
0 0.795983 0.588463 0.026387 0.025813
0 0.807866 0.449968 0.027972 0.027665
0 0.527442 0.509606 0.030140 0.029717
0 0.611532 0.650664 0.025353 0.025056
0 0.560843 0.785861 0.030649 0.030618
0 0.270721 0.680909 0.027770 0.026038
0 0.517242 0.801276 0.028396 0.028309
0 0.979407 0.192182 0.032718 0.031897
0 0.818431 0.054872 0.363138 0.109015
0 0.643839 0.750559 0.026672 0.026570
0 0.552156 0.522950 0.027058 0.026944
0 0.930667 0.283732 0.071334 0.068261
0 0.380850 0.852973 0.036548 0.035834
0 0.474066 0.846940 0.046778 0.044796
0 0.302520 0.634905 0.106774 0.096596
0 0.700671 0.925975 0.088892 0.084018
0 0.186819 0.843325 0.028839 0.028622
0 0.013188 0.961475 0.025610 0.028359
0 0.854009 0.637697 0.027065 0.025743
0 0.951306 0.674533 0.019394 0.019102
0 0.819615 0.006275 0.026665 0.012550
0 0.830847 0.784087 0.019476 0.019541
0 0.543731 0.685621 0.190054 0.176748
0 0.624119 0.989605 0.038829 0.020790