0 0.265401 0.197071 0.322486 0.248013
0 0.517846 0.960294 0.085781 0.065179
0 0.033556 0.206429 0.067113 0.070747
0 0.663283 0.926378 0.075311 0.056592
0 0.710516 0.890470 0.074711 0.053724
0 0.788825 0.190510 0.101939 0.074708
0 0.494895 0.786054 0.068509 0.051384
0 0.386959 0.395544 0.069553 0.051560
0 0.333561 0.321464 0.147478 0.114142
0 0.637372 0.372823 0.069530 0.053210
0 0.252973 0.594703 0.125439 0.095274
0 0.160326 0.839700 0.053039 0.040869
0 0.714536 0.442562 0.039902 0.029158
0 0.804949 0.124940 0.060325 0.046895
0 0.084026 0.915958 0.168052 0.163303
0 0.742256 0.052825 0.049075 0.038350
0 0.207206 0.368186 0.039044 0.030868
0 0.454267 0.991264 0.047540 0.017471
0 0.846175 0.645609 0.273738 0.186201
0 0.574964 0.176787 0.064493 0.050330
0 0.880097 0.856502 0.062518 0.043792
0 0.198997 0.942991 0.058258 0.036659
0 0.958533 0.402623 0.079176 0.060527
0 0.319467 0.901818 0.238109 0.169374
0 0.697381 0.986400 0.074435 0.027200
0 0.425641 0.562708 0.098678 0.075923
0 0.013056 0.552537 0.025951 0.041996
0 0.360662 0.587969 0.097641 0.077850
0 0.735242 0.144284 0.044203 0.033966
0 0.652098 0.743080 0.212509 0.148866
0 0.816248 0.015667 0.057529 0.030950
0 0.019529 0.269799 0.039057 0.072210
0 0.937325 0.302948 0.069581 0.049240
0 0.961796 0.983461 0.042855 0.031796
0 0.514012 0.262610 0.077600 0.057081
0 0.882177 0.060422 0.040227 0.031831
0 0.616503 0.639816 0.106728 0.080028
0 0.457194 0.123651 0.044776 0.034344
0 0.633962 0.366731 0.060843 0.045521
0 0.825600 0.016225 0.078667 0.032450
0 0.850308 0.382966 0.039383 0.027816
0 0.176734 0.300530 0.045795 0.034987
0 0.186011 0.527355 0.053924 0.042176
0 0.706642 0.988112 0.053759 0.023775
0 0.894315 0.132978 0.043627 0.032440
0 0.474764 0.784329 0.188542 0.148890
0 0.690125 0.728835 0.186517 0.133658
0 0.912240 0.444761 0.038265 0.029668
0 0.075618 0.369564 0.150026 0.126363
0 0.244173 0.971692 0.153762 0.056615
0 0.443781 0.123347 0.075817 0.059561
0 0.838066 0.015119 0.105544 0.029875
0 0.946711 0.081086 0.039058 0.031659
0 0.871490 0.655038 0.212272 0.158653
0 0.945710 0.208069 0.033649 0.024774
0 0.984392 0.865283 0.029613 0.026653
0 0.608549 0.133576 0.044918 0.035697
0 0.187723 0.048462 0.194245 0.096268
0 0.459713 0.022544 0.031807 0.027347
0 0.452549 0.124212 0.051594 0.042615
0 0.821180 0.067874 0.075375 0.059272
0 0.597939 0.034938 0.201367 0.069876