0 0.245494 0.730626 0.066814 0.064460
0 0.077114 0.504885 0.051599 0.049427
0 0.812042 0.554545 0.044623 0.043642
0 0.941494 0.576002 0.041038 0.042422
0 0.447590 0.417049 0.031730 0.031105
0 0.391918 0.353084 0.033258 0.032523
0 0.100853 0.117801 0.039473 0.038393
0 0.542142 0.623874 0.057771 0.054678
0 0.023720 0.239606 0.047440 0.050166
0 0.887743 0.264406 0.024665 0.024330
0 0.900499 0.613904 0.028817 0.028734
0 0.649769 0.227293 0.027052 0.026383
0 0.078417 0.017890 0.044640 0.035779
0 0.583448 0.600671 0.035502 0.034211
0 0.829123 0.083605 0.029046 0.027219
0 0.344196 0.396694 0.032909 0.031639
0 0.251824 0.560374 0.054563 0.053520
0 0.151529 0.686467 0.028661 0.028362
0 0.551756 0.435866 0.025284 0.024649
0 0.769864 0.511891 0.026314 0.025858
0 0.801111 0.081193 0.022758 0.021050
0 0.901433 0.302894 0.023748 0.023483
0 0.363740 0.766415 0.027749 0.026392
0 0.333912 0.250439 0.063095 0.061678
0 0.310613 0.394540 0.031874 0.030080
0 0.606234 0.009119 0.026028 0.018017
0 0.971804 0.717761 0.023216 0.022753
0 0.303495 0.442447 0.025416 0.024338
0 0.897492 0.453790 0.023131 0.022813
0 0.012720 0.381196 0.025394 0.041735