0 0.263682 0.610318 0.039873 0.038797
0 0.786810 0.377833 0.035986 0.035047
0 0.305440 0.118571 0.042173 0.041015
0 0.024475 0.226525 0.031796 0.030451
0 0.372251 0.050898 0.040040 0.038023
0 0.716323 0.812572 0.029640 0.028337
0 0.799245 0.617402 0.035019 0.033271
0 0.305044 0.183851 0.033696 0.031969
0 0.815643 0.877912 0.063813 0.061965
0 0.189261 0.381274 0.038284 0.037889
0 0.148117 0.267685 0.036076 0.034736
0 0.494488 0.307900 0.030665 0.029217
0 0.885029 0.009158 0.041584 0.017950
0 0.906939 0.496548 0.032109 0.029866
0 0.752171 0.912653 0.027617 0.026013
0 0.500131 0.910906 0.032254 0.031065
0 0.086189 0.455123 0.038045 0.037663
0 0.570857 0.948099 0.026950 0.026074