0 0.359939 0.693401 0.193932 0.184862
0 0.938193 0.283596 0.123615 0.130177
0 0.559636 0.177002 0.127080 0.123116
0 0.186803 0.244512 0.070529 0.069749
0 0.577500 0.544562 0.072287 0.071401
0 0.169528 0.694188 0.115951 0.114764
0 0.237217 0.090916 0.086689 0.086914
0 0.258352 0.513629 0.072881 0.071916
0 0.250570 0.372726 0.082617 0.081758
0 0.835736 0.747572 0.049716 0.048962
0 0.859739 0.151503 0.131231 0.128402
0 0.356468 0.115334 0.085695 0.080930
0 0.469333 0.083774 0.040451 0.040315
0 0.766535 0.058999 0.127000 0.117999
0 0.278587 0.206623 0.108974 0.105101
0 0.951022 0.812581 0.036261 0.036148
0 0.702220 0.759935 0.038378 0.037136
0 0.695905 0.158098 0.046167 0.044494
0 0.209000 0.306415 0.078582 0.078482
0 0.028156 0.884364 0.034803 0.034854
0 0.896983 0.081830 0.033644 0.032777
0 0.710266 0.474907 0.041344 0.040865
0 0.338552 0.172167 0.051680 0.049952
0 0.846904 0.421083 0.050135 0.049574
0 0.087950 0.227274 0.035912 0.035727
0 0.982724 0.610651 0.034551 0.038117
0 0.621433 0.261454 0.032068 0.031182
0 0.649301 0.367910 0.051395 0.049730
0 0.984969 0.897435 0.030062 0.043040
0 0.605993 0.408220 0.033391 0.032116
0 0.344442 0.439272 0.167200 0.165786
0 0.450199 0.270747 0.040274 0.039008
0 0.022155 0.594949 0.030543 0.030220
0 0.989057 0.168790 0.021886 0.081777
0 0.977737 0.110533 0.026606 0.025991
0 0.082330 0.913052 0.033447 0.033933
0 0.623369 0.922706 0.237478 0.153963
0 0.701800 0.236865 0.033974 0.033270
0 0.011250 0.627451 0.022500 0.029159
0 0.111469 0.199792 0.028761 0.028368
0 0.068220 0.368004 0.061975 0.059998
0 0.730993 0.811315 0.027785 0.027827
0 0.034254 0.809694 0.030481 0.030035
0 0.013973 0.745152 0.027945 0.078760
0 0.500035 0.021732 0.086461 0.042943
0 0.741684 0.176603 0.028587 0.029147
0 0.159221 0.605534 0.111429 0.105041
0 0.967838 0.722254 0.046642 0.043239
0 0.674109 0.585793 0.035573 0.034676
0 0.988958 0.973905 0.022084 0.038320
0 0.515203 0.626450 0.026936 0.026890
0 0.691459 0.635674 0.041700 0.041216
0 0.356901 0.329578 0.059447 0.055939
0 0.044320 0.831770 0.026276 0.025393
0 0.133684 0.960361 0.028303 0.028809
0 0.163378 0.046363 0.092769 0.088285
0 0.576875 0.093610 0.028267 0.029126
0 0.291149 0.909911 0.033540 0.032404
0 0.902816 0.679139 0.142476 0.145558