0 0.854431 0.905396 0.070545 0.068859
0 0.864287 0.532029 0.092060 0.090167
0 0.518060 0.730109 0.093859 0.090358
0 0.385346 0.751860 0.040873 0.037041
0 0.105067 0.120566 0.047826 0.042323
0 0.878088 0.795664 0.037162 0.034197
0 0.798507 0.706738 0.042563 0.040228
0 0.961454 0.370859 0.030842 0.030304
0 0.397779 0.729232 0.048988 0.042718
0 0.120145 0.818411 0.066975 0.061978
0 0.039300 0.174198 0.039170 0.035280
0 0.728920 0.636215 0.036493 0.033967
0 0.042839 0.376057 0.036894 0.033941
0 0.614447 0.599683 0.029293 0.028370
0 0.161586 0.667117 0.047003 0.040607
0 0.012929 0.281266 0.025859 0.055670
0 0.940591 0.789077 0.028036 0.027494
0 0.932004 0.051061 0.032458 0.030660
0 0.708168 0.890037 0.040203 0.039763
0 0.938591 0.836612 0.029005 0.029987
0 0.790070 0.497257 0.030550 0.029274
0 0.992079 0.933931 0.015768 0.031243
0 0.314846 0.257246 0.095883 0.086017
0 0.012328 0.556217 0.024655 0.058001
0 0.709399 0.895895 0.039143 0.038306
0 0.990054 0.828403 0.019862 0.119606
0 0.298980 0.745093 0.025916 0.024711
0 0.030227 0.099625 0.059825 0.192952
0 0.012558 0.659045 0.025116 0.026237
0 0.824584 0.946781 0.029524 0.029206
0 0.982003 0.981345 0.026224 0.025819
0 0.155454 0.665273 0.055999 0.048444