0 0.626637 0.713469 0.113752 0.109723
0 0.164490 0.293570 0.127571 0.124206
0 0.637053 0.472207 0.076382 0.074912
0 0.308527 0.562448 0.074710 0.072554
0 0.304243 0.368889 0.135263 0.129819
0 0.283946 0.505117 0.052593 0.050362
0 0.096767 0.829687 0.048143 0.046480
0 0.619133 0.627110 0.099468 0.095700
0 0.916408 0.490710 0.041916 0.041018
0 0.081499 0.152665 0.047721 0.045315
0 0.302421 0.419333 0.043903 0.041505
0 0.124785 0.187594 0.109771 0.107012
0 0.572741 0.451452 0.072554 0.072203
0 0.653030 0.906545 0.081546 0.079722
0 0.553188 0.905281 0.036209 0.034817
0 0.204031 0.676077 0.035410 0.034329
0 0.309566 0.648440 0.037904 0.035347
0 0.193997 0.411966 0.074537 0.073867
0 0.153007 0.056152 0.160213 0.112218
0 0.791348 0.549904 0.033556 0.032572
0 0.347761 0.477125 0.074205 0.071992
0 0.866603 0.136061 0.064653 0.063327
0 0.138582 0.592562 0.033756 0.033542
0 0.390182 0.417336 0.072442 0.069342
0 0.927568 0.587459 0.102309 0.099556
0 0.782525 0.923552 0.088584 0.087172
0 0.251795 0.251288 0.078576 0.076871
0 0.050986 0.054441 0.100569 0.108881
0 0.899576 0.522499 0.031326 0.031037
0 0.541079 0.844744 0.035334 0.033073
0 0.217577 0.512188 0.034597 0.033364
0 0.391900 0.269852 0.028842 0.027623
0 0.287159 0.308574 0.067020 0.064371
0 0.156552 0.480833 0.041922 0.039612
0 0.770968 0.441700 0.032763 0.032491
0 0.723375 0.309633 0.031385 0.030607
0 0.967691 0.636597 0.063966 0.184581
0 0.409408 0.516274 0.063112 0.059659
0 0.967793 0.468627 0.029414 0.029249
0 0.750121 0.142009 0.031882 0.031852
0 0.729484 0.477366 0.034623 0.033950
0 0.497592 0.870189 0.029109 0.028050
0 0.007309 0.698292 0.014617 0.055179
0 0.444212 0.832714 0.031220 0.030715
0 0.082852 0.254326 0.062701 0.058154
0 0.920348 0.087562 0.051881 0.049417
0 0.412497 0.752612 0.053307 0.049393
0 0.970081 0.312607 0.059838 0.088464
0 0.966195 0.386265 0.028562 0.027966
0 0.465829 0.597352 0.095066 0.094045
0 0.091017 0.648918 0.027341 0.026522
0 0.880157 0.912966 0.239685 0.174068
0 0.424391 0.817908 0.027513 0.027682
0 0.578260 0.042902 0.144811 0.085804
0 0.140309 0.728145 0.133949 0.124161
0 0.380662 0.395511 0.032938 0.031560
0 0.973807 0.301558 0.052386 0.081160
0 0.494881 0.350447 0.029779 0.029018
0 0.853726 0.846015 0.051642 0.050319
0 0.340000 0.672373 0.056747 0.055055
0 0.593792 0.545500 0.098726 0.093782
0 0.828667 0.065229 0.238932 0.129426