0 0.226777 0.280332 0.133927 0.115207
0 0.157038 0.970267 0.068092 0.053542
0 0.059294 0.924257 0.040383 0.031365
0 0.570846 0.487069 0.044389 0.041020
0 0.711694 0.502671 0.031741 0.029603
0 0.225939 0.864892 0.030383 0.026890
0 0.763607 0.978697 0.028903 0.025696
0 0.468542 0.124332 0.043391 0.034433
0 0.894764 0.045604 0.034339 0.033476
0 0.581335 0.596376 0.067578 0.064543
0 0.014019 0.898181 0.028039 0.026640
0 0.598635 0.995043 0.027570 0.009915
0 0.351098 0.010402 0.056947 0.020280
0 0.154742 0.574510 0.031276 0.027097
0 0.263756 0.993189 0.037277 0.012974
0 0.813522 0.564838 0.029412 0.028073
0 0.890701 0.370647 0.034009 0.031740
0 0.087648 0.977155 0.071173 0.045310