0 0.332781 0.137579 0.127399 0.120281
0 0.413968 0.063541 0.146071 0.127082
0 0.476337 0.798005 0.058844 0.055333
0 0.645211 0.175650 0.040062 0.039503
0 0.140964 0.481429 0.036588 0.034920
0 0.049236 0.763245 0.031928 0.028926
0 0.900640 0.946527 0.037126 0.035669
0 0.635069 0.569839 0.047294 0.044983
0 0.797001 0.813824 0.033297 0.031490
0 0.983387 0.679863 0.026492 0.025992
0 0.421399 0.263706 0.031348 0.029132
0 0.970663 0.963387 0.022474 0.022481
0 0.775261 0.987050 0.021798 0.021747
0 0.178827 0.439940 0.029404 0.028378
0 0.957475 0.679422 0.023875 0.023780
0 0.828270 0.878600 0.021997 0.021107
0 0.803342 0.125078 0.027243 0.026527
0 0.254476 0.425122 0.024889 0.023851
0 0.823981 0.905655 0.056209 0.055629
0 0.529131 0.353025 0.027326 0.026470
0 0.208919 0.356545 0.024332 0.023000
0 0.434938 0.379498 0.030654 0.031540
0 0.041569 0.139215 0.022227 0.022404
0 0.033829 0.601442 0.025187 0.024697
0 0.334364 0.010011 0.043306 0.020023
0 0.804120 0.652878 0.038145 0.036362
0 0.382504 0.966755 0.077459 0.066490