0 0.802617 0.611067 0.205600 0.188948
0 0.733691 0.137347 0.111451 0.103698
0 0.253746 0.056699 0.047370 0.045605
0 0.294353 0.543434 0.077043 0.070953
0 0.429054 0.424075 0.059984 0.056130
0 0.938203 0.145908 0.067616 0.060540
0 0.576221 0.163733 0.034011 0.031954
0 0.165633 0.499332 0.169859 0.162327
0 0.602230 0.040235 0.042493 0.040104
0 0.633957 0.213256 0.058785 0.056016
0 0.855380 0.109258 0.103841 0.090908
0 0.015972 0.388236 0.031695 0.035199
0 0.028813 0.952648 0.037061 0.034670
0 0.137039 0.844262 0.030714 0.029629
0 0.550374 0.319588 0.051819 0.046988
0 0.482565 0.383742 0.057498 0.052630
0 0.043304 0.105256 0.086607 0.104613
0 0.291937 0.579293 0.030507 0.029377
0 0.665898 0.177101 0.093100 0.090311
0 0.428193 0.037460 0.086738 0.074919
0 0.909693 0.664423 0.044579 0.041596
0 0.113392 0.577613 0.052196 0.048899
0 0.350438 0.297037 0.035968 0.033840
0 0.828272 0.815500 0.039274 0.036827
0 0.847396 0.734334 0.030523 0.028515
0 0.463441 0.225601 0.034911 0.033386
0 0.262504 0.294946 0.038618 0.036312
0 0.383837 0.233260 0.092412 0.086361
0 0.323626 0.182708 0.068357 0.064514
0 0.561592 0.372047 0.081917 0.072415
0 0.660636 0.490978 0.029369 0.028162
0 0.064486 0.401645 0.031101 0.029782
0 0.274414 0.482082 0.088292 0.080322
0 0.353800 0.521057 0.050052 0.044736
0 0.233453 0.102921 0.049238 0.048214
0 0.988769 0.436230 0.022461 0.070303
0 0.313985 0.066579 0.114094 0.107426
0 0.631567 0.700943 0.084398 0.077097
0 0.240402 0.992498 0.035292 0.015003
0 0.012014 0.189520 0.024028 0.073252
0 0.759605 0.908676 0.049752 0.045114
0 0.772795 0.803696 0.071949 0.066682
0 0.970119 0.082544 0.059762 0.060978
0 0.665123 0.649699 0.070017 0.064428
0 0.666354 0.663833 0.099284 0.093642
0 0.983980 0.748704 0.029150 0.027943
0 0.612147 0.968548 0.075417 0.062905
0 0.735320 0.733541 0.092267 0.088095
0 0.812186 0.843158 0.047099 0.043422
0 0.974717 0.907052 0.050565 0.171784
0 0.211610 0.962596 0.063184 0.059942
0 0.756772 0.232854 0.033462 0.029716
0 0.856481 0.015159 0.029075 0.026738
0 0.987539 0.662613 0.024923 0.042943
0 0.612023 0.786027 0.079735 0.072496
0 0.074300 0.612875 0.056072 0.051047
0 0.571902 0.933680 0.091323 0.082206
0 0.124143 0.362890 0.247156 0.444283
0 0.762736 0.943999 0.046079 0.041528
0 0.334593 0.462272 0.054852 0.050738
0 0.800645 0.975739 0.039403 0.039320
0 0.085832 0.602675 0.041453 0.040654
0 0.011375 0.032697 0.022749 0.065393
0 0.546643 0.444252 0.191042 0.177406
0 0.240015 0.185054 0.034514 0.032507
0 0.244931 0.900999 0.294994 0.198001
0 0.388892 0.837633 0.082629 0.079655
0 0.664515 0.601546 0.045669 0.041754
0 0.163982 0.599879 0.055940 0.050036