0 0.194505 0.909189 0.067756 0.052403
0 0.515953 0.089141 0.067299 0.052109
0 0.841116 0.423494 0.132474 0.114594
0 0.558494 0.456213 0.063447 0.048845
0 0.525591 0.819549 0.141814 0.115391
0 0.816957 0.289339 0.134373 0.118126
0 0.544542 0.177109 0.160504 0.129507
0 0.613949 0.819666 0.163445 0.133850
0 0.077674 0.888411 0.155348 0.146808
0 0.514838 0.282300 0.177747 0.134496
0 0.378985 0.866507 0.093130 0.071331
0 0.947876 0.342787 0.102209 0.235070
0 0.689166 0.754202 0.053290 0.039722
0 0.181014 0.851442 0.060193 0.044582
0 0.246819 0.271393 0.173909 0.142017
0 0.946631 0.964106 0.105374 0.071503
0 0.291216 0.702573 0.042494 0.032510
0 0.669825 0.933847 0.196986 0.132305
0 0.239540 0.961146 0.074108 0.057294
0 0.303112 0.372359 0.047124 0.033985
0 0.091463 0.195289 0.182926 0.390577
0 0.215495 0.820583 0.065927 0.049158
0 0.446379 0.536395 0.068031 0.050301
0 0.078644 0.815541 0.058956 0.041436
0 0.675872 0.492693 0.083801 0.060132
0 0.319426 0.336298 0.045540 0.033608
0 0.593656 0.505314 0.054516 0.041817
0 0.399105 0.330269 0.055370 0.042745
0 0.741829 0.768357 0.227698 0.193492
0 0.123256 0.703709 0.055995 0.043550
0 0.454516 0.990368 0.050235 0.018833
0 0.308134 0.088038 0.354540 0.174534
0 0.351722 0.907882 0.055640 0.044620
0 0.439365 0.160748 0.057319 0.047091
0 0.806504 0.248659 0.060595 0.050250
0 0.462071 0.095790 0.033568 0.027384
0 0.758615 0.817930 0.158826 0.125810
0 0.509704 0.942007 0.129487 0.099468
0 0.509527 0.966029 0.099325 0.067616
0 0.879470 0.511639 0.059453 0.050837
0 0.723263 0.215989 0.119182 0.103974
0 0.410146 0.935141 0.074285 0.058268
0 0.352804 0.959163 0.235747 0.081674
0 0.445702 0.491074 0.052516 0.041999
0 0.507943 0.955300 0.114905 0.089335
0 0.562611 0.937184 0.040179 0.033836
0 0.376094 0.952962 0.297486 0.094076
0 0.192320 0.818647 0.104790 0.071369
0 0.167916 0.069843 0.054753 0.044575