0 0.303527 0.397428 0.070727 0.070277
0 0.366106 0.093724 0.155863 0.156154
0 0.918690 0.431824 0.060561 0.060073
0 0.404465 0.927915 0.145616 0.141002
0 0.531016 0.291979 0.057840 0.057837
0 0.823914 0.555316 0.051409 0.051582
0 0.426926 0.564054 0.034411 0.032708
0 0.119795 0.669303 0.058444 0.056299
0 0.875093 0.093708 0.043748 0.042920
0 0.175519 0.155762 0.032968 0.033028
0 0.905604 0.080277 0.037354 0.037586
0 0.101955 0.040899 0.061363 0.063900
0 0.245165 0.844260 0.040755 0.038626
0 0.808124 0.496268 0.039338 0.038607
0 0.842314 0.589470 0.051196 0.050460
0 0.737248 0.142936 0.051213 0.052422
0 0.864756 0.673161 0.029823 0.029634
0 0.979168 0.702246 0.041664 0.057899
0 0.794978 0.454943 0.037050 0.036484
0 0.883217 0.246315 0.028836 0.028937
0 0.836807 0.636878 0.036218 0.035307
0 0.660042 0.416268 0.026312 0.025264
0 0.958228 0.982461 0.034234 0.032573
0 0.426638 0.494712 0.048303 0.045032
0 0.169071 0.131486 0.031690 0.030895
0 0.446933 0.797493 0.052025 0.051513
0 0.974217 0.500076 0.051566 0.053163
0 0.667327 0.768801 0.042772 0.041524
0 0.169581 0.684765 0.051100 0.050772
0 0.692113 0.935845 0.033214 0.031754
0 0.737249 0.449530 0.102659 0.104366
0 0.036960 0.464357 0.073786 0.341307
0 0.366815 0.288828 0.026749 0.027152
0 0.191030 0.437059 0.027235 0.026846
0 0.775850 0.086211 0.032399 0.031902
0 0.343496 0.371094 0.026891 0.026394
0 0.399851 0.629471 0.045393 0.043053
0 0.396765 0.961581 0.031379 0.030214
0 0.405374 0.473031 0.035997 0.035483
0 0.970823 0.814767 0.024401 0.024711
0 0.986521 0.429650 0.026479 0.041683
0 0.936314 0.091949 0.027598 0.027626
0 0.211603 0.178342 0.025504 0.025979
0 0.295094 0.502927 0.058811 0.055804
0 0.126045 0.628191 0.034340 0.031665
0 0.062941 0.817328 0.027095 0.028126
0 0.992877 0.459488 0.014246 0.030128
0 0.671797 0.772521 0.038482 0.035545
0 0.256206 0.867007 0.030605 0.031225
0 0.982818 0.494820 0.033577 0.037358
0 0.992834 0.568160 0.013855 0.024469
0 0.961122 0.484248 0.025769 0.025998
0 0.325790 0.532632 0.031431 0.031982
0 0.561420 0.978386 0.092709 0.043228
0 0.979087 0.498888 0.041826 0.044328
0 0.135275 0.704569 0.033149 0.032261
0 0.960576 0.453751 0.043449 0.043036
0 0.883357 0.522850 0.029701 0.029756
0 0.740465 0.213391 0.039843 0.040976
0 0.503882 0.986548 0.027398 0.025453
0 0.886326 0.061410 0.023600 0.023329
0 0.824932 0.077014 0.062543 0.059843
0 0.352646 0.516310 0.028114 0.030350
0 0.977185 0.505222 0.041739 0.044369
0 0.452367 0.798308 0.063637 0.061980
0 0.111922 0.509019 0.039675 0.039128
0 0.627859 0.310215 0.025041 0.027586
0 0.704385 0.214843 0.037052 0.034920
0 0.934314 0.694500 0.023242 0.022502
0 0.771625 0.064547 0.026507 0.025815