0 0.324460 0.866593 0.077360 0.057443
0 0.480035 0.772476 0.088971 0.068243
0 0.458357 0.830700 0.061413 0.043360
0 0.131281 0.249762 0.057995 0.046644
0 0.967427 0.648138 0.063674 0.051650
0 0.492054 0.613127 0.064572 0.049853
0 0.469454 0.699592 0.064994 0.052110
0 0.150541 0.474505 0.045435 0.034707
0 0.969834 0.341437 0.059396 0.046767
0 0.453566 0.475037 0.051853 0.041872
0 0.068721 0.499187 0.055027 0.043482
0 0.427409 0.436617 0.039894 0.031271
0 0.526132 0.563055 0.044137 0.033408
0 0.115947 0.513428 0.037224 0.029443
0 0.676435 0.356550 0.051697 0.038036
0 0.372623 0.538996 0.044341 0.033523
0 0.437571 0.541432 0.090854 0.070468
0 0.895042 0.095799 0.038341 0.029845
0 0.227648 0.618680 0.056761 0.044871
0 0.263553 0.780806 0.039929 0.030637
0 0.357730 0.055540 0.035025 0.027416
0 0.258965 0.951893 0.049567 0.040901
0 0.446443 0.955608 0.151490 0.088784
0 0.319328 0.085001 0.034284 0.027499
0 0.231737 0.441342 0.042115 0.030938
0 0.399120 0.499310 0.045731 0.034963
0 0.949398 0.785629 0.099996 0.082519
0 0.020323 0.785737 0.036280 0.031904
0 0.012991 0.236547 0.025982 0.027236
0 0.303533 0.525173 0.035012 0.026820
0 0.721672 0.439975 0.038001 0.030531
0 0.399977 0.629341 0.071404 0.054118
0 0.108053 0.622171 0.197369 0.145044
0 0.490553 0.555842 0.033302 0.026009
0 0.231870 0.463696 0.032840 0.025883
0 0.838279 0.686756 0.227732 0.190005
0 0.809493 0.598701 0.032784 0.025489
0 0.475954 0.440985 0.049694 0.035163
0 0.985249 0.450381 0.027043 0.025221
0 0.730880 0.709581 0.033662 0.024739
0 0.949054 0.303999 0.040329 0.031575