0 0.217579 0.296706 0.134435 0.127747
0 0.481911 0.612764 0.045205 0.038858
0 0.134211 0.517374 0.044615 0.041700
0 0.318156 0.651872 0.042131 0.038548
0 0.052372 0.727839 0.042430 0.038827
0 0.335865 0.694728 0.063408 0.056369
0 0.480230 0.187199 0.046264 0.039408
0 0.164783 0.843434 0.039567 0.035497
0 0.357420 0.737628 0.040538 0.035788
0 0.460808 0.887978 0.036451 0.032774
0 0.048625 0.806559 0.033588 0.031076
0 0.513570 0.771126 0.037204 0.034273
0 0.048814 0.962579 0.033710 0.031074
0 0.044029 0.608180 0.037901 0.035801
0 0.376407 0.815155 0.042398 0.033411
0 0.070940 0.218379 0.090341 0.081917
0 0.555457 0.269635 0.027721 0.024708
0 0.459973 0.356302 0.036286 0.033412
0 0.050486 0.087049 0.100972 0.102663
0 0.578671 0.723951 0.034701 0.029668
0 0.465331 0.203349 0.044918 0.036170
0 0.500497 0.218455 0.037036 0.032448
0 0.120732 0.982362 0.026057 0.023909
0 0.589813 0.493003 0.026826 0.029886
0 0.301777 0.160839 0.026129 0.024864
0 0.455452 0.751365 0.029825 0.025403
0 0.207985 0.823642 0.028695 0.025824
0 0.230273 0.579317 0.029186 0.026127
0 0.537424 0.906720 0.030605 0.026830
0 0.300135 0.623962 0.032018 0.029342
0 0.365939 0.708562 0.045744 0.041718
0 0.513518 0.008619 0.054190 0.017238
0 0.528098 0.180492 0.034071 0.029507
0 0.458011 0.213951 0.048692 0.036426
0 0.214161 0.901025 0.025499 0.023436
0 0.109162 0.280048 0.096772 0.093737
0 0.531587 0.948331 0.028627 0.025122
0 0.206037 0.126278 0.064906 0.059395
0 0.072215 0.699722 0.038703 0.036138