0 0.720515 0.354459 0.054329 0.053771
0 0.975440 0.461674 0.046225 0.048091
0 0.910540 0.375176 0.036352 0.035340
0 0.500400 0.551783 0.039726 0.038487
0 0.109613 0.967413 0.046195 0.045056
0 0.973680 0.809322 0.052640 0.065368
0 0.686423 0.616325 0.051838 0.050304
0 0.284153 0.363442 0.035044 0.034219
0 0.935348 0.972433 0.036415 0.033504
0 0.012888 0.176778 0.025776 0.060071
0 0.868075 0.077363 0.101949 0.100843
0 0.289644 0.280478 0.041064 0.039923
0 0.861375 0.382908 0.030628 0.030570
0 0.024519 0.229627 0.048839 0.074775
0 0.737962 0.419046 0.035662 0.035491
0 0.014760 0.088863 0.029037 0.079186
0 0.321439 0.630062 0.064216 0.062513
0 0.065544 0.629676 0.082014 0.080687
0 0.236420 0.500942 0.030020 0.029327
0 0.912821 0.517194 0.031898 0.032197
0 0.277113 0.866123 0.031755 0.031274
0 0.166026 0.349799 0.032186 0.031337
0 0.831830 0.278741 0.031916 0.031492
0 0.497984 0.488441 0.037687 0.036668
0 0.966496 0.501987 0.026026 0.025841
0 0.803948 0.456051 0.025598 0.026446
0 0.707786 0.701172 0.030128 0.028601
0 0.012646 0.094083 0.025291 0.098854
0 0.773681 0.047870 0.102580 0.095740
0 0.577557 0.045262 0.161601 0.090524
0 0.156447 0.637514 0.030300 0.028920
0 0.479414 0.793306 0.071439 0.069449
0 0.753686 0.195486 0.069048 0.071164
0 0.156428 0.233796 0.035699 0.035431
0 0.139541 0.918102 0.043769 0.039895
0 0.991344 0.316918 0.017312 0.024637
0 0.604529 0.686550 0.027218 0.026469
0 0.875402 0.777553 0.031909 0.030756
0 0.108172 0.680601 0.084994 0.084202
0 0.238623 0.695978 0.037216 0.036449
0 0.602754 0.723613 0.060763 0.058390
0 0.214317 0.989577 0.031358 0.020823
0 0.911525 0.603836 0.036493 0.035943
0 0.880723 0.370519 0.023370 0.023929
0 0.840035 0.484504 0.025085 0.025476
0 0.610898 0.370708 0.043326 0.042272
0 0.978147 0.907416 0.024977 0.024143
0 0.533411 0.656426 0.062920 0.063019
0 0.289555 0.834426 0.030417 0.030552
0 0.233964 0.318146 0.029638 0.029031
0 0.215624 0.443429 0.070907 0.070502
0 0.291993 0.287680 0.036004 0.033362
0 0.132376 0.921480 0.034719 0.033333
0 0.019082 0.682766 0.037812 0.069652
0 0.549915 0.893201 0.147217 0.143080
0 0.862393 0.747103 0.048803 0.048079
0 0.689362 0.017092 0.090275 0.034085
0 0.624968 0.544809 0.031938 0.032884