0 0.069606 0.657855 0.077588 0.063331
0 0.687318 0.559670 0.054243 0.044339
0 0.807445 0.526333 0.048472 0.037474
0 0.459369 0.519589 0.069719 0.053685
0 0.428369 0.154112 0.047126 0.038051
0 0.708465 0.147864 0.038733 0.030475
0 0.860530 0.486010 0.035438 0.028495
0 0.410210 0.084091 0.056353 0.044812
0 0.870912 0.812527 0.036282 0.028921
0 0.412337 0.117713 0.054117 0.040593
0 0.463627 0.076772 0.045321 0.034779
0 0.897226 0.521737 0.038673 0.029018
0 0.270229 0.508058 0.039768 0.033287
0 0.458331 0.263760 0.037200 0.033381
0 0.982781 0.926999 0.034438 0.033082
0 0.461000 0.031543 0.040308 0.032676
0 0.656249 0.902366 0.030219 0.025191
0 0.010495 0.781427 0.020977 0.030157
0 0.714228 0.793424 0.030134 0.025366
0 0.519760 0.062887 0.029520 0.025862
0 0.394677 0.327185 0.033775 0.027519
0 0.964463 0.796063 0.028276 0.024770
0 0.345664 0.028967 0.113709 0.057683
0 0.505025 0.430631 0.029241 0.022951
0 0.941723 0.872589 0.026003 0.023217
0 0.093788 0.919178 0.033138 0.030416
0 0.702660 0.822090 0.037869 0.033546
0 0.419580 0.050672 0.054977 0.043281
0 0.166148 0.432029 0.051320 0.040366
0 0.950657 0.252105 0.098685 0.099877
0 0.994267 0.076592 0.011467 0.033483
0 0.880643 0.724032 0.205352 0.174005