0 0.776806 0.065901 0.040246 0.039609
0 0.423152 0.604545 0.033917 0.034399
0 0.470063 0.403786 0.032340 0.031884
0 0.560785 0.922520 0.195962 0.154960
0 0.358312 0.461956 0.030297 0.028706
0 0.035505 0.435916 0.032076 0.030643
0 0.517426 0.338147 0.044059 0.045132
0 0.940410 0.049286 0.074171 0.072430
0 0.131353 0.490133 0.045515 0.045364
0 0.779414 0.818784 0.034213 0.032698
0 0.778321 0.509308 0.077876 0.074306
0 0.180024 0.441970 0.065911 0.064861
0 0.659045 0.252450 0.028370 0.028040
0 0.357983 0.353461 0.036888 0.035888
0 0.607596 0.601471 0.034818 0.033839
0 0.288522 0.273855 0.061958 0.061812
0 0.862344 0.064122 0.102325 0.098717
0 0.696942 0.443933 0.065489 0.063257
0 0.950338 0.399706 0.023899 0.024236
0 0.510576 0.182123 0.028217 0.027497
0 0.543767 0.387732 0.058107 0.054906
0 0.960908 0.099126 0.045353 0.044593
0 0.255404 0.499837 0.044411 0.044214
0 0.418692 0.685887 0.051101 0.048795
0 0.049712 0.458586 0.051250 0.048403
0 0.983837 0.023336 0.032327 0.044900
0 0.926013 0.216650 0.029751 0.029529
0 0.959860 0.239603 0.052375 0.053574
0 0.075283 0.042399 0.027079 0.026928
0 0.649681 0.839109 0.032892 0.031728
0 0.062073 0.454414 0.033547 0.035482
0 0.248421 0.557197 0.039329 0.038251
0 0.312799 0.341643 0.059332 0.058561
0 0.091090 0.571504 0.036749 0.036363
0 0.473528 0.134527 0.057930 0.057403
0 0.097355 0.578867 0.037137 0.036843