0 0.209546 0.423244 0.062376 0.048211
0 0.020032 0.214511 0.040064 0.038948
0 0.141218 0.123245 0.051314 0.036161
0 0.091235 0.087072 0.106698 0.081946
0 0.298440 0.213077 0.046788 0.033713
0 0.502200 0.566009 0.653565 0.481820
0 0.036415 0.015080 0.041332 0.030156
0 0.386059 0.011430 0.037949 0.022450
0 0.832720 0.787745 0.033333 0.023560
0 0.218482 0.268170 0.045932 0.035349
0 0.016322 0.082782 0.032458 0.028593
0 0.182414 0.235466 0.032710 0.023404
0 0.718728 0.208227 0.562545 0.416454
0 0.284339 0.017672 0.041693 0.031902
0 0.784479 0.141456 0.056651 0.047430
0 0.293700 0.171865 0.040383 0.029592
0 0.265169 0.220492 0.040397 0.031359
0 0.521210 0.096347 0.031996 0.025264