0 0.168982 0.918768 0.066039 0.063731
0 0.595280 0.585789 0.125343 0.125623
0 0.791088 0.355521 0.052202 0.051427
0 0.479694 0.123133 0.058932 0.054437
0 0.330970 0.236209 0.045205 0.044597
0 0.286678 0.730090 0.036878 0.036533
0 0.426739 0.180569 0.043058 0.041753
0 0.238236 0.047754 0.033778 0.032049
0 0.563196 0.225333 0.049659 0.046823
0 0.146133 0.622113 0.191308 0.183179
0 0.601126 0.242262 0.038078 0.035893
0 0.967676 0.232214 0.064648 0.068195
0 0.667033 0.402297 0.052589 0.050388
0 0.819059 0.943113 0.036302 0.036013
0 0.357392 0.042218 0.036455 0.035086
0 0.411373 0.009432 0.046944 0.018863
0 0.047472 0.835108 0.029711 0.028129
0 0.749768 0.071673 0.028688 0.027096
0 0.652681 0.296944 0.064833 0.062873
0 0.747474 0.405388 0.060423 0.057733
0 0.157784 0.452565 0.026244 0.025790
0 0.564566 0.328534 0.030635 0.029202
0 0.345383 0.909737 0.026314 0.025643
0 0.566971 0.990330 0.042904 0.019262
0 0.203785 0.812374 0.028362 0.027508
0 0.921576 0.218734 0.026687 0.026399
0 0.286861 0.980799 0.098969 0.038402
0 0.525774 0.123016 0.029252 0.027608
0 0.754471 0.272245 0.040453 0.039012
0 0.894064 0.972944 0.054830 0.048721
0 0.010555 0.631042 0.021110 0.029909
0 0.265422 0.310210 0.024170 0.023820
0 0.902183 0.906997 0.026567 0.026043
0 0.694231 0.924971 0.030792 0.030885
0 0.578533 0.030931 0.025060 0.023582
0 0.086544 0.539290 0.026772 0.026447
0 0.282957 0.870130 0.024323 0.023513
0 0.982223 0.849031 0.035555 0.088618
0 0.314852 0.010429 0.027867 0.020433
0 0.869518 0.526384 0.258923 0.486340
0 0.570239 0.358354 0.037540 0.034989
0 0.598342 0.292942 0.028151 0.026702
0 0.555228 0.117108 0.059151 0.060053
0 0.744749 0.852490 0.053876 0.051069
0 0.687262 0.919305 0.038831 0.036982
0 0.768531 0.468767 0.061117 0.062013
0 0.603359 0.205552 0.028946 0.028954
0 0.625363 0.187039 0.062352 0.059042
0 0.659286 0.146932 0.056906 0.057252
0 0.077716 0.144187 0.103720 0.102345
0 0.778885 0.049138 0.029987 0.028233
0 0.980463 0.043830 0.023211 0.023259
0 0.414044 0.220503 0.023207 0.022217
0 0.825747 0.165917 0.025298 0.024993
0 0.695060 0.047810 0.054007 0.049360
0 0.679967 0.394761 0.027600 0.026881
0 0.156854 0.758812 0.022963 0.022128
0 0.995039 0.070054 0.009403 0.031664
0 0.874350 0.017668 0.081529 0.035335
0 0.501001 0.202905 0.025254 0.024774
0 0.606116 0.217248 0.026539 0.022597