0 0.391405 0.359065 0.051477 0.048800
0 0.226070 0.673718 0.058412 0.055754
0 0.444308 0.362717 0.041296 0.038221
0 0.063917 0.326454 0.034333 0.033308
0 0.816455 0.689440 0.036367 0.034774
0 0.615643 0.145606 0.035976 0.033986
0 0.460241 0.197400 0.031281 0.030271
0 0.857820 0.816814 0.034591 0.033856
0 0.164636 0.245881 0.028884 0.027542
0 0.241768 0.580894 0.028277 0.027479
0 0.837500 0.743577 0.029257 0.028341
0 0.545096 0.564314 0.025879 0.024857
0 0.945913 0.239090 0.032640 0.030743
0 0.581504 0.846908 0.025203 0.024393
0 0.779692 0.574729 0.030372 0.029191
0 0.093764 0.196930 0.025127 0.024421
0 0.915430 0.843101 0.033256 0.032645
0 0.387058 0.491107 0.023203 0.022304
0 0.099251 0.866563 0.059417 0.051842
0 0.120727 0.344153 0.025841 0.025321
0 0.337671 0.441785 0.024489 0.023934
0 0.634545 0.107658 0.026221 0.024701
0 0.979526 0.014062 0.034414 0.028125
0 0.625225 0.597615 0.036704 0.035001
0 0.560304 0.438525 0.052142 0.050014
0 0.635667 0.797432 0.021050 0.021043
0 0.833054 0.670312 0.025645 0.024787
0 0.994126 0.341184 0.011530 0.035505
0 0.101361 0.362306 0.023869 0.022585
0 0.307656 0.081645 0.022843 0.022671
0 0.951508 0.206930 0.026630 0.025706
0 0.086994 0.512110 0.022971 0.022819
0 0.952698 0.941703 0.033492 0.033283
0 0.422477 0.962728 0.025697 0.025225