0 0.765658 0.946197 0.036755 0.033687
0 0.581110 0.846323 0.042856 0.039223
0 0.770966 0.553910 0.047113 0.041173
0 0.224236 0.630186 0.038637 0.035196
0 0.609914 0.449610 0.031280 0.028430
0 0.964812 0.351877 0.035416 0.031263
0 0.878806 0.307415 0.041719 0.036061
0 0.510265 0.609401 0.036928 0.033288
0 0.717879 0.185077 0.033371 0.031294
0 0.838269 0.343088 0.037263 0.032143
0 0.638484 0.044221 0.041365 0.036410
0 0.879563 0.335645 0.033373 0.029802
0 0.431162 0.646429 0.028784 0.025778
0 0.533556 0.580917 0.026656 0.024420
0 0.507652 0.887172 0.031874 0.029874
0 0.677387 0.711483 0.028463 0.027125
0 0.491957 0.151519 0.027117 0.024794
0 0.542325 0.443225 0.035060 0.032257
0 0.536890 0.546555 0.028763 0.026466
0 0.488406 0.024731 0.034133 0.029453
0 0.529680 0.822062 0.031670 0.027245
0 0.826571 0.540004 0.074289 0.068029
0 0.152913 0.068022 0.029155 0.027926
0 0.178595 0.421140 0.050513 0.046239
0 0.288552 0.434894 0.032792 0.031487
0 0.090840 0.017663 0.181679 0.035327
0 0.846352 0.216374 0.028321 0.025518
0 0.466711 0.682316 0.026202 0.023310
0 0.607311 0.570432 0.026928 0.024712
0 0.841781 0.321913 0.029867 0.025520