0 0.656072 0.024432 0.047832 0.044355
0 0.652000 0.904995 0.028447 0.028227
0 0.721981 0.850532 0.028818 0.028695
0 0.654175 0.765599 0.034490 0.033228
0 0.106470 0.775209 0.027919 0.026789
0 0.086567 0.114323 0.084534 0.079729
0 0.880641 0.340352 0.047906 0.044250
0 0.110166 0.293009 0.066500 0.059574
0 0.601761 0.917784 0.069256 0.067414
0 0.647235 0.168128 0.036421 0.031696
0 0.792424 0.092494 0.033937 0.029800
0 0.598703 0.424615 0.033623 0.032247
0 0.566894 0.874147 0.070173 0.068384
0 0.584133 0.299851 0.036618 0.032861
0 0.516363 0.683669 0.087736 0.082115
0 0.102668 0.237540 0.074676 0.066036
0 0.668200 0.829041 0.095323 0.098215
0 0.359033 0.713415 0.035160 0.031906
0 0.751487 0.504230 0.027711 0.028135
0 0.860596 0.524256 0.030377 0.031914
0 0.020974 0.849240 0.032263 0.032247
0 0.801419 0.755112 0.023001 0.022393
0 0.621906 0.386605 0.056179 0.052237
0 0.710806 0.963120 0.018050 0.017785
0 0.685028 0.118792 0.035235 0.032519
0 0.833406 0.260157 0.031607 0.028030
0 0.928499 0.280330 0.028766 0.028167
0 0.576695 0.444030 0.217622 0.187480
0 0.604568 0.446605 0.165001 0.149581
0 0.021801 0.108926 0.043602 0.081919
0 0.672687 0.986550 0.080669 0.026647
0 0.784936 0.980013 0.050784 0.039973
0 0.031098 0.220643 0.062197 0.069758
0 0.202456 0.310643 0.135081 0.111828