0 0.160729 0.926205 0.260072 0.146434
0 0.302762 0.386149 0.361799 0.218440
0 0.186175 0.739889 0.115958 0.084900
0 0.813210 0.681529 0.121674 0.089301
0 0.810379 0.528781 0.067056 0.051498
0 0.771301 0.445341 0.068813 0.055317
0 0.921024 0.115288 0.051324 0.036825
0 0.100591 0.765420 0.108745 0.074906
0 0.147919 0.116429 0.060089 0.044658
0 0.329743 0.847315 0.067669 0.049196
0 0.121503 0.497636 0.047958 0.035036
0 0.119098 0.684333 0.042030 0.030891
0 0.167979 0.648827 0.050312 0.035515
0 0.207576 0.031072 0.131820 0.062144
0 0.244270 0.258068 0.249483 0.158569
0 0.576265 0.180987 0.546511 0.361973
0 0.550758 0.645613 0.163048 0.134695
0 0.855701 0.199588 0.059782 0.045587
0 0.431244 0.647284 0.037993 0.029226
0 0.893137 0.273070 0.036287 0.028142
0 0.438899 0.519360 0.087178 0.062544
0 0.302869 0.885825 0.073046 0.059443
0 0.632427 0.349123 0.095394 0.070364
0 0.502482 0.717553 0.033958 0.026347
0 0.833420 0.940516 0.124520 0.102688
0 0.011427 0.441928 0.022853 0.049396
0 0.399515 0.832863 0.061290 0.041182
0 0.676125 0.918302 0.281597 0.159856
0 0.297849 0.056778 0.089321 0.073558
0 0.019211 0.327470 0.038423 0.035876
0 0.461110 0.894197 0.148043 0.110380
0 0.183260 0.073872 0.067260 0.052669
0 0.075886 0.082271 0.151772 0.164543
0 0.932335 0.969469 0.093854 0.060429
0 0.558802 0.774381 0.096430 0.073383
0 0.682255 0.739453 0.184842 0.148357
0 0.081749 0.307137 0.085083 0.066294
0 0.488157 0.488051 0.043298 0.033438
0 0.934501 0.782645 0.083789 0.065379
0 0.095690 0.227539 0.082520 0.066985
0 0.816038 0.639191 0.050544 0.037807
0 0.440601 0.792600 0.084614 0.065238
0 0.345711 0.763464 0.069911 0.052984
0 0.190451 0.550159 0.128307 0.099404
0 0.223549 0.813292 0.049195 0.038193
0 0.340030 0.629630 0.113562 0.083508
0 0.815156 0.937682 0.156616 0.120208
0 0.983115 0.948870 0.033770 0.033100
0 0.655872 0.811783 0.034608 0.027604
0 0.677386 0.933917 0.242337 0.128874
0 0.438932 0.609713 0.081493 0.055997
0 0.067116 0.502896 0.058986 0.047837
0 0.942551 0.872824 0.114574 0.120307
0 0.930145 0.897707 0.076666 0.059967
0 0.416812 0.706835 0.140802 0.105602
0 0.487311 0.836435 0.092332 0.065907
0 0.696022 0.879990 0.157213 0.103271
0 0.063567 0.344390 0.031930 0.023792
0 0.447143 0.798754 0.072347 0.052284
0 0.966488 0.091650 0.062675 0.048404