0 0.915852 0.765690 0.030245 0.030307
0 0.841380 0.905804 0.141494 0.138104
0 0.893136 0.683092 0.166843 0.159463
0 0.707545 0.947229 0.028569 0.028466
0 0.717284 0.675663 0.035483 0.035489
0 0.727530 0.820161 0.023431 0.023382
0 0.846541 0.412010 0.023401 0.023056
0 0.080895 0.943356 0.040514 0.040294
0 0.626992 0.338026 0.067237 0.066901
0 0.162050 0.404544 0.038902 0.038629
0 0.511259 0.952003 0.037359 0.037889
0 0.843703 0.504671 0.028462 0.028046
0 0.746594 0.493127 0.038813 0.039706
0 0.619885 0.944898 0.038845 0.038490
0 0.986638 0.886195 0.026723 0.038658
0 0.586622 0.916240 0.047749 0.047757
0 0.749830 0.891783 0.019389 0.019407
0 0.423517 0.919549 0.039543 0.038476
0 0.662001 0.889066 0.022008 0.022052
0 0.867550 0.426102 0.025460 0.025242
0 0.827791 0.145219 0.047449 0.046689
0 0.762975 0.578702 0.019546 0.019410
0 0.453453 0.739125 0.036976 0.036271
0 0.838137 0.835454 0.019207 0.019091
0 0.485134 0.992303 0.024485 0.015393
0 0.660685 0.583025 0.036787 0.036289
0 0.755697 0.692502 0.021327 0.020069
0 0.323640 0.917130 0.048678 0.047147
0 0.294751 0.889322 0.039458 0.039304
0 0.484286 0.833478 0.035770 0.035516
0 0.096602 0.979984 0.065353 0.039795
0 0.825640 0.419887 0.024895 0.024372
0 0.227815 0.820991 0.043459 0.043479
0 0.757962 0.553788 0.024644 0.024188
0 0.952844 0.906869 0.044281 0.044909
0 0.011359 0.935141 0.022718 0.083334
0 0.457728 0.680304 0.032000 0.031297
0 0.072454 0.099147 0.141101 0.160490
0 0.812644 0.525674 0.184762 0.188618
0 0.442773 0.601614 0.057094 0.056721
0 0.671018 0.735361 0.027014 0.027566
0 0.569018 0.445714 0.079545 0.078745
0 0.362607 0.866473 0.030350 0.030887
0 0.880796 0.390486 0.068401 0.067859
0 0.442461 0.573170 0.033886 0.032256
0 0.871494 0.793270 0.015659 0.015577
0 0.930108 0.878195 0.027327 0.027518
0 0.988750 0.670530 0.022501 0.036707
0 0.567457 0.895834 0.029591 0.030275
0 0.550410 0.521771 0.026442 0.026472
0 0.730887 0.940111 0.022290 0.022362
0 0.932593 0.797089 0.023832 0.023349
0 0.113742 0.716021 0.084225 0.087303
0 0.985947 0.939421 0.027191 0.057129
0 0.960881 0.581274 0.020933 0.021063
0 0.179791 0.315523 0.046473 0.047249
0 0.661245 0.974259 0.017765 0.018167
0 0.881172 0.531926 0.039603 0.037767
0 0.864555 0.427401 0.029714 0.029619
0 0.862178 0.378895 0.032634 0.035104
0 0.668061 0.929033 0.034395 0.034021
0 0.385069 0.980830 0.066027 0.038224
0 0.948645 0.857467 0.020784 0.020745
0 0.866109 0.379117 0.039163 0.041136
0 0.990934 0.775444 0.017748 0.024180
0 0.792341 0.086017 0.024563 0.024047
0 0.646411 0.953899 0.023616 0.024596
0 0.897910 0.251816 0.028388 0.027873
0 0.575995 0.919913 0.024022 0.025302
0 0.540340 0.336183 0.040881 0.042809