0 0.314862 0.019651 0.040599 0.038057
0 0.834652 0.962283 0.030494 0.030598
0 0.304942 0.066896 0.042208 0.039656
0 0.171421 0.371843 0.037716 0.035235
0 0.459882 0.629683 0.038440 0.035042
0 0.211658 0.299052 0.029780 0.028043
0 0.362922 0.169734 0.026706 0.026424
0 0.552128 0.648722 0.035734 0.031686
0 0.974942 0.647966 0.027916 0.027481
0 0.372790 0.035860 0.030228 0.029532
0 0.264359 0.614230 0.028716 0.028112
0 0.703487 0.770351 0.038385 0.034083
0 0.776436 0.033674 0.032915 0.032489
0 0.267458 0.273886 0.026326 0.026375
0 0.848031 0.371154 0.050528 0.048004
0 0.516890 0.104170 0.022191 0.021997
0 0.964808 0.429234 0.029747 0.029711
0 0.027666 0.285842 0.022224 0.022209
0 0.808156 0.337020 0.031399 0.030683
0 0.969520 0.347903 0.032973 0.032547
0 0.087311 0.596586 0.018605 0.018309
0 0.117242 0.881247 0.019545 0.018914
0 0.052254 0.924441 0.039926 0.039258
0 0.214164 0.961138 0.023342 0.022498
0 0.661127 0.773066 0.052926 0.048516
0 0.186787 0.981271 0.023903 0.023614
0 0.420115 0.833429 0.044355 0.039365
0 0.361646 0.120211 0.023204 0.023012
0 0.669504 0.544182 0.020456 0.020425