0 0.514990 0.864496 0.036985 0.035858
0 0.982066 0.829679 0.035868 0.073609
0 0.831711 0.691906 0.044015 0.042588
0 0.516647 0.583581 0.059467 0.057826
0 0.115617 0.400783 0.032362 0.030450
0 0.614238 0.493331 0.029224 0.028447
0 0.349377 0.681703 0.031929 0.031219
0 0.550562 0.562277 0.028969 0.028424
0 0.777591 0.495944 0.029870 0.028648
0 0.086266 0.027065 0.095384 0.054131
0 0.289038 0.609235 0.028189 0.028046
0 0.845408 0.358239 0.026515 0.026346
0 0.784748 0.284528 0.430504 0.522865
0 0.537615 0.526964 0.027274 0.026596
0 0.009396 0.343146 0.017665 0.038155
0 0.575601 0.551364 0.025253 0.025474
0 0.740703 0.673450 0.038177 0.038275
0 0.567174 0.059951 0.025750 0.025525
0 0.716599 0.257911 0.057512 0.056452
0 0.575058 0.639560 0.023917 0.023532