0 0.476041 0.575799 0.165379 0.157884
0 0.100188 0.237014 0.200376 0.206767
0 0.707608 0.116790 0.144174 0.134672
0 0.768375 0.809674 0.047392 0.046343
0 0.265113 0.560671 0.061858 0.051408
0 0.667048 0.038634 0.041649 0.040434
0 0.575809 0.948215 0.055193 0.051640
0 0.295302 0.873369 0.067894 0.064086
0 0.293511 0.678312 0.056402 0.048589
0 0.468278 0.255617 0.126345 0.117393
0 0.391070 0.798112 0.104021 0.093329
0 0.378117 0.298179 0.067793 0.062646
0 0.699502 0.697992 0.076331 0.073976
0 0.259110 0.512214 0.043447 0.035757
0 0.947187 0.984216 0.046088 0.031569
0 0.625362 0.758629 0.053486 0.049933
0 0.327810 0.620622 0.035630 0.031507
0 0.101062 0.511426 0.045011 0.038681
0 0.958952 0.738565 0.065731 0.064038
0 0.182576 0.362682 0.057109 0.050278
0 0.853211 0.390742 0.288404 0.284339
0 0.373401 0.122374 0.073658 0.064163
0 0.677440 0.975669 0.060835 0.047853
0 0.245331 0.661095 0.054019 0.045795
0 0.160980 0.908836 0.072342 0.065163
0 0.642269 0.894207 0.030114 0.028813
0 0.141687 0.394644 0.054272 0.046847
0 0.334874 0.919579 0.056831 0.052135
0 0.695622 0.938785 0.047055 0.045094
0 0.895060 0.972844 0.064457 0.053127
0 0.859143 0.216210 0.281002 0.273218
0 0.332429 0.570093 0.066941 0.060484
0 0.592145 0.783920 0.034638 0.032571
0 0.447105 0.743611 0.096638 0.084014
0 0.732560 0.768861 0.040728 0.039209
0 0.572182 0.312328 0.061095 0.057142
0 0.062981 0.440241 0.113886 0.091105
0 0.584765 0.143985 0.063248 0.058942
0 0.826395 0.893881 0.030421 0.030175
0 0.340071 0.658847 0.044663 0.039203
0 0.305197 0.175213 0.058227 0.051329
0 0.323574 0.274196 0.052885 0.047178
0 0.375673 0.462277 0.202429 0.175559
0 0.557871 0.093569 0.060616 0.057315
0 0.967609 0.787011 0.064782 0.069491
0 0.700991 0.659505 0.041534 0.037619
0 0.306584 0.089499 0.081434 0.076011
0 0.133336 0.762774 0.051728 0.048051
0 0.085003 0.578964 0.070102 0.056441
0 0.456825 0.747253 0.073190 0.068235
0 0.314632 0.234100 0.067059 0.060561
0 0.955822 0.918397 0.088355 0.157954
0 0.225710 0.697080 0.030523 0.027053
0 0.374863 0.259944 0.041785 0.035296
0 0.423275 0.989175 0.054133 0.021650
0 0.402366 0.013811 0.086108 0.027424
0 0.563256 0.094733 0.049952 0.045717
0 0.631173 0.931754 0.036096 0.033500
0 0.479801 0.390355 0.028832 0.027134
0 0.023695 0.869336 0.045456 0.047531
0 0.128496 0.977768 0.044577 0.040917
0 0.137295 0.493947 0.097558 0.084536
0 0.180299 0.732299 0.057318 0.050843
0 0.365235 0.392383 0.037453 0.034990
0 0.918048 0.617391 0.033846 0.031825
0 0.222860 0.922358 0.052895 0.048155
0 0.041252 0.499838 0.079720 0.068080
0 0.061030 0.726489 0.033885 0.028685
0 0.535652 0.361646 0.056291 0.053054
0 0.477928 0.166618 0.031175 0.030280
0 0.728184 0.478206 0.029338 0.029274
0 0.143821 0.571531 0.043489 0.037293
0 0.695392 0.820961 0.039056 0.038183
0 0.205898 0.565935 0.041038 0.036778
0 0.014753 0.345773 0.029505 0.060694
0 0.082284 0.584963 0.082948 0.067579
0 0.018647 0.123021 0.037295 0.044974