0 0.641510 0.431915 0.112860 0.090252
0 0.923232 0.263278 0.078749 0.070128
0 0.260855 0.733656 0.059178 0.046266
0 0.325701 0.649575 0.040675 0.031829
0 0.027548 0.438299 0.027073 0.026793
0 0.392218 0.742952 0.046558 0.037083
0 0.027328 0.839230 0.043361 0.036605
0 0.598290 0.859480 0.034797 0.029762
0 0.287822 0.067663 0.047245 0.037049
0 0.015742 0.985209 0.031484 0.027780
0 0.581463 0.248877 0.103316 0.087339
0 0.608230 0.060378 0.092340 0.077899
0 0.113300 0.865620 0.067576 0.050530
0 0.038424 0.315154 0.054456 0.048292
0 0.806484 0.321764 0.066512 0.055472
0 0.217377 0.348752 0.054114 0.048126
0 0.387796 0.136956 0.043525 0.035664
0 0.854428 0.727949 0.062427 0.051083
0 0.760081 0.281984 0.061176 0.051361
0 0.800341 0.261731 0.035895 0.029881
0 0.440087 0.131325 0.046009 0.036729
0 0.252831 0.095149 0.052586 0.043306
0 0.182606 0.278502 0.035188 0.031330
0 0.126118 0.491139 0.067742 0.069507
0 0.289565 0.324331 0.042135 0.034103
0 0.639804 0.231266 0.045269 0.036052
0 0.026867 0.957495 0.040276 0.031559
0 0.256305 0.363211 0.049584 0.042807
0 0.245060 0.912992 0.188244 0.155928
0 0.547312 0.741326 0.048758 0.036116
0 0.638899 0.352696 0.085092 0.067016
0 0.011251 0.613340 0.022356 0.030725
0 0.023658 0.543417 0.021664 0.020500
0 0.300103 0.435707 0.038714 0.031374
0 0.488416 0.316210 0.044285 0.038388
0 0.038650 0.225627 0.072113 0.063744
0 0.227560 0.762532 0.055033 0.044608
0 0.682495 0.158012 0.049362 0.040981
0 0.343857 0.333322 0.046294 0.038473
0 0.383559 0.711132 0.035483 0.028527
0 0.024869 0.926502 0.038600 0.032121
0 0.412061 0.256377 0.069329 0.057032
0 0.428244 0.382969 0.092066 0.075671
0 0.496355 0.038743 0.126461 0.075949
0 0.010175 0.257382 0.020003 0.048017
0 0.698997 0.329525 0.039290 0.033004
0 0.306244 0.397516 0.102386 0.081265
0 0.995127 0.478368 0.009502 0.029555
0 0.223320 0.808889 0.073893 0.057925
0 0.005537 0.749064 0.011074 0.028629
0 0.493289 0.094767 0.036331 0.031123
0 0.636766 0.520996 0.091667 0.068905
0 0.009076 0.632907 0.017735 0.025738
0 0.585169 0.636098 0.057340 0.051248
0 0.815023 0.822362 0.069941 0.060290
0 0.350643 0.113928 0.046402 0.036096
0 0.271569 0.923443 0.235325 0.147844
0 0.307411 0.382348 0.125427 0.104611
0 0.635782 0.578713 0.098209 0.083671