0 0.044878 0.968499 0.089755 0.062100
0 0.787784 0.528215 0.204362 0.155014
0 0.731823 0.202258 0.049509 0.035816
0 0.479344 0.835570 0.075119 0.054893
0 0.086503 0.247626 0.173006 0.145405
0 0.026761 0.411086 0.053523 0.061717
0 0.246575 0.276974 0.138120 0.104375
0 0.979237 0.242741 0.041525 0.060027
0 0.693261 0.637117 0.276381 0.190532
0 0.549482 0.549916 0.086695 0.064607
0 0.856878 0.262111 0.174951 0.123344
0 0.054650 0.745305 0.109277 0.245423
0 0.733060 0.843908 0.054735 0.040936
0 0.095008 0.472677 0.052347 0.037775
0 0.118564 0.931184 0.119328 0.086863
0 0.691193 0.332044 0.043069 0.033359
0 0.139649 0.647727 0.038256 0.030080
0 0.921098 0.646962 0.047632 0.036639
0 0.472768 0.655472 0.078876 0.060149
0 0.686013 0.399218 0.065968 0.051714
0 0.338543 0.175790 0.066079 0.053468
0 0.242385 0.077360 0.037624 0.031401
0 0.502379 0.791796 0.068892 0.052024
0 0.480871 0.650455 0.095725 0.073340
0 0.515486 0.743979 0.124489 0.090912
0 0.342620 0.358339 0.077200 0.057459
0 0.223611 0.503297 0.208815 0.154558
0 0.167061 0.979845 0.052155 0.037809
0 0.783503 0.320637 0.139174 0.104576
0 0.779923 0.981626 0.081508 0.036699
0 0.610357 0.801702 0.176115 0.125818
0 0.562388 0.778030 0.038565 0.029058
0 0.557011 0.905925 0.074467 0.049303
0 0.505762 0.978103 0.066851 0.041979
0 0.610529 0.726777 0.047284 0.037064
0 0.578023 0.462958 0.059022 0.047024
0 0.018179 0.017352 0.035661 0.034378
0 0.877593 0.959541 0.042961 0.032342
0 0.144809 0.426993 0.059388 0.043835
0 0.512144 0.693870 0.056636 0.034664
0 0.486562 0.441225 0.045928 0.035604
0 0.920453 0.693625 0.073005 0.053302
0 0.017277 0.013277 0.034554 0.025150
0 0.063690 0.051866 0.125279 0.098525
0 0.031763 0.885189 0.054212 0.041881
0 0.650443 0.352315 0.059856 0.044379
0 0.117314 0.011185 0.076613 0.022314
0 0.706245 0.181184 0.032741 0.026757
0 0.914317 0.397032 0.171366 0.184714
0 0.158464 0.395313 0.125033 0.094499
0 0.678500 0.116750 0.031900 0.024704
0 0.683734 0.470721 0.071012 0.056233
0 0.548228 0.906888 0.059513 0.041825