0 0.513606 0.269956 0.049460 0.045924
0 0.704131 0.544492 0.040640 0.037260
0 0.711016 0.268902 0.041516 0.038157
0 0.171711 0.623588 0.039239 0.034750
0 0.034143 0.433228 0.036301 0.033083
0 0.507439 0.561709 0.031574 0.028942
0 0.897801 0.931322 0.030210 0.029167
0 0.282609 0.189165 0.028876 0.027058
0 0.874545 0.895419 0.031041 0.029251
0 0.120574 0.362493 0.030754 0.027947
0 0.625484 0.182077 0.028227 0.026637
0 0.175810 0.121040 0.027624 0.026570
0 0.335371 0.248471 0.028118 0.026525
0 0.268554 0.267116 0.029686 0.026345
0 0.599102 0.885820 0.028519 0.026087
0 0.011619 0.280700 0.023239 0.028966
0 0.470591 0.658952 0.028504 0.025929
0 0.763651 0.188196 0.025212 0.024460
0 0.545796 0.522758 0.029172 0.027466
0 0.563526 0.102022 0.025973 0.024013
0 0.231779 0.244117 0.031045 0.027996
0 0.110902 0.835846 0.026732 0.024704
0 0.118136 0.306725 0.026594 0.024553
0 0.113193 0.209369 0.023362 0.022848
0 0.196598 0.089780 0.025691 0.024499