0 0.244098 0.961743 0.119361 0.076513
0 0.193934 0.385551 0.035653 0.030166
0 0.541192 0.522965 0.056228 0.049551
0 0.880117 0.657333 0.049510 0.041378
0 0.184600 0.414884 0.032415 0.028274
0 0.984455 0.673323 0.031090 0.031994
0 0.268992 0.231997 0.034436 0.026549
0 0.483178 0.411958 0.152666 0.130281
0 0.350208 0.548881 0.034964 0.031430
0 0.848411 0.592671 0.034355 0.028882
0 0.694808 0.338903 0.146740 0.123919
0 0.307146 0.162186 0.030417 0.026321
0 0.841350 0.417419 0.110203 0.099009
0 0.549974 0.912525 0.029390 0.026036
0 0.845425 0.238544 0.043728 0.036373
0 0.741204 0.442456 0.047868 0.041913
0 0.965447 0.065601 0.068927 0.103579
0 0.249527 0.041113 0.030828 0.023600
0 0.137667 0.258427 0.037693 0.031307
0 0.770338 0.496578 0.093018 0.079091
0 0.920802 0.801260 0.158395 0.183861
0 0.320356 0.380650 0.027152 0.022398
0 0.590852 0.300838 0.076357 0.065927
0 0.665847 0.876688 0.115270 0.095747
0 0.197006 0.296347 0.026083 0.021753