0 0.406393 0.478010 0.093349 0.089700
0 0.236777 0.374076 0.056481 0.054059
0 0.469728 0.751779 0.057766 0.054323
0 0.245918 0.424968 0.049651 0.047372
0 0.647906 0.157582 0.051166 0.050062
0 0.455293 0.514618 0.031201 0.030424
0 0.802994 0.514687 0.034980 0.034152
0 0.390608 0.765364 0.046578 0.043810
0 0.092091 0.664530 0.033353 0.032155
0 0.282189 0.448322 0.033297 0.031321
0 0.869631 0.667062 0.049602 0.049320
0 0.307820 0.087890 0.037100 0.036987
0 0.287388 0.413454 0.032442 0.031638
0 0.747709 0.608048 0.028654 0.028028
0 0.680999 0.649823 0.038676 0.035788
0 0.987303 0.684505 0.025394 0.042694
0 0.050117 0.583504 0.028788 0.027152
0 0.074001 0.422602 0.128857 0.124870
0 0.617230 0.367665 0.027930 0.027274
0 0.261741 0.263676 0.048228 0.047256
0 0.607610 0.646776 0.045241 0.041170
0 0.421785 0.703459 0.077565 0.073183
0 0.482585 0.014428 0.057208 0.028855
0 0.154206 0.485002 0.049972 0.047314
0 0.612930 0.648132 0.036489 0.036883
0 0.587518 0.592011 0.030152 0.030607
0 0.493154 0.318997 0.070694 0.066843
0 0.188318 0.506593 0.028583 0.027975
0 0.766010 0.644574 0.064649 0.062393
0 0.892718 0.437815 0.026158 0.025762
0 0.236314 0.593781 0.075277 0.073250
0 0.133377 0.775002 0.031152 0.029548
0 0.261023 0.650379 0.026330 0.025911
0 0.467079 0.061088 0.041539 0.041863
0 0.311637 0.082438 0.033450 0.034845
0 0.790907 0.259576 0.065995 0.064936
0 0.901748 0.507089 0.091025 0.091842
0 0.883330 0.276622 0.024496 0.024851
0 0.210536 0.739939 0.136314 0.123877