0 0.059332 0.641137 0.118162 0.173504
0 0.945520 0.783711 0.068118 0.051981
0 0.834296 0.057498 0.142499 0.114154
0 0.077667 0.962053 0.095959 0.075571
0 0.242691 0.614068 0.048248 0.037509
0 0.158680 0.135955 0.058525 0.047323
0 0.483692 0.750988 0.050682 0.040299
0 0.753319 0.867427 0.053889 0.040941
0 0.915309 0.738034 0.047060 0.034588
0 0.305046 0.620932 0.044131 0.035421
0 0.663578 0.266840 0.076864 0.057722
0 0.721182 0.252957 0.048037 0.036455
0 0.243523 0.233964 0.043443 0.036385
0 0.567698 0.474135 0.046351 0.036387
0 0.193182 0.045497 0.039631 0.033499
0 0.705279 0.570798 0.041663 0.032965
0 0.065021 0.254862 0.035446 0.030192
0 0.771097 0.944882 0.036931 0.030601
0 0.614990 0.100322 0.069614 0.053865
0 0.015258 0.267088 0.030516 0.055760
0 0.165985 0.081432 0.045172 0.035692
0 0.348584 0.946869 0.036291 0.029374
0 0.914490 0.455049 0.062480 0.055380
0 0.525485 0.686427 0.038440 0.030889
0 0.074294 0.071869 0.049743 0.041581
0 0.647246 0.078323 0.087816 0.067934
0 0.225790 0.412576 0.040182 0.032586
0 0.284652 0.967291 0.037415 0.029504
0 0.217851 0.808668 0.071033 0.063675
0 0.943844 0.339564 0.111406 0.097507
0 0.638431 0.084464 0.111562 0.080006
0 0.612983 0.572038 0.077865 0.062059
0 0.422646 0.873667 0.631498 0.252667
0 0.153096 0.057915 0.036989 0.029539
0 0.371383 0.778985 0.033206 0.027328
0 0.577949 0.777344 0.036355 0.028224
0 0.353037 0.732799 0.033674 0.029124
0 0.633682 0.411642 0.065744 0.047448
0 0.788283 0.633624 0.081284 0.062850
0 0.071052 0.440801 0.032609 0.028452
0 0.736742 0.705143 0.054931 0.042491
0 0.499263 0.985138 0.038607 0.029366
0 0.937620 0.987217 0.056132 0.025566
0 0.177006 0.835283 0.037081 0.032980
0 0.115049 0.072675 0.037997 0.030729
0 0.692716 0.500536 0.043433 0.031242
0 0.518927 0.407845 0.042870 0.034398
0 0.636437 0.222367 0.049314 0.037643
0 0.458304 0.498026 0.049435 0.039715
0 0.217703 0.687264 0.059370 0.048279
0 0.124787 0.777322 0.057046 0.049961
0 0.463709 0.503897 0.050713 0.040794
0 0.812118 0.373386 0.075407 0.060173
0 0.655927 0.977045 0.047254 0.042509
0 0.354767 0.836337 0.180539 0.148040
0 0.514059 0.320755 0.136723 0.108209
0 0.809168 0.435777 0.036208 0.029385
0 0.427568 0.479524 0.031807 0.027502
0 0.613949 0.352936 0.057085 0.047282
0 0.705905 0.335791 0.062624 0.049580
0 0.464614 0.013525 0.048054 0.026308
0 0.938229 0.542517 0.105288 0.079425
0 0.443095 0.264136 0.127857 0.096015