0 0.155839 0.357810 0.093192 0.090141
0 0.464847 0.615572 0.055944 0.054574
0 0.523262 0.753368 0.036725 0.036990
0 0.650462 0.280774 0.075251 0.069713
0 0.358308 0.325732 0.098293 0.096941
0 0.170794 0.235328 0.078935 0.080308
0 0.720059 0.966624 0.064685 0.064048
0 0.527244 0.883508 0.028370 0.028786
0 0.029729 0.493813 0.058783 0.064544
0 0.573629 0.981536 0.068038 0.036672
0 0.877742 0.781906 0.066766 0.063546
0 0.949213 0.293945 0.097337 0.092322
0 0.120135 0.941444 0.040198 0.037885
0 0.519466 0.981458 0.042931 0.037084
0 0.936870 0.859312 0.036701 0.036219
0 0.085435 0.089313 0.169190 0.178626
0 0.238156 0.415536 0.071200 0.068648
0 0.099974 0.752996 0.038699 0.037086
0 0.373810 0.016407 0.047594 0.031852
0 0.100700 0.282558 0.074236 0.073706
0 0.134399 0.643942 0.039538 0.037479
0 0.056166 0.867437 0.064671 0.061773
0 0.389052 0.125345 0.067013 0.063362
0 0.424056 0.550513 0.040634 0.038836
0 0.167965 0.910848 0.059459 0.057028
0 0.314928 0.782428 0.033779 0.034585
0 0.610024 0.126650 0.291996 0.249248
0 0.093771 0.691148 0.041281 0.040568
0 0.396415 0.917935 0.026391 0.026894
0 0.634426 0.451084 0.382945 0.352533
0 0.409486 0.472856 0.038781 0.037098
0 0.771735 0.025609 0.058974 0.050755
0 0.812243 0.592344 0.046891 0.044930
0 0.822800 0.314520 0.059216 0.054438
0 0.041188 0.968636 0.080424 0.062728
0 0.257238 0.754122 0.036128 0.035806
0 0.369778 0.863209 0.029858 0.030513
0 0.317928 0.586221 0.041827 0.042405
0 0.968170 0.454732 0.053759 0.051739
0 0.301882 0.273366 0.045274 0.043953
0 0.429395 0.094384 0.038450 0.038439
0 0.330417 0.192759 0.032283 0.030757
0 0.313278 0.031482 0.035815 0.035434
0 0.406468 0.606302 0.028180 0.028333
0 0.570602 0.238031 0.042296 0.040230
0 0.297360 0.212459 0.157746 0.152229
0 0.193025 0.105678 0.043386 0.040105
0 0.937193 0.042515 0.088920 0.080447
0 0.225462 0.149218 0.048960 0.047412
0 0.884654 0.318801 0.045876 0.041363
0 0.160605 0.530868 0.037731 0.038783
0 0.726377 0.425575 0.194265 0.188691
0 0.846742 0.135485 0.068473 0.065405
0 0.043811 0.276956 0.054447 0.052994
0 0.396165 0.384331 0.049012 0.047820
0 0.203135 0.608915 0.031810 0.031079
0 0.503059 0.776975 0.027277 0.027705
0 0.889032 0.086271 0.041765 0.038832
0 0.764108 0.708265 0.471785 0.480719
0 0.903187 0.981210 0.094754 0.036991
0 0.944612 0.129310 0.065168 0.059417
0 0.918342 0.986591 0.064682 0.026819
0 0.011530 0.878656 0.022917 0.074661
0 0.820075 0.929978 0.091155 0.087164
0 0.175225 0.850204 0.028894 0.028897
0 0.357703 0.049962 0.060070 0.055863
0 0.767080 0.960573 0.034399 0.033865
0 0.489382 0.659075 0.022429 0.022289
0 0.206727 0.560768 0.067765 0.067442
0 0.157732 0.952837 0.036525 0.035013
0 0.348913 0.540953 0.036975 0.035316
0 0.697663 0.748330 0.024603 0.024480
0 0.602710 0.463603 0.084012 0.077971
0 0.766328 0.081846 0.030802 0.029663
0 0.464109 0.493263 0.037139 0.036604
0 0.640251 0.011572 0.034666 0.023143
0 0.841697 0.215947 0.027552 0.026397
0 0.832321 0.270876 0.038108 0.036687
0 0.793026 0.117893 0.053654 0.049687
0 0.351393 0.381045 0.032786 0.032888
0 0.778581 0.766555 0.063780 0.062748
0 0.196352 0.308621 0.031212 0.030079
0 0.427944 0.968491 0.072904 0.063017
0 0.013082 0.686327 0.026061 0.041925
0 0.427952 0.504997 0.039416 0.039153
0 0.202621 0.551512 0.057741 0.053743
0 0.994669 0.310398 0.010663 0.022225
0 0.363712 0.622114 0.041316 0.042080
0 0.015745 0.591185 0.030143 0.034849
0 0.771448 0.307358 0.044209 0.041832
0 0.634930 0.048499 0.240889 0.096998
0 0.475686 0.040247 0.109672 0.079818
0 0.109756 0.828324 0.028616 0.028862
0 0.158399 0.290068 0.054850 0.051849
0 0.985763 0.107256 0.028342 0.094848
0 0.133639 0.855373 0.048586 0.047372
0 0.809859 0.911435 0.051663 0.051706
0 0.367692 0.047054 0.042488 0.041340
0 0.214672 0.568742 0.053851 0.056504