0 0.620103 0.628455 0.049677 0.038087
0 0.751500 0.707986 0.054038 0.038607
0 0.290005 0.366212 0.057640 0.044081
0 0.452010 0.941408 0.051441 0.040514
0 0.023219 0.550271 0.046439 0.042371
0 0.902106 0.145961 0.035722 0.026479
0 0.764135 0.946871 0.043489 0.031914
0 0.222986 0.564421 0.049020 0.036375
0 0.651161 0.571996 0.029792 0.022486
0 0.816591 0.038233 0.125649 0.076467
0 0.707742 0.991917 0.031893 0.016165
0 0.661161 0.608319 0.032697 0.023077
0 0.781817 0.329662 0.047409 0.034640
0 0.219935 0.721583 0.335598 0.256691
0 0.684127 0.087091 0.065691 0.052435
0 0.724718 0.192525 0.228328 0.163928
0 0.972330 0.361016 0.055339 0.067688
0 0.978436 0.143652 0.043129 0.095483
0 0.732238 0.300819 0.054847 0.039092
0 0.018025 0.522376 0.033714 0.028441
0 0.540249 0.144871 0.043436 0.033466