0 0.455035 0.520432 0.188157 0.186806
0 0.696336 0.277049 0.091683 0.088814
0 0.536802 0.388327 0.067981 0.065496
0 0.339179 0.516041 0.063942 0.064642
0 0.791886 0.786947 0.034472 0.033476
0 0.194137 0.684027 0.094079 0.093702
0 0.448316 0.485431 0.032336 0.031297
0 0.035459 0.842972 0.035911 0.033644
0 0.709591 0.752188 0.037302 0.035356
0 0.446198 0.868502 0.032969 0.032161
0 0.887231 0.964656 0.040024 0.037709
0 0.047486 0.707292 0.062968 0.060263
0 0.805099 0.638043 0.054524 0.053334
0 0.399784 0.914800 0.030793 0.031594
0 0.048611 0.041950 0.097033 0.082185
0 0.933299 0.866681 0.032527 0.031041
0 0.927690 0.813967 0.039368 0.036902
0 0.442727 0.982517 0.034786 0.033475
0 0.325791 0.643015 0.048158 0.045122
0 0.114176 0.746267 0.053844 0.051137
0 0.322949 0.817826 0.165869 0.168274
0 0.150392 0.574530 0.042508 0.041119
0 0.936454 0.216606 0.031367 0.030618
0 0.831247 0.951687 0.031278 0.029786
0 0.581193 0.941759 0.164316 0.115120
0 0.111923 0.346545 0.223846 0.401957
0 0.144122 0.545430 0.034703 0.032830
0 0.809389 0.824642 0.230347 0.215549
0 0.326684 0.405482 0.026730 0.027736
0 0.912075 0.926780 0.040967 0.039879
0 0.864429 0.018479 0.194049 0.036959
0 0.220047 0.151253 0.024879 0.025103
0 0.521832 0.334598 0.038095 0.036810
0 0.511502 0.641013 0.087538 0.083994
0 0.139088 0.075153 0.081378 0.081476
0 0.728256 0.645537 0.030692 0.030425
0 0.899035 0.901827 0.032396 0.033029
0 0.676544 0.906643 0.198350 0.184438
0 0.651695 0.735191 0.038504 0.035194
0 0.618695 0.655708 0.034840 0.033922
0 0.110488 0.711829 0.031268 0.030326
0 0.063542 0.911946 0.126548 0.176107
0 0.274825 0.862270 0.027559 0.027863
0 0.293683 0.577333 0.030077 0.029305
0 0.165032 0.666715 0.055245 0.058044
0 0.986165 0.921675 0.026572 0.026444
0 0.472857 0.382162 0.075637 0.073929
0 0.253422 0.629807 0.031783 0.031265
0 0.611981 0.622045 0.026309 0.025617
0 0.248622 0.594613 0.029323 0.029221
0 0.511429 0.891372 0.027483 0.025678
0 0.225355 0.605404 0.031139 0.030715
0 0.863411 0.012085 0.156583 0.024170
0 0.019627 0.575597 0.038764 0.140335
0 0.812604 0.956366 0.069002 0.061893
0 0.282078 0.607571 0.036814 0.036269
0 0.646960 0.860945 0.096993 0.087704