0 0.259284 0.244010 0.191450 0.152403
0 0.734270 0.101513 0.122853 0.103649
0 0.503694 0.592994 0.043761 0.034233
0 0.969041 0.493590 0.054219 0.043299
0 0.552746 0.407630 0.032395 0.025495
0 0.068151 0.140725 0.032393 0.027248
0 0.925764 0.608850 0.036820 0.029351
0 0.587083 0.274788 0.074122 0.055418
0 0.965431 0.210602 0.036366 0.031405
0 0.193326 0.575865 0.032493 0.026430
0 0.593918 0.051949 0.041645 0.032809
0 0.376390 0.547354 0.037150 0.028989
0 0.121596 0.234019 0.086026 0.074376
0 0.008906 0.618555 0.017812 0.042433
0 0.028051 0.485735 0.036594 0.030578
0 0.423777 0.975673 0.030401 0.024052
0 0.325860 0.039859 0.213070 0.079717
0 0.228828 0.138656 0.030493 0.026262
0 0.314726 0.219512 0.030692 0.024321
0 0.504592 0.867615 0.034393 0.027089
0 0.785789 0.034910 0.428422 0.069820
0 0.693355 0.966241 0.107900 0.066703
0 0.531274 0.647599 0.029119 0.023837
0 0.458956 0.087720 0.030052 0.025363
0 0.918637 0.932858 0.028235 0.024375
0 0.623213 0.109766 0.111723 0.089932
0 0.991521 0.795044 0.016958 0.059205
0 0.008595 0.118417 0.017190 0.024447
0 0.093517 0.906634 0.027758 0.023598