0 0.587739 0.262994 0.289208 0.246667
0 0.776843 0.319841 0.142903 0.114734
0 0.866688 0.562273 0.140189 0.109425
0 0.563093 0.749978 0.096702 0.076590
0 0.569472 0.897432 0.043682 0.033227
0 0.724131 0.822416 0.046131 0.035030
0 0.810810 0.896207 0.045117 0.033681
0 0.883123 0.036752 0.091043 0.069685
0 0.728685 0.986095 0.048099 0.027580
0 0.759795 0.856972 0.048757 0.036944
0 0.952531 0.646108 0.094913 0.160353
0 0.819533 0.737370 0.042329 0.032171
0 0.899175 0.964989 0.111033 0.068486
0 0.856512 0.140895 0.053695 0.044695
0 0.742800 0.025846 0.036158 0.028978
0 0.309038 0.931958 0.032384 0.027987
0 0.750479 0.637351 0.066135 0.051655
0 0.566742 0.692186 0.068928 0.051068
0 0.571541 0.660912 0.035513 0.027907
0 0.721803 0.602309 0.033374 0.027432
0 0.702085 0.917719 0.043618 0.032273
0 0.718720 0.891358 0.037641 0.027315
0 0.534695 0.439076 0.028507 0.024265
0 0.540646 0.715429 0.033305 0.025175
0 0.772139 0.212377 0.102229 0.084343
0 0.810247 0.988088 0.095192 0.023824
0 0.869026 0.333539 0.033918 0.028886
0 0.911475 0.968261 0.088903 0.061283
0 0.469118 0.960554 0.109935 0.077242
0 0.963200 0.421949 0.044451 0.034970
0 0.989646 0.053301 0.020346 0.044399
0 0.402102 0.737906 0.234665 0.226835
0 0.955963 0.321686 0.032814 0.025976
0 0.812578 0.990928 0.073999 0.018145
0 0.791802 0.009072 0.063749 0.018144
0 0.401697 0.009858 0.045946 0.019716
0 0.483408 0.807131 0.063463 0.041927
0 0.555198 0.136993 0.051697 0.044062
0 0.799839 0.986962 0.068183 0.025848