0 0.250031 0.860323 0.068686 0.058513
0 0.919198 0.647178 0.060820 0.049745
0 0.577427 0.398838 0.057555 0.046510
0 0.453332 0.237443 0.102020 0.088562
0 0.179378 0.374394 0.108737 0.099764
0 0.174342 0.591617 0.042613 0.038028
0 0.376415 0.584905 0.075261 0.062988
0 0.190458 0.225514 0.059969 0.052722
0 0.171717 0.907162 0.059631 0.051211
0 0.968539 0.398472 0.062922 0.061879
0 0.571590 0.014446 0.054024 0.028143
0 0.699320 0.609629 0.094130 0.079915
0 0.485922 0.355862 0.085010 0.072854
0 0.585704 0.289467 0.055056 0.046428
0 0.378518 0.415317 0.045277 0.038714
0 0.390173 0.346018 0.069368 0.060318
0 0.530064 0.543306 0.034869 0.029070
0 0.512067 0.495496 0.077466 0.063663
0 0.171747 0.972689 0.097090 0.054621
0 0.974972 0.787793 0.049371 0.056627
0 0.864530 0.249184 0.069537 0.058922
0 0.245085 0.962196 0.056785 0.045268
0 0.533530 0.629387 0.073936 0.060628
0 0.749669 0.587063 0.033561 0.028215
0 0.643436 0.960268 0.129590 0.078773
0 0.016551 0.373640 0.033102 0.086489
0 0.323582 0.700234 0.035850 0.029148
0 0.943353 0.745649 0.041119 0.035836
0 0.140285 0.312125 0.035160 0.032088
0 0.422423 0.965119 0.064698 0.055297
0 0.285413 0.987695 0.031923 0.023932
0 0.481944 0.305744 0.090694 0.074246
0 0.849284 0.712825 0.033684 0.029003
0 0.928155 0.316986 0.066771 0.057500
0 0.786452 0.857660 0.427096 0.283208
0 0.923708 0.346702 0.034670 0.032481
0 0.334284 0.164258 0.070420 0.063874
0 0.867024 0.280328 0.038951 0.033632
0 0.869209 0.324774 0.052776 0.045060
0 0.331372 0.625557 0.030308 0.027234
0 0.866102 0.456963 0.146714 0.118550
0 0.304405 0.122127 0.038164 0.032527
0 0.155624 0.448281 0.084248 0.065127
0 0.352338 0.483951 0.042191 0.034639
0 0.245065 0.478886 0.036733 0.031146
0 0.254945 0.748065 0.076389 0.066176
0 0.699403 0.855763 0.601194 0.282870
0 0.121438 0.268260 0.032565 0.030301
0 0.006810 0.154643 0.013620 0.065548
0 0.648663 0.254360 0.037415 0.032815
0 0.917565 0.531662 0.067905 0.056285
0 0.078342 0.227596 0.039825 0.033978
0 0.769173 0.142354 0.023073 0.020992
0 0.979203 0.468613 0.041049 0.038227
0 0.654798 0.663888 0.075432 0.061416
0 0.665661 0.435530 0.036172 0.031616
0 0.498365 0.415137 0.032724 0.026271
0 0.993307 0.983309 0.013264 0.033381
0 0.701865 0.707760 0.054011 0.044071
0 0.386534 0.700053 0.028224 0.024648
0 0.248857 0.409763 0.047773 0.041007
0 0.988218 0.598537 0.023563 0.140036
0 0.632736 0.191297 0.097659 0.082889
0 0.069193 0.026612 0.053542 0.046757
0 0.925063 0.531150 0.081964 0.066935
0 0.632870 0.702168 0.073524 0.065084
0 0.610178 0.964365 0.066186 0.060593
0 0.042469 0.970901 0.082328 0.058198
0 0.145930 0.448242 0.064730 0.052226
0 0.855534 0.431801 0.162000 0.148362
0 0.492482 0.527074 0.037935 0.033185
0 0.991077 0.020755 0.017845 0.025625