0 0.287066 0.617966 0.113740 0.110683
0 0.407050 0.934408 0.166624 0.131184
0 0.408270 0.786947 0.065423 0.064667
0 0.825376 0.963986 0.116026 0.072029
0 0.296220 0.925644 0.044292 0.043447
0 0.332840 0.751011 0.039603 0.038746
0 0.322697 0.117947 0.031413 0.031108
0 0.119469 0.632532 0.238556 0.367485
0 0.579306 0.703647 0.156881 0.151138
0 0.216941 0.963616 0.095159 0.072767
0 0.216554 0.719056 0.085905 0.083031
0 0.955596 0.520874 0.088809 0.118909
0 0.055656 0.978979 0.054282 0.041877
0 0.866332 0.170583 0.050350 0.049615
0 0.547099 0.912667 0.094098 0.090202
0 0.915146 0.174459 0.130333 0.123166
0 0.974969 0.760999 0.050062 0.062503
0 0.101222 0.912690 0.082172 0.077362
0 0.240873 0.349746 0.031945 0.031131
0 0.144927 0.438584 0.027735 0.026615
0 0.724537 0.501703 0.057937 0.056477
0 0.057946 0.317922 0.054594 0.051575
0 0.243943 0.527146 0.026659 0.025088
0 0.140729 0.368832 0.030298 0.030406
0 0.278117 0.471083 0.027260 0.026210
0 0.156881 0.888305 0.057475 0.055855
0 0.176682 0.922842 0.070458 0.065131
0 0.009131 0.963726 0.018068 0.044414
0 0.917440 0.308905 0.081704 0.080307
0 0.034623 0.887768 0.056309 0.049794
0 0.788649 0.628267 0.030147 0.031097
0 0.321159 0.500591 0.067968 0.066961
0 0.983868 0.805198 0.025285 0.025986
0 0.182120 0.918949 0.057861 0.053479
0 0.491024 0.008853 0.028323 0.017706
0 0.700582 0.728742 0.027305 0.028228
0 0.923499 0.082102 0.080107 0.078485
0 0.619319 0.732126 0.027819 0.026564
0 0.448056 0.227134 0.658140 0.454267