0 0.738935 0.860886 0.148956 0.148923
0 0.698355 0.347842 0.099339 0.097887
0 0.307956 0.359105 0.176482 0.172775
0 0.303493 0.482586 0.163919 0.157514
0 0.923427 0.308439 0.057122 0.055092
0 0.169073 0.704684 0.108826 0.106631
0 0.034346 0.175192 0.068458 0.073548
0 0.934039 0.435247 0.129045 0.272448
0 0.627729 0.533436 0.040343 0.040068
0 0.662803 0.156595 0.381524 0.313190
0 0.559189 0.307721 0.033751 0.032941
0 0.601655 0.216235 0.029142 0.028480
0 0.198976 0.414696 0.033012 0.032062
0 0.058569 0.220169 0.060471 0.059693
0 0.757530 0.774634 0.032826 0.031252
0 0.572433 0.807056 0.061491 0.060207
0 0.081119 0.311540 0.036544 0.035940
0 0.615232 0.330153 0.061872 0.060247
0 0.421058 0.641538 0.027691 0.027506
0 0.075109 0.498006 0.032316 0.033041
0 0.145608 0.772250 0.029115 0.028018
0 0.249065 0.198063 0.026932 0.027048
0 0.102243 0.816942 0.065556 0.062624
0 0.623811 0.745797 0.030433 0.030446
0 0.142283 0.566106 0.054623 0.053689
0 0.638519 0.600529 0.060005 0.058735
0 0.126258 0.104958 0.059192 0.058266
0 0.390819 0.686404 0.027092 0.026878
0 0.388855 0.916291 0.026484 0.025645
0 0.099745 0.885357 0.197089 0.229055
0 0.529318 0.555689 0.048151 0.047816
0 0.857619 0.068744 0.036895 0.034525
0 0.683408 0.674986 0.057470 0.054983
0 0.286143 0.597653 0.025540 0.025105
0 0.027634 0.552422 0.032897 0.032947
0 0.979743 0.084766 0.022922 0.023144
0 0.442099 0.951258 0.026495 0.025604
0 0.160508 0.247627 0.060463 0.058770
0 0.974700 0.244807 0.050154 0.100150
0 0.443432 0.434375 0.059357 0.058376
0 0.326868 0.551212 0.040931 0.040269
0 0.909433 0.747222 0.038599 0.038446
0 0.118538 0.755277 0.040765 0.039620
0 0.262441 0.705808 0.026771 0.026222
0 0.962909 0.912025 0.050102 0.049505
0 0.373722 0.722692 0.047603 0.047964
0 0.438841 0.892988 0.031164 0.032490
0 0.079784 0.189798 0.025820 0.025532