0 0.337271 0.660249 0.127977 0.114367
0 0.423603 0.589840 0.065246 0.061462
0 0.532224 0.576135 0.184973 0.169943
0 0.030019 0.813387 0.060037 0.090946
0 0.905659 0.594231 0.096657 0.091807
0 0.322203 0.922585 0.103724 0.099156
0 0.652497 0.424886 0.055951 0.050511
0 0.309840 0.747005 0.062054 0.057651
0 0.764767 0.553046 0.098679 0.093135
0 0.137367 0.028989 0.057824 0.057097
0 0.086176 0.926088 0.090176 0.087040
0 0.438729 0.769039 0.050668 0.046039
0 0.731137 0.416462 0.101341 0.087836
0 0.956437 0.874509 0.082600 0.079283
0 0.217183 0.612512 0.063843 0.059152
0 0.601160 0.301226 0.091591 0.085838
0 0.351327 0.061757 0.056477 0.053944
0 0.129860 0.850938 0.056105 0.052824
0 0.232988 0.722705 0.045539 0.043031
0 0.180417 0.088574 0.034319 0.033640
0 0.625145 0.512133 0.045019 0.040458
0 0.180224 0.831433 0.057608 0.054483
0 0.071727 0.023568 0.032373 0.032616
0 0.733854 0.235680 0.077339 0.073638
0 0.381962 0.216609 0.057289 0.052692
0 0.534757 0.838720 0.051214 0.048109
0 0.590377 0.697729 0.108419 0.099673
0 0.504200 0.915130 0.044644 0.040864
0 0.616379 0.032558 0.044241 0.040171
0 0.444135 0.018588 0.061891 0.037176
0 0.634687 0.068422 0.048919 0.044412
0 0.064781 0.127122 0.051175 0.048105
0 0.463595 0.941884 0.049587 0.046262
0 0.183457 0.046884 0.044625 0.044257
0 0.227255 0.943714 0.068527 0.064741
0 0.476647 0.325772 0.037031 0.034239
0 0.013984 0.901982 0.027968 0.034521
0 0.382184 0.166987 0.037532 0.036278
0 0.525890 0.745581 0.074091 0.069647
0 0.196791 0.980455 0.052890 0.039091
0 0.744014 0.862122 0.059896 0.054099
0 0.191178 0.721648 0.033345 0.032414
0 0.456688 0.903368 0.035948 0.034145
0 0.667297 0.585543 0.054811 0.048033
0 0.782650 0.968852 0.056832 0.054375
0 0.496074 0.089334 0.034812 0.032918
0 0.298950 0.033395 0.040074 0.037257
0 0.764507 0.078554 0.135648 0.121151
0 0.378554 0.862590 0.038869 0.036240
0 0.670719 0.532841 0.052170 0.047629
0 0.807494 0.735505 0.036240 0.034270
0 0.138829 0.737038 0.034699 0.032470
0 0.680589 0.942177 0.049458 0.044344
0 0.987626 0.583422 0.024479 0.086966
0 0.238158 0.025519 0.105881 0.050599
0 0.161772 0.396210 0.319642 0.477933
0 0.087828 0.985349 0.051122 0.029268
0 0.164370 0.958186 0.038637 0.036522
0 0.263688 0.166042 0.028353 0.027373
0 0.908852 0.866734 0.151293 0.135266
0 0.026631 0.096015 0.039249 0.037372
0 0.559429 0.988876 0.029979 0.022226
0 0.951599 0.487187 0.095570 0.245945
0 0.621033 0.810739 0.146280 0.132464
0 0.101076 0.676734 0.078015 0.074617
0 0.007477 0.685510 0.014954 0.049070
0 0.506468 0.288219 0.038014 0.035534
0 0.696310 0.681390 0.236083 0.197741
0 0.296807 0.426541 0.027932 0.026481
0 0.719049 0.365566 0.032387 0.030761
0 0.595734 0.851936 0.212099 0.199144
0 0.607967 0.205585 0.045444 0.040312
0 0.304149 0.271993 0.069146 0.065539
0 0.146746 0.942842 0.026885 0.026050
0 0.570171 0.935736 0.059811 0.051981
0 0.793915 0.087188 0.080702 0.075661
0 0.431179 0.211335 0.030989 0.029445
0 0.957895 0.957930 0.084211 0.080040
0 0.142735 0.983604 0.058116 0.032792
0 0.318769 0.151981 0.279141 0.273080
0 0.786783 0.083776 0.103423 0.090877
0 0.289776 0.507652 0.060368 0.055534
0 0.006163 0.172276 0.012326 0.063081
0 0.732808 0.980252 0.029997 0.028180
0 0.799565 0.909821 0.077681 0.070921
0 0.325576 0.158114 0.031583 0.031495
0 0.817294 0.960845 0.027040 0.026009
0 0.127493 0.971449 0.034479 0.034613
0 0.370767 0.866589 0.043061 0.040810
0 0.438531 0.849763 0.036446 0.031408
0 0.024696 0.094990 0.045717 0.047072
0 0.133548 0.775555 0.030602 0.029063
0 0.488554 0.792463 0.055490 0.052825
0 0.389935 0.947667 0.031424 0.029119
0 0.438475 0.858460 0.045901 0.043907