0 0.883386 0.380772 0.110195 0.105505
0 0.384699 0.276417 0.066919 0.063840
0 0.327133 0.022188 0.043484 0.040445
0 0.787808 0.232748 0.042492 0.040195
0 0.922074 0.687419 0.049878 0.049038
0 0.820729 0.728417 0.034227 0.032951
0 0.482354 0.878731 0.033821 0.032908
0 0.355192 0.127817 0.043472 0.041957
0 0.355220 0.320216 0.030465 0.029107
0 0.265453 0.280061 0.027832 0.027116
0 0.090770 0.199868 0.029823 0.028935
0 0.011446 0.688604 0.022892 0.027058
0 0.636728 0.771184 0.027992 0.026840
0 0.377494 0.806027 0.030140 0.028643
0 0.193325 0.030173 0.027073 0.025360
0 0.903783 0.249858 0.028048 0.026698
0 0.464993 0.649439 0.030113 0.028076
0 0.751311 0.401603 0.029501 0.027175
0 0.438062 0.537146 0.025379 0.024074
0 0.455678 0.435859 0.024859 0.023349
0 0.395448 0.713506 0.026405 0.025237
0 0.693606 0.747656 0.064163 0.061345
0 0.830060 0.663680 0.023223 0.022938
0 0.046855 0.288212 0.025593 0.024314
0 0.011519 0.889673 0.022972 0.034685