0 0.903552 0.814915 0.046806 0.046614
0 0.523726 0.536200 0.089427 0.086156
0 0.883768 0.227465 0.045031 0.044583
0 0.592088 0.438542 0.044294 0.042774
0 0.382305 0.528839 0.042144 0.041003
0 0.710205 0.931516 0.032148 0.031639
0 0.043495 0.209195 0.032041 0.031165
0 0.443263 0.853158 0.029159 0.029052
0 0.405945 0.089086 0.362085 0.176253
0 0.258684 0.862094 0.032512 0.031753
0 0.833814 0.743107 0.029308 0.028221
0 0.535303 0.425180 0.155378 0.148728
0 0.820347 0.503193 0.043711 0.040723
0 0.214862 0.221160 0.030974 0.030487
0 0.759201 0.714431 0.033235 0.031845
0 0.566542 0.801829 0.067799 0.068557
0 0.088784 0.954602 0.028143 0.027367
0 0.625922 0.989293 0.026412 0.021314
0 0.835618 0.939554 0.083566 0.080602
0 0.679306 0.055501 0.216879 0.111002
0 0.349556 0.594119 0.085803 0.080685
0 0.394896 0.307464 0.247467 0.243247
0 0.120135 0.046652 0.020644 0.020588
0 0.370397 0.467208 0.056076 0.055525
0 0.428494 0.780519 0.027567 0.027060
0 0.352233 0.583443 0.076094 0.071346
0 0.436118 0.737061 0.123113 0.116726
0 0.474604 0.991866 0.046357 0.016243
0 0.531251 0.718906 0.068888 0.071876
0 0.151446 0.150352 0.023980 0.023576
0 0.983342 0.447360 0.023754 0.023267
0 0.827214 0.524048 0.024285 0.026052
0 0.765787 0.958069 0.034646 0.033158
0 0.717833 0.057241 0.307182 0.112244
0 0.992967 0.387401 0.014050 0.022426
0 0.904129 0.435560 0.025512 0.025258
0 0.209821 0.816581 0.033949 0.032830
0 0.571597 0.580203 0.029541 0.027989
0 0.811730 0.029069 0.114102 0.058138
0 0.145118 0.476275 0.062286 0.062645