0 0.677462 0.200575 0.342535 0.265539
0 0.706910 0.787404 0.081973 0.060241
0 0.501328 0.867894 0.053751 0.040766
0 0.432146 0.533117 0.041777 0.035358
0 0.030379 0.194002 0.060759 0.081279
0 0.711149 0.018956 0.041857 0.033504
0 0.162293 0.486253 0.035802 0.031401
0 0.702567 0.989826 0.053569 0.020166
0 0.094223 0.158620 0.035828 0.030015
0 0.787407 0.992800 0.044851 0.014400
0 0.517542 0.826809 0.032292 0.027859
0 0.108078 0.940311 0.037561 0.029648
0 0.093541 0.668838 0.054969 0.049324
0 0.948729 0.202609 0.100887 0.090219
0 0.551938 0.652673 0.032436 0.027994
0 0.902751 0.559923 0.194497 0.178510
0 0.087773 0.268021 0.089174 0.077356
0 0.613685 0.753329 0.672195 0.493343
0 0.922871 0.240678 0.071062 0.049588
0 0.182404 0.570928 0.048947 0.043346
0 0.615161 0.692993 0.592843 0.371945
0 0.930716 0.816897 0.138568 0.366207
0 0.319029 0.272334 0.029338 0.026976
0 0.588128 0.394308 0.056036 0.041912
0 0.525059 0.901353 0.046614 0.033752
0 0.359880 0.511930 0.143971 0.127870
0 0.720059 0.355115 0.119988 0.091983
0 0.892975 0.567838 0.167034 0.123747
0 0.037387 0.885611 0.027781 0.024242
0 0.533389 0.079992 0.087530 0.070044
0 0.087399 0.282052 0.066046 0.055595