0 0.462785 0.913489 0.096934 0.082823
0 0.284896 0.772000 0.050772 0.043266
0 0.191506 0.036624 0.109265 0.073249
0 0.266089 0.114285 0.142539 0.116926
0 0.405197 0.641638 0.170275 0.133835
0 0.455271 0.016937 0.059599 0.033397
0 0.386568 0.979567 0.045099 0.038879
0 0.882499 0.193600 0.094530 0.075815
0 0.831907 0.074734 0.047044 0.037861
0 0.836803 0.825155 0.075839 0.060413
0 0.691064 0.670858 0.115857 0.094852
0 0.743158 0.553929 0.102685 0.073239
0 0.631275 0.436323 0.096440 0.077805
0 0.391731 0.835205 0.054384 0.043515
0 0.553657 0.889187 0.038382 0.031852
0 0.665089 0.284616 0.081400 0.064785
0 0.591508 0.242573 0.109642 0.085034
0 0.382545 0.704530 0.066743 0.055398
0 0.836506 0.756242 0.056919 0.044051
0 0.547944 0.193354 0.087226 0.070184
0 0.794583 0.867055 0.086855 0.072383
0 0.184930 0.451246 0.070696 0.054766
0 0.848902 0.020625 0.076369 0.040852
0 0.625362 0.549547 0.064898 0.050577
0 0.447167 0.273634 0.077983 0.061336
0 0.646535 0.915509 0.109565 0.080701
0 0.273877 0.733723 0.030261 0.026278
0 0.613906 0.100192 0.061969 0.049048
0 0.049932 0.426915 0.099863 0.095714
0 0.365351 0.217443 0.125074 0.105079
0 0.541253 0.583379 0.070324 0.057665
0 0.648036 0.032743 0.048531 0.039280
0 0.417672 0.169083 0.076061 0.056171
0 0.829068 0.975487 0.103518 0.049025
0 0.948812 0.260524 0.102093 0.116842
0 0.475661 0.802942 0.089995 0.065861
0 0.673392 0.844949 0.085189 0.064696
0 0.879829 0.871381 0.091748 0.069273
0 0.855878 0.291817 0.095727 0.074654
0 0.083208 0.935351 0.029087 0.026270
0 0.412986 0.094311 0.086937 0.068522
0 0.971905 0.646503 0.056190 0.074630
0 0.620551 0.327962 0.049288 0.041735
0 0.991626 0.151847 0.016748 0.058753
0 0.298151 0.426167 0.163048 0.123578
0 0.553033 0.781147 0.056299 0.039715
0 0.634764 0.508861 0.066752 0.046542
0 0.327420 0.366686 0.242118 0.202625
0 0.845940 0.317480 0.056291 0.043071
0 0.947121 0.417667 0.105735 0.111488
0 0.532725 0.966453 0.093002 0.066759
0 0.483938 0.137645 0.056850 0.045050
0 0.249619 0.210061 0.110094 0.083680
0 0.677083 0.009691 0.066922 0.019272
0 0.133019 0.005741 0.040091 0.011482
0 0.970605 0.658805 0.058232 0.055691
0 0.551669 0.048165 0.144932 0.092534
0 0.798667 0.642675 0.120939 0.096718
0 0.279114 0.574025 0.031167 0.028162
0 0.991019 0.156203 0.017962 0.080527
0 0.159854 0.759062 0.028325 0.024873
0 0.929087 0.797681 0.107279 0.088892
0 0.470701 0.809460 0.067132 0.054083
0 0.581804 0.660465 0.070384 0.058553
0 0.851569 0.248981 0.065947 0.050244
0 0.977007 0.712834 0.045986 0.072321
0 0.844601 0.977217 0.072018 0.045565
0 0.974161 0.218486 0.051678 0.056889
0 0.321299 0.507518 0.057162 0.046108
0 0.846452 0.554288 0.073239 0.054405
0 0.039487 0.406264 0.078663 0.074199
0 0.851818 0.560750 0.055758 0.046207
0 0.045178 0.098725 0.090356 0.114366
0 0.968450 0.953202 0.047963 0.042674
0 0.803046 0.424974 0.136522 0.104503
0 0.803489 0.628008 0.123903 0.100848
0 0.895289 0.051559 0.034975 0.030549
0 0.586585 0.653601 0.065731 0.052899