0 0.323542 0.747928 0.113769 0.111628
0 0.571552 0.869811 0.037815 0.037582
0 0.983936 0.793707 0.029156 0.029679
0 0.185149 0.234625 0.021882 0.021644
0 0.144393 0.554943 0.036455 0.035597
0 0.015138 0.143551 0.019709 0.020436
0 0.120196 0.088007 0.021770 0.021719
0 0.018191 0.093217 0.017957 0.018105
0 0.043558 0.209873 0.017672 0.017558
0 0.558344 0.677615 0.042231 0.041518
0 0.154084 0.450785 0.036419 0.036093
0 0.624527 0.010616 0.067205 0.020866
0 0.569871 0.012720 0.041077 0.025024
0 0.405346 0.831247 0.028385 0.028259
0 0.770088 0.592391 0.016084 0.016101
0 0.993610 0.953498 0.012607 0.034210
0 0.821735 0.124823 0.028794 0.027766
0 0.565610 0.701371 0.033409 0.032421
0 0.962921 0.642345 0.016507 0.016596
0 0.735152 0.773484 0.019009 0.019465
0 0.990019 0.619344 0.019962 0.041451
0 0.472766 0.823838 0.023679 0.023176
0 0.675669 0.906774 0.041093 0.040189
0 0.445987 0.989936 0.021907 0.018828
0 0.980539 0.007038 0.032507 0.014077
0 0.573068 0.837428 0.020928 0.021193
0 0.201458 0.247749 0.017661 0.017777
0 0.347525 0.943427 0.026579 0.026026
0 0.096543 0.193072 0.016442 0.016365
0 0.293747 0.568910 0.035566 0.035207
0 0.536083 0.635929 0.043068 0.043340
0 0.972230 0.539370 0.018719 0.018594
0 0.677780 0.641329 0.039739 0.039346
0 0.973062 0.386750 0.052422 0.082694
0 0.939784 0.892088 0.022582 0.022211
0 0.878221 0.006468 0.034398 0.012738
0 0.968094 0.773717 0.018488 0.018932