0 0.245800 0.471606 0.351467 0.352972
0 0.392863 0.612215 0.041779 0.041761
0 0.563268 0.968263 0.052968 0.052615
0 0.623877 0.200571 0.037663 0.037064
0 0.775955 0.831829 0.036904 0.035620
0 0.843710 0.741313 0.032962 0.032269
0 0.436900 0.710319 0.034658 0.033758
0 0.479320 0.968609 0.031489 0.029736
0 0.488232 0.479497 0.027630 0.027837
0 0.627600 0.936502 0.034659 0.033156
0 0.768630 0.854291 0.027135 0.028915
0 0.088677 0.067598 0.026396 0.026209
0 0.026269 0.672283 0.048347 0.045176
0 0.043930 0.652078 0.038296 0.038003
0 0.956205 0.836268 0.027389 0.027420
0 0.074362 0.663399 0.026540 0.025474
0 0.768837 0.849681 0.030459 0.033249
0 0.654680 0.951654 0.034196 0.033384