0 0.832797 0.568185 0.040244 0.040102
0 0.915878 0.490402 0.039650 0.038603
0 0.504073 0.040381 0.042844 0.042701
0 0.873091 0.571726 0.049508 0.049538
0 0.455785 0.204170 0.040973 0.040936
0 0.430754 0.990279 0.037948 0.019085
0 0.185176 0.032838 0.026775 0.026353
0 0.412937 0.202727 0.029341 0.027014
0 0.743124 0.675325 0.031027 0.029413
0 0.683424 0.944304 0.026799 0.025899
0 0.994154 0.499024 0.011691 0.031979
0 0.572841 0.063850 0.044206 0.043136
0 0.153266 0.397009 0.026807 0.026141
0 0.839657 0.126972 0.025728 0.025702
0 0.662794 0.123287 0.028914 0.028902
0 0.992865 0.129792 0.014132 0.025271
0 0.552093 0.150604 0.026434 0.025913
0 0.899381 0.565994 0.023429 0.023075
0 0.360287 0.729432 0.024737 0.024648