0 0.768191 0.774104 0.042394 0.034038
0 0.711283 0.468499 0.049955 0.037892
0 0.721733 0.357492 0.034647 0.027808
0 0.223889 0.643634 0.041822 0.031255
0 0.054948 0.549117 0.041842 0.031890
0 0.590775 0.521897 0.095612 0.074405
0 0.167159 0.655668 0.035606 0.027388
0 0.020388 0.434353 0.040777 0.044325
0 0.936825 0.932667 0.036268 0.028344
0 0.832568 0.705900 0.076793 0.062582
0 0.012916 0.199687 0.025832 0.024219
0 0.362036 0.983432 0.043635 0.032439
0 0.770342 0.507408 0.056947 0.043615
0 0.470510 0.844457 0.053803 0.043162
0 0.972141 0.398907 0.027638 0.024432
0 0.719801 0.152209 0.557502 0.297949
0 0.332072 0.696007 0.029399 0.024045
0 0.057402 0.329020 0.072969 0.058153
0 0.934239 0.690756 0.130580 0.113617
0 0.385791 0.659378 0.029687 0.024531
0 0.824198 0.702209 0.060391 0.045923
0 0.011804 0.569481 0.023608 0.023312
0 0.698768 0.985305 0.046278 0.029391
0 0.248967 0.703581 0.033566 0.028316
0 0.099356 0.901778 0.196514 0.194517
0 0.017636 0.724712 0.035272 0.033257