0 0.822746 0.792819 0.048779 0.045333
0 0.224117 0.135614 0.057984 0.054788
0 0.171569 0.868621 0.022072 0.022118
0 0.040118 0.576585 0.028990 0.028058
0 0.665532 0.535110 0.038137 0.036410
0 0.949058 0.336321 0.045382 0.041673
0 0.873662 0.172732 0.042044 0.038981
0 0.609659 0.867821 0.028968 0.028067
0 0.801218 0.197896 0.039444 0.037650
0 0.402285 0.015781 0.033641 0.030974
0 0.927364 0.400841 0.033913 0.030542
0 0.278149 0.966079 0.023129 0.022979
0 0.272834 0.454835 0.034838 0.034029
0 0.758377 0.248755 0.063860 0.058689
0 0.959085 0.544919 0.035423 0.028860
0 0.173691 0.022710 0.028992 0.027912
0 0.223506 0.958074 0.022716 0.022744
0 0.295871 0.742673 0.028719 0.027136
0 0.312854 0.471614 0.075120 0.073271
0 0.638899 0.624982 0.028710 0.027815
0 0.769933 0.557935 0.029771 0.028179
0 0.580797 0.348250 0.029804 0.027820
0 0.289264 0.761867 0.023382 0.021857
0 0.665065 0.958291 0.030932 0.030526
0 0.752212 0.574928 0.028384 0.026084
0 0.617881 0.727875 0.023836 0.022377
0 0.236704 0.387443 0.038407 0.036902
0 0.328286 0.005797 0.027714 0.011244
0 0.567091 0.024446 0.326325 0.048892
0 0.035719 0.136284 0.034011 0.033600
0 0.611436 0.019094 0.201844 0.038189
0 0.170774 0.140152 0.049880 0.050617
0 0.322988 0.077479 0.038165 0.037518