0 0.861271 0.539069 0.061266 0.055418
0 0.101226 0.034222 0.055837 0.046984
0 0.169967 0.866951 0.048922 0.040668
0 0.437905 0.937543 0.134943 0.120755
0 0.259672 0.963281 0.051574 0.043298
0 0.440743 0.090261 0.034676 0.032186
0 0.907439 0.691664 0.046247 0.042409
0 0.562585 0.897083 0.043794 0.036969
0 0.447044 0.182645 0.043065 0.037887
0 0.460511 0.879418 0.049036 0.044176
0 0.976879 0.547272 0.046242 0.094665
0 0.236066 0.640186 0.076607 0.059995
0 0.952263 0.960500 0.052465 0.047569
0 0.891459 0.796397 0.044747 0.041779
0 0.848290 0.150340 0.297873 0.297811
0 0.571927 0.489589 0.615522 0.597579
0 0.863085 0.698102 0.033660 0.031500
0 0.969749 0.467676 0.031307 0.028965
0 0.114057 0.766041 0.035755 0.029629
0 0.506304 0.984089 0.069251 0.031822
0 0.360221 0.896407 0.036448 0.031904
0 0.162637 0.702968 0.041125 0.032240
0 0.588303 0.915897 0.043623 0.038092
0 0.143194 0.062105 0.035706 0.031308
0 0.222906 0.985206 0.055723 0.029587
0 0.895704 0.661827 0.031183 0.029900
0 0.078415 0.825873 0.035755 0.029844
0 0.881467 0.913112 0.059290 0.055525
0 0.371906 0.254513 0.168180 0.142184
0 0.881437 0.861739 0.032208 0.028856
0 0.201801 0.257310 0.049111 0.044926
0 0.669440 0.784909 0.075988 0.071292
0 0.556002 0.951447 0.033395 0.029198
0 0.117203 0.313050 0.170144 0.145587
0 0.905516 0.980065 0.088737 0.039871
0 0.006883 0.676988 0.013586 0.031164
0 0.919395 0.980441 0.061961 0.039118
0 0.563865 0.081762 0.322097 0.162992
0 0.062287 0.902975 0.123807 0.189397
0 0.119612 0.351336 0.102409 0.087983
0 0.541835 0.762921 0.072173 0.061298
0 0.942847 0.528606 0.044610 0.044973
0 0.408998 0.180713 0.218500 0.196527
0 0.129775 0.325181 0.138897 0.131873
0 0.928998 0.778553 0.034235 0.031913
0 0.681967 0.978135 0.319990 0.043518