0 0.491654 0.371260 0.225364 0.172363
0 0.588027 0.589996 0.190422 0.140990
0 0.921802 0.686028 0.119389 0.091163
0 0.356109 0.211937 0.151761 0.114818
0 0.741437 0.260578 0.102403 0.075751
0 0.643376 0.769445 0.072512 0.056704
0 0.614987 0.923638 0.278142 0.152724
0 0.774315 0.913633 0.074027 0.056106
0 0.102054 0.409595 0.070731 0.053529
0 0.798926 0.696383 0.069811 0.050853
0 0.294325 0.362231 0.185747 0.127891
0 0.057953 0.557661 0.115764 0.094969
0 0.625063 0.349053 0.047546 0.033166
0 0.404797 0.758985 0.138693 0.103347
0 0.645784 0.391430 0.091487 0.067434
0 0.674276 0.663348 0.187414 0.144390
0 0.201326 0.884151 0.053767 0.037684
0 0.962986 0.196147 0.047141 0.035981
0 0.295582 0.611306 0.092159 0.069267
0 0.085482 0.643104 0.071853 0.051093
0 0.413741 0.705304 0.043633 0.033641
0 0.977671 0.048988 0.043852 0.042719
0 0.167410 0.537984 0.086756 0.066726
0 0.517386 0.506981 0.193687 0.133819
0 0.234869 0.247803 0.093130 0.068784
0 0.664915 0.835535 0.045510 0.034121
0 0.048736 0.256121 0.097430 0.086104
0 0.908571 0.435117 0.056772 0.042713
0 0.856133 0.500166 0.066140 0.050278
0 0.928027 0.484275 0.073982 0.055684
0 0.846035 0.086731 0.140615 0.119617
0 0.935098 0.020804 0.056521 0.041492
0 0.796408 0.015894 0.096122 0.031684
0 0.239054 0.948777 0.038492 0.029930
0 0.163662 0.385676 0.073969 0.055936
0 0.681515 0.482948 0.158382 0.126452
0 0.267082 0.158653 0.070749 0.054677
0 0.780628 0.515294 0.080274 0.056982
0 0.457132 0.827420 0.054888 0.039402
0 0.034886 0.320661 0.069773 0.086613
0 0.155605 0.754973 0.311209 0.284537
0 0.243338 0.565420 0.035585 0.029798
0 0.887171 0.575610 0.182697 0.139878
0 0.125654 0.363192 0.069262 0.051178
0 0.980894 0.516264 0.035538 0.028516
0 0.500655 0.863036 0.057027 0.036798
0 0.263591 0.475309 0.094532 0.067594
0 0.147129 0.619468 0.065802 0.048104
0 0.363040 0.932265 0.042202 0.032753
0 0.540738 0.704088 0.095085 0.073070
0 0.743574 0.743404 0.041093 0.031957
0 0.033087 0.307925 0.066047 0.071060
0 0.738556 0.608681 0.046604 0.035989
0 0.659706 0.113026 0.032561 0.024254
0 0.401451 0.110055 0.031776 0.026117
0 0.686856 0.221724 0.041357 0.028031
0 0.973117 0.477850 0.053765 0.044016
0 0.952469 0.106913 0.094700 0.092019
0 0.539638 0.824520 0.031911 0.024707
0 0.126103 0.357908 0.058638 0.043124
0 0.375789 0.789011 0.064976 0.047683
0 0.940787 0.876742 0.117156 0.110592
0 0.178457 0.461311 0.054280 0.044725
0 0.243498 0.705619 0.082778 0.065290
0 0.523290 0.830160 0.039030 0.026990
0 0.451141 0.621204 0.382660 0.296497
0 0.541473 0.492575 0.142724 0.090056