0 0.635551 0.315115 0.108775 0.100942
0 0.514196 0.831702 0.060223 0.056253
0 0.046826 0.642282 0.043702 0.043226
0 0.062010 0.425212 0.069880 0.068260
0 0.858951 0.244381 0.062388 0.058446
0 0.135847 0.441398 0.068849 0.066184
0 0.517149 0.474068 0.052411 0.050363
0 0.189714 0.297863 0.082573 0.078255
0 0.534716 0.421382 0.054483 0.051794
0 0.975011 0.269494 0.049978 0.061483
0 0.947820 0.794402 0.046847 0.043339
0 0.360702 0.825409 0.034711 0.033640
0 0.244952 0.377565 0.032737 0.031485
0 0.127865 0.354039 0.134157 0.124495
0 0.294616 0.446051 0.036191 0.035769
0 0.518169 0.544079 0.070139 0.066688
0 0.062712 0.834401 0.054105 0.051586
0 0.906871 0.946002 0.036680 0.033738
0 0.626509 0.233350 0.034470 0.032063
0 0.920286 0.592533 0.035041 0.032682
0 0.963048 0.154424 0.055018 0.054509
0 0.982782 0.045228 0.034437 0.037560
0 0.438535 0.164453 0.200073 0.195071
0 0.746065 0.128763 0.451462 0.253752
0 0.662644 0.668140 0.171799 0.149866
0 0.727722 0.405526 0.085319 0.080519
0 0.353188 0.497822 0.045476 0.043164
0 0.909739 0.990705 0.051737 0.018553
0 0.854746 0.011366 0.055703 0.022626
0 0.425458 0.470243 0.055261 0.052367
0 0.477753 0.571204 0.033636 0.030629
0 0.442005 0.673705 0.050129 0.047708
0 0.808469 0.683171 0.033358 0.030380
0 0.925719 0.085691 0.061769 0.059025
0 0.943107 0.963642 0.057442 0.053722
0 0.355275 0.079925 0.073659 0.065177
0 0.179977 0.024365 0.099056 0.048364
0 0.017060 0.700319 0.033462 0.035595
0 0.129885 0.660895 0.029645 0.027508
0 0.597945 0.556658 0.028211 0.027494
0 0.689430 0.458408 0.039477 0.037831
0 0.297409 0.041548 0.140550 0.083096
0 0.989814 0.213557 0.020372 0.039230
0 0.032390 0.866826 0.039999 0.039479
0 0.214058 0.511088 0.028716 0.027326
0 0.137208 0.518773 0.054280 0.051602
0 0.246826 0.291095 0.031190 0.028961
0 0.465920 0.917418 0.025761 0.025335
0 0.040297 0.385715 0.046702 0.045224
0 0.522021 0.129418 0.041474 0.038127
0 0.474410 0.472837 0.038003 0.034809
0 0.651070 0.791775 0.100012 0.086149
0 0.719317 0.621070 0.025982 0.023648
0 0.631227 0.121627 0.038434 0.037216
0 0.005883 0.136894 0.011605 0.046230
0 0.418797 0.540536 0.029226 0.027546
0 0.079734 0.911597 0.049801 0.047313
0 0.902526 0.697908 0.079383 0.076930
0 0.007760 0.739205 0.015520 0.061532