0 0.581300 0.940099 0.153003 0.119316
0 0.077878 0.638711 0.060862 0.057853
0 0.156234 0.377355 0.093730 0.093460
0 0.209005 0.355844 0.281478 0.278427
0 0.285753 0.698254 0.096583 0.093585
0 0.865419 0.559469 0.036056 0.035068
0 0.957937 0.986948 0.041454 0.025905
0 0.739796 0.987112 0.039254 0.025706
0 0.636548 0.253377 0.141180 0.137153
0 0.876828 0.839506 0.184869 0.176561
0 0.604373 0.676665 0.034725 0.032421
0 0.744891 0.601352 0.034081 0.033483
0 0.113598 0.013322 0.101172 0.026309
0 0.722299 0.081996 0.396482 0.162270
0 0.753672 0.354248 0.033169 0.030973
0 0.888365 0.690509 0.107495 0.103000
0 0.715137 0.837559 0.031706 0.029247
0 0.238976 0.678929 0.030734 0.029986
0 0.414653 0.287860 0.033055 0.032153
0 0.405488 0.551257 0.032769 0.030314
0 0.484076 0.027183 0.046673 0.042423
0 0.816521 0.973389 0.117890 0.053223
0 0.041339 0.013759 0.057013 0.027350
0 0.434609 0.061168 0.029893 0.028378
0 0.541460 0.134586 0.031206 0.029205
0 0.711066 0.324574 0.039540 0.037656
0 0.531059 0.806363 0.068821 0.062866
0 0.911953 0.356261 0.176094 0.473134
0 0.603049 0.830560 0.036133 0.034689
0 0.430544 0.308171 0.028703 0.027822
0 0.752581 0.563258 0.039355 0.036396
0 0.347889 0.594540 0.057372 0.053676
0 0.420122 0.261259 0.029659 0.028433
0 0.887610 0.670159 0.084511 0.078595