0 0.647859 0.243480 0.066492 0.056662
0 0.224200 0.689255 0.055724 0.051452
0 0.105538 0.879043 0.042311 0.036317
0 0.020602 0.328505 0.040698 0.057689
0 0.850625 0.499191 0.047488 0.040290
0 0.273642 0.044797 0.052087 0.042033
0 0.269276 0.558440 0.041888 0.037887
0 0.602550 0.348537 0.036626 0.031897
0 0.193067 0.399114 0.031667 0.029641
0 0.386263 0.831677 0.049377 0.045047
0 0.887495 0.050612 0.034915 0.030411
0 0.329849 0.069504 0.029909 0.024602
0 0.810911 0.196337 0.032366 0.030508
0 0.545657 0.333005 0.028868 0.025424
0 0.565695 0.149683 0.033203 0.029568
0 0.242593 0.943206 0.030006 0.028043
0 0.716768 0.493692 0.031412 0.028574
0 0.314115 0.978971 0.035972 0.033250
0 0.202591 0.138807 0.027181 0.025278
0 0.568995 0.258794 0.036185 0.028882
0 0.905310 0.968438 0.032329 0.028988
0 0.847704 0.424861 0.026075 0.024654
0 0.187771 0.695833 0.028844 0.028578
0 0.057138 0.079711 0.030411 0.028030
0 0.499603 0.282667 0.025831 0.023814
0 0.845528 0.682179 0.027247 0.025277
0 0.009526 0.990582 0.019052 0.018769
0 0.755324 0.769282 0.044187 0.038176
0 0.395209 0.675542 0.029245 0.027460