0 0.699600 0.917085 0.125633 0.097547
0 0.581196 0.569035 0.063300 0.049409
0 0.477502 0.689066 0.171791 0.126540
0 0.518134 0.165333 0.051251 0.041433
0 0.608914 0.369990 0.058167 0.043112
0 0.740178 0.101372 0.057190 0.046135
0 0.052809 0.813708 0.081096 0.057186
0 0.419541 0.199642 0.042806 0.034871
0 0.349043 0.443442 0.058309 0.042648
0 0.427001 0.855051 0.038701 0.030956
0 0.558109 0.460103 0.043207 0.031699
0 0.461995 0.363022 0.079999 0.061737
0 0.800342 0.039815 0.044370 0.035104
0 0.679759 0.343763 0.078531 0.062938
0 0.603824 0.756581 0.165084 0.123627
0 0.787814 0.359569 0.075567 0.058799
0 0.383482 0.888859 0.076529 0.058693
0 0.136848 0.770226 0.046242 0.035342
0 0.775663 0.818439 0.045475 0.035292
0 0.926939 0.555842 0.146123 0.135367
0 0.457263 0.440365 0.044663 0.033758
0 0.902650 0.773338 0.038688 0.030601
0 0.240775 0.354237 0.039573 0.032327
0 0.579383 0.158960 0.039303 0.032147
0 0.727419 0.489834 0.086759 0.071449
0 0.665265 0.490879 0.074665 0.057600
0 0.275607 0.372658 0.036748 0.030393
0 0.265308 0.992172 0.044642 0.015656
0 0.063545 0.221604 0.037683 0.029424
0 0.722422 0.798760 0.125121 0.098078
0 0.676666 0.622599 0.036865 0.029962
0 0.911806 0.673442 0.045003 0.034065
0 0.378199 0.597509 0.095085 0.074396
0 0.174937 0.763104 0.037410 0.030404
0 0.096788 0.731530 0.061665 0.048408
0 0.137323 0.727711 0.050854 0.042040
0 0.374772 0.948784 0.036055 0.029173
0 0.200225 0.681664 0.043864 0.033242
0 0.940683 0.991840 0.052566 0.016320
0 0.962595 0.697719 0.073443 0.062378
0 0.682021 0.730825 0.041057 0.030883
0 0.057832 0.345203 0.068921 0.053371
0 0.191183 0.036974 0.038292 0.030252
0 0.977829 0.526335 0.032242 0.026216
0 0.978681 0.641682 0.042638 0.080453
0 0.134903 0.349603 0.070098 0.055329
0 0.979426 0.375280 0.041149 0.094720
0 0.819278 0.187958 0.081892 0.063129
0 0.485694 0.248880 0.043748 0.035671
0 0.882779 0.471416 0.050505 0.037570
0 0.211293 0.461892 0.159928 0.130606
0 0.841631 0.605449 0.078596 0.059112
0 0.278357 0.408996 0.036395 0.029525
0 0.581419 0.810807 0.053585 0.042631
0 0.504599 0.576864 0.164077 0.128048
0 0.311372 0.518480 0.139098 0.104248
0 0.975593 0.465004 0.048740 0.071111
0 0.346035 0.419745 0.036466 0.027078
0 0.424725 0.424847 0.043447 0.031966
0 0.724447 0.482333 0.075231 0.059472
0 0.401582 0.193358 0.672638 0.386715
0 0.569344 0.203296 0.036125 0.027156
0 0.383518 0.418079 0.037280 0.030160
0 0.566632 0.227994 0.036227 0.026740
0 0.892406 0.426830 0.039368 0.030547
0 0.018763 0.429328 0.037526 0.060450
0 0.226461 0.737280 0.036561 0.027846
0 0.948560 0.263180 0.042810 0.035054
0 0.954960 0.892211 0.087874 0.152516
0 0.340189 0.991642 0.049254 0.016629
0 0.213097 0.754170 0.045781 0.031172
0 0.013540 0.438067 0.027079 0.041158
0 0.490338 0.784817 0.075380 0.060852