0 0.524244 0.934262 0.094586 0.077354
0 0.957819 0.676739 0.067232 0.049544
0 0.097238 0.348346 0.050515 0.042884
0 0.812929 0.478736 0.043313 0.034690
0 0.047287 0.208687 0.041069 0.033456
0 0.675702 0.585042 0.036315 0.028425
0 0.371410 0.022781 0.033622 0.028289
0 0.853293 0.434503 0.029482 0.023921
0 0.354770 0.792803 0.032148 0.025265
0 0.348238 0.913584 0.036571 0.030911
0 0.619718 0.058933 0.044741 0.036940
0 0.160040 0.269805 0.027651 0.024087
0 0.140188 0.133045 0.040602 0.034797
0 0.569000 0.526555 0.033187 0.026100
0 0.818873 0.081421 0.026949 0.023171
0 0.496025 0.499473 0.027722 0.022921
0 0.323330 0.946657 0.066036 0.054408
0 0.988032 0.803558 0.023936 0.023385
0 0.990816 0.292835 0.018368 0.027916
0 0.672046 0.058599 0.025277 0.022422
0 0.612838 0.571128 0.030763 0.025294
0 0.722915 0.462997 0.034513 0.028042