0 0.086300 0.392402 0.062749 0.052915
0 0.883150 0.322038 0.059101 0.045454
0 0.834399 0.250493 0.041779 0.033319
0 0.426262 0.693924 0.032267 0.025665
0 0.972678 0.306995 0.044773 0.036271
0 0.979219 0.360583 0.041563 0.043997
0 0.948108 0.728732 0.055587 0.042436
0 0.905795 0.241029 0.037654 0.029356
0 0.195510 0.986057 0.053767 0.027885
0 0.528329 0.674803 0.061792 0.047591
0 0.025719 0.248440 0.043075 0.034378
0 0.884108 0.262733 0.034515 0.026313
0 0.984213 0.746173 0.031573 0.027583
0 0.082296 0.482771 0.040476 0.032394
0 0.548799 0.778892 0.038969 0.030122
0 0.985735 0.118958 0.028530 0.028379
0 0.947676 0.370619 0.028439 0.024431
0 0.501001 0.561906 0.033667 0.025545
0 0.445937 0.223365 0.048097 0.037622
0 0.521777 0.396087 0.030320 0.024879
0 0.304452 0.281257 0.190497 0.152905
0 0.500024 0.851215 0.029806 0.025155
0 0.642316 0.880185 0.072566 0.049301
0 0.277128 0.852025 0.194907 0.152531
0 0.467200 0.604340 0.046829 0.040814
0 0.462951 0.865867 0.065960 0.050137
0 0.303421 0.719561 0.024816 0.022038
0 0.177722 0.920635 0.024723 0.021321