0 0.826889 0.882984 0.136078 0.130016
0 0.498344 0.327492 0.071657 0.070557
0 0.620356 0.869978 0.060086 0.059475
0 0.547946 0.757291 0.079232 0.078986
0 0.290254 0.768287 0.080599 0.081873
0 0.882417 0.567830 0.059744 0.059169
0 0.299325 0.043251 0.093819 0.086502
0 0.373214 0.116239 0.135830 0.132827
0 0.678657 0.150550 0.082779 0.082812
0 0.213837 0.779238 0.036360 0.036328
0 0.941986 0.029626 0.066200 0.059253
0 0.047358 0.459443 0.057676 0.056151
0 0.505885 0.248788 0.052265 0.050360
0 0.703392 0.971582 0.054178 0.051072
0 0.771938 0.127381 0.038857 0.038707
0 0.981117 0.483370 0.037766 0.045723
0 0.066566 0.772631 0.049392 0.049076
0 0.336819 0.859378 0.040406 0.038796
0 0.124778 0.238572 0.062976 0.062055
0 0.530245 0.482238 0.055146 0.053182
0 0.655475 0.220892 0.055061 0.054909
0 0.475405 0.057946 0.049254 0.048013
0 0.762006 0.250687 0.088870 0.091726
0 0.233903 0.084498 0.053643 0.052841
0 0.238591 0.594540 0.034216 0.033842
0 0.041435 0.083351 0.034850 0.034282
0 0.453750 0.175735 0.060783 0.060052
0 0.076958 0.663533 0.035718 0.034722
0 0.226481 0.024340 0.078914 0.048570
0 0.672997 0.074608 0.052431 0.050657
0 0.790064 0.158886 0.031360 0.031199
0 0.719585 0.049211 0.041669 0.041050
0 0.879980 0.021881 0.067114 0.043762
0 0.881103 0.691825 0.048751 0.047924
0 0.015383 0.396023 0.030637 0.046478
0 0.338090 0.716851 0.050770 0.049142
0 0.864306 0.063520 0.032701 0.032708
0 0.757507 0.177528 0.040974 0.040046
0 0.881318 0.262297 0.032298 0.031589
0 0.390584 0.357212 0.029794 0.029582
0 0.946194 0.846950 0.078347 0.075900
0 0.379977 0.922476 0.072684 0.073541
0 0.639119 0.253118 0.037417 0.035759
0 0.172099 0.276697 0.065375 0.063020
0 0.235348 0.508973 0.047469 0.046334
0 0.984899 0.022032 0.030128 0.043445
0 0.554501 0.537334 0.084867 0.082275
0 0.976349 0.943748 0.046507 0.092168
0 0.067568 0.551869 0.134745 0.243068
0 0.977507 0.952545 0.044251 0.052547
0 0.320006 0.814789 0.029594 0.029676
0 0.982391 0.345492 0.035218 0.072290
0 0.828600 0.123470 0.033758 0.032841
0 0.236808 0.575996 0.235465 0.232399
0 0.374475 0.428151 0.029838 0.030194
0 0.029464 0.663499 0.054884 0.053811
0 0.354105 0.829717 0.033245 0.032761
0 0.638360 0.044543 0.046656 0.046791
0 0.184174 0.902416 0.349810 0.195168
0 0.351730 0.886171 0.026904 0.026454
0 0.890420 0.525369 0.025708 0.025187
0 0.313296 0.237537 0.040859 0.041320
0 0.121193 0.990771 0.034406 0.018458
0 0.878927 0.118561 0.048607 0.047220
0 0.573707 0.461449 0.071254 0.069080
0 0.581608 0.474462 0.046597 0.045626
0 0.554161 0.941332 0.269279 0.117337
0 0.154856 0.893661 0.032500 0.032455
0 0.136895 0.303570 0.025147 0.025309
0 0.481163 0.775955 0.027185 0.027127
0 0.188416 0.676592 0.040329 0.037963
0 0.165525 0.013662 0.046481 0.027324
0 0.260896 0.297912 0.085368 0.087788
0 0.139092 0.175790 0.261934 0.259488
0 0.016923 0.427496 0.029686 0.029147
0 0.302490 0.099103 0.092550 0.089727
0 0.472358 0.282396 0.044829 0.044083
0 0.553281 0.404816 0.076995 0.068902
0 0.100597 0.261555 0.025552 0.024834