0 0.143216 0.367881 0.066914 0.048445
0 0.220941 0.863928 0.353657 0.267388
0 0.516092 0.779532 0.076752 0.063979
0 0.141030 0.423891 0.044707 0.035422
0 0.141189 0.734138 0.087314 0.066975
0 0.706511 0.058569 0.106422 0.089489
0 0.870161 0.744029 0.043793 0.036312
0 0.481892 0.288261 0.065283 0.051316
0 0.446297 0.044908 0.063679 0.052697
0 0.095289 0.272681 0.087649 0.067214
0 0.935289 0.933236 0.045327 0.034970
0 0.023948 0.297469 0.039201 0.028813
0 0.031505 0.400314 0.051252 0.038694
0 0.046775 0.344644 0.086353 0.064816
0 0.716520 0.736447 0.036252 0.030828
0 0.305870 0.614607 0.036534 0.027879
0 0.071331 0.847785 0.028242 0.025538
0 0.033602 0.827216 0.029679 0.024061
0 0.704925 0.499629 0.032631 0.027379
0 0.856117 0.639016 0.028510 0.025245
0 0.178507 0.670818 0.053017 0.039561
0 0.837125 0.082185 0.066496 0.055323
0 0.327225 0.372876 0.049596 0.035639
0 0.050538 0.529215 0.028752 0.023391
0 0.407643 0.261214 0.048739 0.037125
0 0.032319 0.243026 0.064639 0.048518
0 0.258961 0.289555 0.070283 0.052634
0 0.007765 0.574100 0.015193 0.030066
0 0.135014 0.018773 0.035520 0.028404
0 0.624525 0.983855 0.047208 0.032289
0 0.876589 0.179288 0.058376 0.045045
0 0.301822 0.493123 0.048955 0.038131
0 0.424223 0.108171 0.033319 0.026326
0 0.083043 0.148665 0.034174 0.027722
0 0.577755 0.939337 0.050726 0.042117
0 0.056830 0.634929 0.078460 0.065003
0 0.360744 0.284096 0.071825 0.050996
0 0.234496 0.637407 0.030398 0.022590
0 0.055043 0.628260 0.070626 0.050066