0 0.757500 0.434725 0.239957 0.236169
0 0.329054 0.889943 0.055105 0.053067
0 0.907918 0.790328 0.079540 0.077745
0 0.756024 0.907780 0.052837 0.052816
0 0.146521 0.559692 0.044217 0.043411
0 0.976093 0.914878 0.047538 0.048963
0 0.431109 0.784518 0.046687 0.045502
0 0.864741 0.062287 0.132804 0.123267
0 0.781283 0.561259 0.046519 0.045329
0 0.739887 0.852383 0.038893 0.038436
0 0.371932 0.960436 0.048782 0.046912
0 0.899677 0.617781 0.034344 0.033776
0 0.235994 0.604044 0.040518 0.039338
0 0.088897 0.604838 0.031481 0.031151
0 0.598438 0.178189 0.037026 0.036376
0 0.235203 0.860823 0.035884 0.035341
0 0.534452 0.591653 0.031714 0.030755
0 0.755990 0.695082 0.051328 0.049657
0 0.974959 0.562774 0.049776 0.059887
0 0.168274 0.764645 0.031573 0.030996
0 0.585813 0.448850 0.035021 0.034228
0 0.703831 0.098899 0.041208 0.039691
0 0.364781 0.542194 0.030560 0.029252
0 0.051078 0.763240 0.037489 0.037597
0 0.040369 0.246522 0.028966 0.027492
0 0.858820 0.716330 0.048302 0.047265
0 0.793186 0.797901 0.051312 0.049651
0 0.731381 0.069222 0.043201 0.041229
0 0.490079 0.224920 0.038884 0.038481
0 0.811242 0.309830 0.033667 0.032488
0 0.510187 0.113506 0.042178 0.042172
0 0.384590 0.457572 0.029506 0.028888
0 0.060263 0.732525 0.036175 0.034908
0 0.267190 0.640448 0.026529 0.025728
0 0.408493 0.102784 0.029214 0.027784
0 0.092555 0.018298 0.070024 0.036474
0 0.566727 0.627800 0.059733 0.057902
0 0.860887 0.361573 0.027547 0.026325
0 0.782246 0.959494 0.031599 0.030763
0 0.837497 0.020531 0.076519 0.041062
0 0.447704 0.964466 0.140790 0.070555
0 0.676816 0.277983 0.030622 0.029326
0 0.509117 0.975573 0.037864 0.041250
0 0.907077 0.494379 0.040241 0.038204
0 0.148732 0.942285 0.293616 0.115431
0 0.049359 0.690110 0.039004 0.038641
0 0.572199 0.972478 0.026161 0.025172
0 0.490026 0.905485 0.034344 0.033665