0 0.493809 0.805003 0.193127 0.148761
0 0.371211 0.524206 0.149633 0.126007
0 0.894552 0.120444 0.136100 0.106150
0 0.092830 0.143981 0.054677 0.042696
0 0.156802 0.339695 0.051177 0.042003
0 0.402068 0.659499 0.040328 0.030402
0 0.725471 0.758079 0.056096 0.041134
0 0.536959 0.140006 0.036575 0.028770
0 0.428970 0.298184 0.080877 0.060329
0 0.427579 0.633661 0.036758 0.028767
0 0.844037 0.731878 0.035996 0.027997
0 0.409408 0.398637 0.036437 0.029387
0 0.750199 0.330944 0.035790 0.025866
0 0.136692 0.081388 0.042049 0.031605
0 0.204288 0.350531 0.042356 0.031764
0 0.431274 0.158587 0.069476 0.058908
0 0.740023 0.168178 0.037975 0.029523
0 0.583155 0.721754 0.153028 0.128848
0 0.660129 0.392557 0.135222 0.104393
0 0.577500 0.176428 0.038233 0.030233
0 0.304190 0.895086 0.031060 0.024723
0 0.961797 0.975328 0.030148 0.024726
0 0.529990 0.236295 0.037242 0.028765
0 0.338589 0.049772 0.348275 0.097287
0 0.946064 0.320233 0.101487 0.084698
0 0.223371 0.635020 0.245728 0.170119
0 0.810092 0.371060 0.034831 0.026609
0 0.568277 0.032294 0.092496 0.064589
0 0.989714 0.203482 0.020572 0.034826
0 0.593332 0.126118 0.031906 0.025832
0 0.042842 0.008918 0.055328 0.017836
0 0.017050 0.306675 0.034099 0.040511
0 0.915166 0.926942 0.169669 0.144812
0 0.517776 0.092429 0.046053 0.033067
0 0.381311 0.267070 0.037800 0.029670
0 0.028757 0.843143 0.035332 0.026660
0 0.027043 0.459483 0.054085 0.110790
0 0.054767 0.498718 0.042947 0.035590
0 0.602909 0.753386 0.071826 0.058433
0 0.147029 0.289092 0.042007 0.031292
0 0.212563 0.195820 0.033848 0.029988
0 0.261676 0.224511 0.040232 0.031521
0 0.441424 0.276294 0.048941 0.035183
0 0.631977 0.297962 0.031113 0.024034
0 0.078823 0.088686 0.030659 0.025858
0 0.251226 0.625548 0.200773 0.156684
0 0.120300 0.438242 0.088264 0.070067
0 0.884061 0.737252 0.038859 0.031918
0 0.204850 0.657075 0.249953 0.178425
0 0.660593 0.469390 0.030270 0.022536
0 0.207404 0.212594 0.030433 0.025261
0 0.977629 0.574257 0.044742 0.276635