0 0.858764 0.473230 0.163483 0.165504
0 0.476990 0.715557 0.082405 0.079886
0 0.220531 0.712704 0.106813 0.103874
0 0.556402 0.256609 0.271159 0.286465
0 0.558526 0.972065 0.038583 0.036463
0 0.917642 0.878638 0.052080 0.050843
0 0.229234 0.600065 0.034795 0.032923
0 0.600438 0.761899 0.029290 0.027916
0 0.743106 0.636024 0.030921 0.030202
0 0.436119 0.841763 0.080297 0.076465
0 0.223531 0.519666 0.028318 0.027830
0 0.129688 0.030221 0.031871 0.030731
0 0.660049 0.425991 0.027435 0.026759
0 0.907097 0.941984 0.025906 0.025777
0 0.458226 0.104592 0.136259 0.132504
0 0.647540 0.625393 0.030013 0.029932
0 0.689864 0.405401 0.040867 0.040409
0 0.252035 0.558757 0.029422 0.029338
0 0.890684 0.956478 0.021849 0.021157
0 0.572649 0.506218 0.070624 0.069662
0 0.270963 0.811480 0.024929 0.023841
0 0.835558 0.834033 0.024414 0.023679
0 0.888238 0.599698 0.075849 0.076669
0 0.888017 0.788700 0.045559 0.045501
0 0.837528 0.678545 0.023330 0.023630
0 0.973292 0.276174 0.053415 0.145611
0 0.711038 0.589205 0.024810 0.023725
0 0.670481 0.554704 0.089344 0.086604
0 0.740408 0.386605 0.075388 0.072556
0 0.293658 0.148883 0.028192 0.027415
0 0.651380 0.623976 0.034296 0.034099
0 0.836796 0.709341 0.068466 0.067297
0 0.965407 0.883249 0.021314 0.020453