0 0.515874 0.849415 0.107048 0.104992
0 0.274865 0.608629 0.051372 0.049069
0 0.040891 0.256918 0.039908 0.039320
0 0.156925 0.702014 0.046081 0.045068
0 0.476062 0.666671 0.043871 0.042919
0 0.789039 0.671398 0.036211 0.034972
0 0.761886 0.908278 0.055064 0.053668
0 0.915825 0.110926 0.031680 0.030718
0 0.816330 0.636952 0.032148 0.031056
0 0.264805 0.946479 0.033423 0.032792
0 0.033071 0.753569 0.033229 0.030930
0 0.108052 0.565860 0.033228 0.032610
0 0.019322 0.418366 0.038644 0.045299
0 0.881972 0.698140 0.035503 0.033678
0 0.049412 0.451946 0.050834 0.049522
0 0.880998 0.612456 0.033616 0.031234
0 0.535705 0.745173 0.053905 0.053748
0 0.052378 0.411659 0.034687 0.034249
0 0.870808 0.765657 0.028779 0.027935
0 0.847508 0.022036 0.074910 0.044014
0 0.680520 0.829387 0.045410 0.043715
0 0.434636 0.868293 0.071104 0.072845
0 0.795025 0.976692 0.052390 0.045915
0 0.522507 0.691512 0.062551 0.061369
0 0.089884 0.475906 0.032097 0.031422
0 0.899595 0.752447 0.034517 0.034524
0 0.017312 0.892005 0.027010 0.026596
0 0.704088 0.962536 0.030243 0.029922
0 0.385870 0.917759 0.053585 0.051115
0 0.044064 0.069692 0.023890 0.023632
0 0.949445 0.139921 0.051703 0.049966
0 0.011244 0.618584 0.022488 0.027876
0 0.194035 0.041998 0.026806 0.025523
0 0.363970 0.968556 0.028891 0.028531
0 0.724774 0.809824 0.044919 0.043484
0 0.009090 0.157157 0.018141 0.027606
0 0.972604 0.043267 0.026093 0.025841
0 0.963033 0.854831 0.057677 0.057997
0 0.144238 0.160336 0.032377 0.030913
0 0.421877 0.989361 0.027562 0.021069
0 0.106126 0.979013 0.048333 0.041051
0 0.043713 0.118919 0.027219 0.026485
0 0.757230 0.126541 0.239322 0.238237
0 0.665189 0.198937 0.428346 0.397875
0 0.028557 0.143387 0.027838 0.026233
0 0.983458 0.407399 0.033085 0.043485