0 0.327685 0.837619 0.311938 0.219031
0 0.747102 0.566546 0.089561 0.067768
0 0.283048 0.922294 0.040724 0.032445
0 0.093929 0.958254 0.056059 0.041382
0 0.059386 0.896477 0.091241 0.070270
0 0.193056 0.923381 0.119680 0.095705
0 0.034652 0.679873 0.035021 0.026857
0 0.743876 0.007407 0.035924 0.014764
0 0.131688 0.067220 0.067580 0.051862
0 0.471342 0.742099 0.076778 0.060197
0 0.478977 0.235347 0.089676 0.071790
0 0.416120 0.392059 0.366405 0.318556
0 0.697949 0.804725 0.052670 0.041932
0 0.232417 0.710242 0.072101 0.056691
0 0.893429 0.269191 0.033648 0.030953
0 0.405469 0.496147 0.094602 0.069594
0 0.854501 0.333409 0.063444 0.048107
0 0.254402 0.661252 0.090317 0.070544