0 0.228307 0.110379 0.186033 0.184490
0 0.600551 0.813997 0.086864 0.087334
0 0.538087 0.407902 0.101203 0.100834
0 0.414304 0.480106 0.055034 0.054580
0 0.319162 0.547909 0.058884 0.057313
0 0.386007 0.977105 0.040278 0.039552
0 0.876075 0.861989 0.087015 0.086641
0 0.217493 0.378264 0.037259 0.036585
0 0.473534 0.758584 0.076043 0.075432
0 0.175317 0.716299 0.054027 0.053522
0 0.907269 0.939611 0.057735 0.056865
0 0.242097 0.978478 0.038195 0.037479
0 0.882693 0.661312 0.036954 0.035848
0 0.896305 0.556814 0.030379 0.030911
0 0.538491 0.743732 0.031060 0.031130
0 0.476762 0.899628 0.033406 0.031870
0 0.832029 0.076680 0.060640 0.060467
0 0.805965 0.716785 0.039745 0.039541
0 0.903317 0.374908 0.030855 0.030560
0 0.604654 0.624079 0.044051 0.044356
0 0.583531 0.144090 0.036628 0.035196
0 0.766861 0.920272 0.057646 0.059061
0 0.810825 0.782206 0.029898 0.029521
0 0.254636 0.883168 0.034197 0.033767
0 0.932036 0.632617 0.051109 0.051124
0 0.419714 0.265204 0.104538 0.101648
0 0.663989 0.539273 0.055283 0.055604
0 0.121456 0.869543 0.026442 0.026479
0 0.219730 0.522418 0.029236 0.028067
0 0.519560 0.362556 0.045121 0.045477
0 0.706316 0.704528 0.029876 0.029603
0 0.986330 0.635342 0.027340 0.043412
0 0.907632 0.229922 0.031946 0.031418
0 0.471557 0.972907 0.026187 0.025840
0 0.536956 0.779359 0.055454 0.055618
0 0.798027 0.330847 0.034892 0.034688
0 0.022737 0.548255 0.045278 0.067666
0 0.251561 0.554137 0.036810 0.036879
0 0.015272 0.524280 0.030545 0.045251
0 0.302781 0.733987 0.223442 0.214365
0 0.646448 0.345427 0.060392 0.059869
0 0.266038 0.513239 0.038193 0.037431
0 0.685429 0.953395 0.047519 0.047063
0 0.322920 0.800909 0.047797 0.045660
0 0.895110 0.273686 0.026902 0.026639
0 0.638630 0.294770 0.043052 0.043824
0 0.828976 0.700065 0.027252 0.026904
0 0.077860 0.348062 0.037663 0.037843
0 0.855256 0.390546 0.045092 0.045331
0 0.093475 0.315500 0.051693 0.048502
0 0.932928 0.793565 0.028534 0.027998
0 0.654929 0.341263 0.043750 0.043450
0 0.986023 0.546328 0.027455 0.034032
0 0.046496 0.304621 0.053756 0.052590
0 0.949254 0.900872 0.027001 0.025914
0 0.058711 0.397235 0.037903 0.038376
0 0.160043 0.464590 0.047481 0.047814
0 0.184564 0.779730 0.037188 0.037137
0 0.952608 0.844311 0.071301 0.070885
0 0.847132 0.324000 0.027135 0.026785
0 0.281951 0.563384 0.023547 0.024195
0 0.086499 0.587214 0.027007 0.026915
0 0.041444 0.690843 0.075978 0.076015
0 0.627120 0.656590 0.044020 0.043280
0 0.076420 0.980140 0.046236 0.039719
0 0.755423 0.271682 0.028384 0.027520
0 0.051206 0.305517 0.043928 0.042906
0 0.947970 0.701007 0.026142 0.026303