0 0.570298 0.374358 0.031820 0.030313
0 0.379837 0.983763 0.049904 0.032474
0 0.034032 0.310000 0.060041 0.059488
0 0.591843 0.715728 0.027139 0.026719
0 0.153458 0.013330 0.045769 0.026415
0 0.103653 0.839855 0.047286 0.047041
0 0.323209 0.163985 0.027818 0.027079
0 0.171736 0.862291 0.050574 0.050048
0 0.183415 0.611052 0.042901 0.042661
0 0.632874 0.981913 0.043871 0.036173
0 0.733330 0.366224 0.075972 0.074335
0 0.586029 0.031943 0.043173 0.041185
0 0.554596 0.460361 0.055236 0.051071
0 0.112697 0.923013 0.033552 0.032048
0 0.072398 0.923616 0.035995 0.034392
0 0.039525 0.342772 0.035898 0.034791
0 0.312765 0.739282 0.062168 0.062280
0 0.873148 0.308787 0.236074 0.223686
0 0.665899 0.686317 0.585816 0.571196
0 0.304825 0.670589 0.042272 0.041279
0 0.410833 0.874858 0.043275 0.042479
0 0.117103 0.948461 0.042526 0.042210
0 0.611328 0.955615 0.051498 0.048555
0 0.183807 0.383438 0.042114 0.041914
0 0.913341 0.460544 0.082604 0.079229
0 0.598885 0.086258 0.067087 0.062891
0 0.255090 0.302497 0.056894 0.055122
0 0.645365 0.116507 0.053208 0.051498
0 0.940340 0.798388 0.048281 0.047126
0 0.980225 0.575084 0.039550 0.043139
0 0.055652 0.447547 0.041318 0.040705
0 0.864446 0.496452 0.037867 0.037733
0 0.385935 0.712781 0.042618 0.039644
0 0.676809 0.990200 0.042804 0.019551
0 0.496690 0.097700 0.063050 0.059904
0 0.816179 0.595653 0.173557 0.164983
0 0.033906 0.920349 0.030165 0.029721
0 0.523627 0.250673 0.062982 0.061472
0 0.660738 0.962659 0.029982 0.029401
0 0.501360 0.908555 0.041585 0.040823
0 0.802160 0.416209 0.064456 0.064959
0 0.126179 0.088482 0.070392 0.068875
0 0.041740 0.787974 0.050218 0.051422
0 0.085526 0.749503 0.048104 0.048599