0 0.582452 0.704050 0.157125 0.155142
0 0.463374 0.249554 0.057674 0.055819
0 0.687709 0.769510 0.043239 0.042183
0 0.674764 0.344126 0.029497 0.029055
0 0.324818 0.282643 0.034798 0.033814
0 0.752991 0.570112 0.032178 0.032039
0 0.176082 0.115376 0.041093 0.039746
0 0.890337 0.249375 0.048229 0.046735
0 0.347944 0.745129 0.029722 0.029806
0 0.050523 0.214639 0.031576 0.029908
0 0.446369 0.087104 0.030434 0.029749
0 0.740609 0.970543 0.068092 0.058913
0 0.744385 0.543221 0.050282 0.047619
0 0.988747 0.822342 0.022104 0.035204
0 0.551103 0.918924 0.028562 0.028327
0 0.512677 0.753330 0.027549 0.026848
0 0.876267 0.861417 0.028584 0.028293
0 0.378552 0.276756 0.025974 0.026131
0 0.650928 0.120145 0.026158 0.025664
0 0.513220 0.063910 0.029058 0.028449
0 0.939011 0.621404 0.027257 0.026958
0 0.389800 0.213947 0.025472 0.024921
0 0.294553 0.396267 0.026091 0.025694
0 0.483860 0.725694 0.027532 0.026790
0 0.461745 0.899899 0.027745 0.027358
0 0.272917 0.858772 0.023579 0.023490
0 0.566708 0.600413 0.025032 0.024759
0 0.763061 0.234041 0.025834 0.025462
0 0.778062 0.301845 0.047216 0.045871
0 0.821752 0.333526 0.056014 0.053397
0 0.010649 0.722972 0.021299 0.029736
0 0.272294 0.217899 0.023448 0.023774
0 0.311404 0.096326 0.024483 0.023801
0 0.909682 0.111413 0.069688 0.069996
0 0.225903 0.414287 0.025343 0.025253
0 0.224313 0.283751 0.030177 0.029479