0 0.139260 0.138151 0.215578 0.217206
0 0.838021 0.773716 0.087334 0.086026
0 0.153313 0.610843 0.218648 0.208399
0 0.580350 0.251353 0.053334 0.052051
0 0.321481 0.940498 0.176385 0.119003
0 0.521271 0.274069 0.072988 0.072133
0 0.720923 0.895818 0.077609 0.075459
0 0.525886 0.828560 0.074425 0.069897
0 0.636793 0.630717 0.041432 0.038564
0 0.614389 0.973763 0.052242 0.048083
0 0.385279 0.708598 0.118775 0.112099
0 0.607875 0.682631 0.045896 0.045200
0 0.024928 0.445609 0.049856 0.064351
0 0.733596 0.184376 0.057690 0.057798
0 0.083887 0.844524 0.076928 0.073462
0 0.509949 0.984280 0.043679 0.031324
0 0.556051 0.350831 0.036084 0.035641
0 0.365982 0.643618 0.100220 0.094355
0 0.253152 0.797817 0.033587 0.031461
0 0.331812 0.789494 0.064822 0.062578
0 0.270672 0.649528 0.095630 0.089807
0 0.580284 0.897534 0.083982 0.079661
0 0.325203 0.167883 0.054510 0.053231
0 0.762738 0.811468 0.032137 0.031596
0 0.787460 0.080268 0.043949 0.043011
0 0.471619 0.174090 0.060811 0.058825
0 0.444153 0.232881 0.053793 0.049457
0 0.915850 0.138727 0.028991 0.028866
0 0.501819 0.873097 0.070629 0.066326
0 0.040905 0.691852 0.081810 0.088656
0 0.299929 0.588718 0.059414 0.053576
0 0.275261 0.143154 0.059420 0.059013
0 0.991219 0.164959 0.017562 0.047114
0 0.146549 0.506442 0.047439 0.042522
0 0.837759 0.207012 0.029167 0.029390
0 0.738084 0.633467 0.042193 0.038835
0 0.339756 0.148067 0.033648 0.031989
0 0.766048 0.165799 0.038295 0.037299
0 0.762447 0.371988 0.041467 0.038411
0 0.366822 0.043975 0.030439 0.029257
0 0.688244 0.432276 0.030176 0.029958
0 0.096560 0.465964 0.041118 0.037339
0 0.443054 0.832560 0.076064 0.073328
0 0.426884 0.456864 0.028652 0.028127
0 0.913125 0.648208 0.079599 0.075843
0 0.779954 0.269036 0.212391 0.208644
0 0.625749 0.336456 0.027175 0.026599
0 0.477663 0.492406 0.084413 0.080008
0 0.634140 0.466944 0.256087 0.249593
0 0.707100 0.349110 0.030512 0.030082
0 0.356301 0.941371 0.255885 0.117257
0 0.532370 0.100630 0.032883 0.032203
0 0.022815 0.815494 0.045629 0.072563
0 0.978901 0.101748 0.042128 0.050821
0 0.982136 0.808697 0.035636 0.234820
0 0.861957 0.515421 0.181269 0.178490
0 0.895721 0.992060 0.037179 0.015880
0 0.807108 0.146475 0.054436 0.054187
0 0.709128 0.604400 0.036193 0.035439
0 0.466930 0.403369 0.061905 0.058051
0 0.480570 0.596063 0.068657 0.067421
0 0.978383 0.333601 0.042720 0.102405