0 0.383322 0.866835 0.072689 0.061170
0 0.174146 0.934690 0.059046 0.044886
0 0.170572 0.296714 0.153594 0.126070
0 0.546426 0.433328 0.071374 0.057478
0 0.039420 0.915599 0.047466 0.037614
0 0.309619 0.307299 0.052781 0.041816
0 0.679270 0.468738 0.043837 0.035566
0 0.354732 0.447528 0.045606 0.036084
0 0.501796 0.674956 0.042819 0.033177
0 0.715398 0.567056 0.045944 0.038134
0 0.481194 0.233190 0.064095 0.046726
0 0.128124 0.786085 0.037754 0.030859
0 0.442621 0.413992 0.053294 0.040325
0 0.090295 0.828676 0.053230 0.041030
0 0.329318 0.686113 0.043885 0.032166
0 0.470084 0.446102 0.046417 0.037138
0 0.283530 0.118381 0.038559 0.030959
0 0.293449 0.478893 0.050127 0.040023
0 0.711746 0.802467 0.032213 0.028832
0 0.895020 0.166769 0.071957 0.065449
0 0.386260 0.178102 0.037484 0.029417
0 0.924648 0.473866 0.030439 0.025365
0 0.971369 0.103127 0.032634 0.027404
0 0.985612 0.763307 0.028776 0.027872
0 0.813994 0.021258 0.028104 0.024444
0 0.536158 0.745990 0.052914 0.043204
0 0.683529 0.300568 0.031326 0.026006
0 0.134683 0.865681 0.030806 0.025109
0 0.345634 0.503633 0.046017 0.036756
0 0.495240 0.324646 0.030919 0.025305
0 0.325312 0.047662 0.044586 0.034200
0 0.178125 0.499747 0.030761 0.026498
0 0.775154 0.268419 0.028644 0.024568
0 0.466732 0.725197 0.032641 0.026839
0 0.011901 0.006601 0.023802 0.012473
0 0.463576 0.679286 0.031592 0.026111
0 0.941072 0.345379 0.027876 0.023942
0 0.210946 0.609941 0.060957 0.048112
0 0.225379 0.911860 0.028146 0.022696
0 0.498620 0.477358 0.044239 0.031280
0 0.831263 0.541792 0.032149 0.028043
0 0.429480 0.542480 0.028304 0.022781
0 0.630326 0.558024 0.028214 0.024288
0 0.691679 0.865770 0.031139 0.028754
0 0.668053 0.016627 0.027261 0.023135
0 0.864606 0.517269 0.042098 0.035341
0 0.230793 0.472031 0.037090 0.030186
0 0.419032 0.298101 0.030356 0.024824
0 0.013114 0.776600 0.026227 0.021827
0 0.903146 0.500576 0.035780 0.029309
0 0.032734 0.012351 0.028427 0.022192