0 0.138337 0.544482 0.149712 0.146918
0 0.041553 0.633663 0.083107 0.100203
0 0.107695 0.286983 0.110772 0.107003
0 0.937331 0.044698 0.059649 0.059927
0 0.260833 0.423636 0.060375 0.059919
0 0.545143 0.320727 0.113705 0.113046
0 0.606646 0.152636 0.064717 0.066757
0 0.198582 0.107084 0.039858 0.039612
0 0.015326 0.481085 0.030651 0.030525
0 0.936042 0.825792 0.048980 0.048137
0 0.653736 0.035355 0.087719 0.070650
0 0.891596 0.273234 0.035667 0.034387
0 0.025784 0.917279 0.035724 0.035166
0 0.247083 0.976731 0.039779 0.040775
0 0.590933 0.902841 0.033418 0.033186
0 0.114735 0.986376 0.033689 0.027227
0 0.038621 0.496470 0.028534 0.027582
0 0.771802 0.396305 0.036544 0.036175
0 0.633240 0.441933 0.050033 0.049723
0 0.377390 0.613708 0.026605 0.027195
0 0.738858 0.188877 0.028726 0.028160
0 0.378589 0.960790 0.083757 0.077765
0 0.787386 0.343941 0.091591 0.086884
0 0.948638 0.696476 0.026499 0.027910
0 0.989553 0.765133 0.020719 0.030721
0 0.134237 0.129810 0.032525 0.031778
0 0.863269 0.243215 0.027760 0.027790
0 0.218716 0.668216 0.044216 0.043843
0 0.782193 0.516379 0.238473 0.233132
0 0.120694 0.714437 0.138033 0.146014
0 0.864655 0.425995 0.036548 0.036112
0 0.662081 0.990546 0.026484 0.018908
0 0.746538 0.379981 0.045940 0.046238
0 0.772573 0.617483 0.026464 0.027033
0 0.391037 0.021303 0.091940 0.042571
0 0.476106 0.930444 0.030078 0.030640
0 0.098992 0.940894 0.028545 0.027728
0 0.583653 0.472286 0.030988 0.030242
0 0.934294 0.677649 0.026480 0.025878
0 0.629646 0.843929 0.034143 0.034284
0 0.798403 0.345067 0.073204 0.075478
0 0.007515 0.231036 0.015030 0.029980
0 0.533713 0.758405 0.026295 0.026140
0 0.709770 0.705581 0.041978 0.039277
0 0.081327 0.851468 0.145567 0.136968
0 0.412955 0.625846 0.047610 0.048038
0 0.105218 0.390294 0.066240 0.064412
0 0.085281 0.863320 0.024967 0.024240
0 0.619917 0.527828 0.035494 0.034758
0 0.179556 0.986416 0.028834 0.027168
0 0.969545 0.650132 0.026949 0.026277
0 0.131764 0.214160 0.031457 0.031148
0 0.688010 0.295326 0.036035 0.035730
0 0.162672 0.321346 0.100719 0.097421
0 0.965069 0.231273 0.069862 0.087670
0 0.573704 0.259395 0.060752 0.059261
0 0.753067 0.641941 0.029755 0.028780
0 0.705360 0.700096 0.049118 0.049540
0 0.457675 0.695889 0.122713 0.117574
0 0.549510 0.709038 0.026941 0.026906
0 0.283881 0.016719 0.039101 0.033327