0 0.397444 0.172929 0.178745 0.174475
0 0.432754 0.441979 0.060969 0.060646
0 0.684440 0.547864 0.074797 0.074823
0 0.742968 0.365895 0.051461 0.050791
0 0.118726 0.044121 0.146572 0.088086
0 0.026330 0.112881 0.052660 0.070232
0 0.263267 0.085001 0.063150 0.061883
0 0.501903 0.681608 0.050075 0.050532
0 0.449826 0.910218 0.044188 0.043430
0 0.217947 0.616964 0.035428 0.034450
0 0.300826 0.976906 0.039603 0.039763
0 0.302373 0.561417 0.035555 0.034663
0 0.070684 0.382176 0.036068 0.036171
0 0.901912 0.642023 0.034919 0.034561
0 0.853593 0.982425 0.054272 0.035151
0 0.919411 0.543004 0.050437 0.048033
0 0.769006 0.892111 0.034842 0.034101
0 0.578546 0.476890 0.032787 0.032860
0 0.467181 0.661355 0.039017 0.038477
0 0.556904 0.852139 0.053021 0.052681
0 0.767761 0.526139 0.039741 0.039551
0 0.661662 0.175740 0.038480 0.037620
0 0.549875 0.122460 0.046805 0.046231
0 0.117397 0.108083 0.035538 0.034496
0 0.342815 0.872212 0.033129 0.032710
0 0.040363 0.640381 0.054070 0.054632
0 0.096765 0.502550 0.050662 0.048928
0 0.828596 0.592070 0.063434 0.061410
0 0.738215 0.884195 0.031618 0.030246
0 0.701592 0.485012 0.029931 0.030236
0 0.515165 0.009473 0.040417 0.018946
0 0.705782 0.708418 0.030303 0.029570
0 0.415044 0.885388 0.035380 0.035306
0 0.834007 0.338856 0.050047 0.047930
0 0.769373 0.739040 0.138018 0.132062
0 0.677946 0.683320 0.036650 0.035816
0 0.032347 0.709482 0.043171 0.042288
0 0.196174 0.830859 0.034528 0.035014
0 0.875164 0.759785 0.029482 0.028724
0 0.640110 0.764661 0.030404 0.029627
0 0.103277 0.417622 0.028276 0.027997
0 0.983713 0.123063 0.032574 0.078908
0 0.856779 0.054329 0.035909 0.035059
0 0.098884 0.029914 0.025375 0.026162
0 0.973042 0.369704 0.029651 0.030571
0 0.871868 0.818394 0.059087 0.057550
0 0.109805 0.713123 0.037287 0.036067
0 0.175319 0.321649 0.208232 0.195474
0 0.390902 0.959193 0.038237 0.037429
0 0.509913 0.646003 0.039469 0.039015
0 0.670680 0.709530 0.032367 0.031298
0 0.936085 0.453415 0.080322 0.080013
0 0.657305 0.012698 0.052133 0.025030
0 0.145954 0.528492 0.038574 0.037959
0 0.679761 0.799033 0.027245 0.026656
0 0.603499 0.019010 0.048989 0.038020
0 0.486637 0.496584 0.026215 0.025840
0 0.530530 0.271744 0.089735 0.088028
0 0.497107 0.182906 0.026121 0.026087
0 0.539371 0.750785 0.029460 0.028219
0 0.011086 0.208526 0.022171 0.040735
0 0.991511 0.847638 0.016977 0.060057
0 0.931964 0.931234 0.135210 0.137533
0 0.385147 0.095065 0.028805 0.028337
0 0.563158 0.372270 0.028014 0.028021
0 0.374816 0.595001 0.077799 0.076678
0 0.987200 0.045193 0.025601 0.028986
0 0.648739 0.085264 0.203481 0.170528
0 0.057781 0.587704 0.037433 0.036661
0 0.603127 0.946572 0.039302 0.037386
0 0.698022 0.594812 0.026752 0.026864
0 0.793612 0.984541 0.062529 0.030917
0 0.012531 0.775035 0.024810 0.028524
0 0.535247 0.379899 0.025488 0.025850
0 0.683623 0.964193 0.072980 0.071614
0 0.752734 0.195466 0.129467 0.121549
0 0.198895 0.363672 0.025903 0.026822
0 0.262035 0.671684 0.033911 0.033808
0 0.929708 0.795376 0.075170 0.072385
0 0.894588 0.039242 0.043806 0.042852
0 0.771807 0.300400 0.083428 0.083628
0 0.638561 0.330554 0.123562 0.115886
0 0.812205 0.879500 0.061302 0.059305
0 0.041325 0.874580 0.026936 0.026603
0 0.369029 0.502388 0.026188 0.026411
0 0.329171 0.989616 0.031188 0.020767