0 0.032381 0.893330 0.061936 0.062095
0 0.941547 0.877048 0.116093 0.197232
0 0.606765 0.969539 0.035359 0.034871
0 0.539066 0.594598 0.044310 0.041899
0 0.492798 0.178376 0.033018 0.032866
0 0.551228 0.095753 0.030196 0.030307
0 0.827061 0.040320 0.038554 0.038245
0 0.740787 0.552831 0.023556 0.024089
0 0.272620 0.248789 0.035833 0.034439
0 0.933170 0.191004 0.037066 0.036158
0 0.609887 0.493709 0.025605 0.025383
0 0.377630 0.202057 0.030336 0.030171
0 0.674130 0.026481 0.029294 0.028508
0 0.580305 0.163848 0.033309 0.033278
0 0.364884 0.758626 0.030318 0.029593
0 0.468939 0.434307 0.080026 0.078002
0 0.563384 0.822992 0.320098 0.317134
0 0.667817 0.610954 0.021307 0.021255
0 0.117088 0.560460 0.086854 0.086273
0 0.266995 0.214285 0.032356 0.032527
0 0.339195 0.915320 0.034456 0.035114
0 0.056479 0.744679 0.029663 0.029088
0 0.627149 0.256224 0.120371 0.119412
0 0.342282 0.090020 0.028989 0.028762
0 0.695964 0.737638 0.026429 0.026361
0 0.938168 0.161641 0.028270 0.028517
0 0.146855 0.859870 0.152731 0.150772
0 0.393755 0.105959 0.025534 0.025142
0 0.632781 0.544834 0.023047 0.023323
0 0.637574 0.865708 0.020928 0.021049
0 0.743451 0.693533 0.068872 0.070480
0 0.214815 0.291384 0.027765 0.027093
0 0.056887 0.343179 0.028348 0.028710
0 0.272801 0.120336 0.031697 0.031414
0 0.209762 0.959080 0.133416 0.081840
0 0.849199 0.591446 0.017634 0.017598
0 0.834021 0.117568 0.113558 0.118000
0 0.115631 0.809932 0.059963 0.055154
0 0.096122 0.974929 0.094150 0.050143