0 0.113607 0.160203 0.034279 0.033798
0 0.423303 0.345999 0.043453 0.041665
0 0.025924 0.159246 0.031917 0.032217
0 0.353190 0.951156 0.096997 0.090794
0 0.463744 0.327955 0.036209 0.035624
0 0.346172 0.879371 0.039239 0.037811
0 0.958880 0.767567 0.080615 0.083889
0 0.917116 0.044379 0.030252 0.030100
0 0.052530 0.012602 0.036347 0.024918
0 0.418673 0.719837 0.032347 0.031630
0 0.172188 0.886477 0.085965 0.078493
0 0.225328 0.969944 0.172061 0.060112
0 0.199429 0.969557 0.118545 0.060476
0 0.086383 0.158562 0.023672 0.023740
0 0.268389 0.018421 0.026973 0.026231
0 0.273889 0.980008 0.085792 0.039935
0 0.149203 0.080443 0.020963 0.020928
0 0.425396 0.978702 0.078942 0.042153
0 0.739093 0.309052 0.521813 0.618104
0 0.743216 0.939777 0.080438 0.070958
0 0.733130 0.963031 0.105962 0.073705
0 0.231739 0.978015 0.204424 0.043969
0 0.442653 0.575484 0.025079 0.024241
0 0.222028 0.792648 0.076625 0.070959
0 0.123420 0.195669 0.021891 0.021165
0 0.879595 0.772165 0.088869 0.085419
0 0.750675 0.235862 0.498651 0.467474
0 0.005122 0.053528 0.010017 0.035779
0 0.138665 0.308055 0.022850 0.022444
0 0.127996 0.179837 0.019761 0.020314