0 0.135970 0.886049 0.055828 0.054323
0 0.247543 0.625933 0.219223 0.216574
0 0.806496 0.886879 0.039351 0.038170
0 0.099266 0.134747 0.036091 0.035463
0 0.924178 0.422549 0.044074 0.043098
0 0.955223 0.397772 0.049699 0.050270
0 0.141859 0.470639 0.282325 0.357572
0 0.403130 0.576471 0.030505 0.029799
0 0.965765 0.425795 0.039750 0.040002
0 0.025619 0.217403 0.051238 0.055580
0 0.603150 0.729251 0.087865 0.086073
0 0.841767 0.407105 0.031272 0.031328
0 0.814430 0.279951 0.036737 0.035667
0 0.461079 0.827583 0.092318 0.091217
0 0.494601 0.558987 0.027465 0.027583
0 0.866147 0.835096 0.027049 0.027036
0 0.391191 0.730044 0.025705 0.025653
0 0.009196 0.265214 0.018393 0.083010
0 0.548285 0.201804 0.087595 0.084391
0 0.716878 0.982011 0.024196 0.024875
0 0.146523 0.499980 0.025843 0.024844
0 0.862498 0.282646 0.027255 0.026920
0 0.798078 0.252386 0.027848 0.027057
0 0.986960 0.931521 0.024047 0.024230
0 0.121668 0.618903 0.061243 0.060454
0 0.848368 0.262023 0.027880 0.028178
0 0.429224 0.550873 0.025758 0.025735
0 0.788284 0.049999 0.046719 0.045941
0 0.982570 0.460102 0.034126 0.037909
0 0.555775 0.202783 0.071572 0.069725
0 0.284708 0.470092 0.075492 0.073411
0 0.469305 0.492770 0.027456 0.026965
0 0.699962 0.008249 0.031589 0.016497
0 0.007212 0.180422 0.014286 0.035878
0 0.736914 0.218728 0.043772 0.041191
0 0.564873 0.687296 0.090239 0.086080
0 0.623924 0.986133 0.051752 0.027734