0 0.149825 0.661201 0.236443 0.213055
0 0.841829 0.091253 0.087841 0.079268
0 0.726486 0.205660 0.058084 0.054644
0 0.296782 0.545793 0.183411 0.172071
0 0.227824 0.038268 0.096577 0.076487
0 0.467833 0.267618 0.058933 0.055856
0 0.328295 0.281643 0.180313 0.165272
0 0.592934 0.826639 0.091431 0.083781
0 0.757571 0.755758 0.059208 0.051859
0 0.645930 0.279397 0.039803 0.038033
0 0.568514 0.508034 0.179147 0.156169
0 0.712357 0.645611 0.052343 0.048939
0 0.060801 0.454325 0.048335 0.043143
0 0.909041 0.957250 0.052558 0.046879
0 0.594681 0.428532 0.173808 0.158425
0 0.770960 0.160759 0.078584 0.074071
0 0.121658 0.857558 0.035424 0.030517
0 0.858086 0.485999 0.030105 0.028744
0 0.682817 0.024815 0.134493 0.049361
0 0.078163 0.929755 0.156327 0.140490
0 0.780974 0.506509 0.032671 0.030271
0 0.797732 0.606864 0.047060 0.042901
0 0.584012 0.115209 0.072760 0.068394
0 0.698256 0.613074 0.040833 0.037653
0 0.149468 0.654051 0.028768 0.025862
0 0.216461 0.384035 0.044995 0.042405
0 0.398062 0.593335 0.064758 0.063958
0 0.597394 0.221215 0.033574 0.032781
0 0.286175 0.622077 0.061888 0.059827
0 0.917375 0.706969 0.040714 0.035573
0 0.976202 0.742130 0.047596 0.052332
0 0.123632 0.422518 0.037105 0.033818
0 0.248421 0.782086 0.030270 0.027976
0 0.856666 0.740966 0.035999 0.032689
0 0.864511 0.272416 0.063343 0.060131
0 0.771627 0.369617 0.043488 0.040867
0 0.820921 0.199392 0.049641 0.047072
0 0.128019 0.113713 0.033926 0.032427
0 0.925814 0.158607 0.148372 0.317215
0 0.159468 0.231601 0.123014 0.108381
0 0.732153 0.357252 0.032000 0.030508
0 0.337302 0.386390 0.066747 0.062809
0 0.855982 0.030696 0.241431 0.061393
0 0.871843 0.913402 0.048827 0.044354
0 0.092440 0.654666 0.027430 0.026321
0 0.656376 0.964088 0.047816 0.043840
0 0.848093 0.247437 0.022978 0.022120
0 0.979540 0.806371 0.038521 0.036343
0 0.743306 0.525375 0.025963 0.024978
0 0.310997 0.150389 0.046186 0.042934
0 0.950650 0.135681 0.037805 0.033246
0 0.891514 0.693437 0.101777 0.093603
0 0.682628 0.910727 0.027010 0.026181
0 0.771105 0.091860 0.035730 0.034243
0 0.505398 0.423753 0.031336 0.029368
0 0.450796 0.766547 0.030363 0.026705
0 0.744185 0.034149 0.038707 0.036985
0 0.137117 0.753788 0.061749 0.052771