0 0.244478 0.745321 0.066220 0.060590
0 0.054935 0.138457 0.090223 0.075477
0 0.531151 0.405208 0.057945 0.048434
0 0.230180 0.340217 0.086945 0.071085
0 0.025786 0.290180 0.051005 0.051816
0 0.832003 0.289632 0.049012 0.045528
0 0.698767 0.473645 0.042895 0.037563
0 0.461649 0.445815 0.073183 0.058620
0 0.944602 0.566469 0.029975 0.029602
0 0.399774 0.420820 0.047458 0.038888
0 0.103597 0.574655 0.066546 0.056628
0 0.507473 0.693718 0.047745 0.040920
0 0.024595 0.366897 0.049191 0.066638
0 0.399837 0.724314 0.041016 0.036060
0 0.796194 0.409830 0.042426 0.038890
0 0.028248 0.007919 0.046928 0.015839
0 0.156457 0.247284 0.039327 0.032629
0 0.588821 0.925565 0.045122 0.041559
0 0.656546 0.750458 0.038959 0.034461
0 0.741899 0.347100 0.040416 0.037236
0 0.721271 0.287764 0.034963 0.032879
0 0.471719 0.065158 0.035977 0.031123
0 0.469978 0.795598 0.060668 0.054448
0 0.986032 0.763691 0.025221 0.026010
0 0.887172 0.454336 0.223956 0.396488
0 0.550965 0.624339 0.030928 0.026226
0 0.108574 0.332957 0.050578 0.036690
0 0.388579 0.171703 0.130831 0.110045
0 0.739175 0.213351 0.033832 0.031326
0 0.963767 0.696078 0.024007 0.023435
0 0.620720 0.302578 0.061229 0.050458
0 0.370937 0.250843 0.039523 0.035030
0 0.314040 0.339704 0.038445 0.032001
0 0.371755 0.966235 0.034801 0.033849
0 0.327499 0.445384 0.034649 0.029900
0 0.424712 0.954155 0.126261 0.090863
0 0.751446 0.179009 0.497108 0.357092
0 0.507871 0.716778 0.035999 0.032397
0 0.328510 0.318614 0.042746 0.037285
0 0.737404 0.702830 0.031188 0.029304
0 0.659973 0.772023 0.034263 0.031654
0 0.358209 0.090458 0.043583 0.037465
0 0.858851 0.608192 0.025953 0.024455
0 0.842642 0.181416 0.029488 0.026322
0 0.275754 0.979435 0.154683 0.041129