0 0.853737 0.534292 0.065503 0.050482
0 0.425169 0.044112 0.066006 0.050358
0 0.114383 0.732220 0.130574 0.096627
0 0.945514 0.302266 0.108973 0.107105
0 0.111621 0.638863 0.148706 0.119484
0 0.221861 0.930101 0.053206 0.039949
0 0.623736 0.086298 0.058043 0.042191
0 0.545652 0.335825 0.545032 0.439128
0 0.553835 0.795943 0.132260 0.100220
0 0.457421 0.103241 0.056467 0.044566
0 0.163445 0.138826 0.106771 0.083664
0 0.851665 0.767674 0.054983 0.038034
0 0.500762 0.056679 0.048056 0.035579
0 0.791374 0.013296 0.041263 0.026592
0 0.859403 0.899615 0.042284 0.033437
0 0.705066 0.541077 0.057312 0.041290
0 0.063357 0.041145 0.051138 0.038308
0 0.155605 0.227254 0.047631 0.037685
0 0.223697 0.844313 0.072108 0.059038
0 0.943335 0.888697 0.037940 0.030573
0 0.819887 0.906239 0.038206 0.031651
0 0.033500 0.512861 0.067000 0.071752
0 0.976907 0.373073 0.040625 0.032750
0 0.932838 0.931145 0.040717 0.032572
0 0.964601 0.828586 0.040152 0.031901
0 0.729366 0.783370 0.043947 0.032412
0 0.519450 0.263978 0.049302 0.036916
0 0.769491 0.139082 0.069996 0.055699
0 0.955581 0.950453 0.041373 0.032072
0 0.799978 0.950081 0.037821 0.029541
0 0.694691 0.975229 0.037171 0.030263
0 0.074691 0.557502 0.049461 0.038349
0 0.282957 0.153483 0.121946 0.097274
0 0.385364 0.760497 0.075843 0.056451
0 0.261750 0.027657 0.059609 0.047379
0 0.255686 0.395687 0.031116 0.026615
0 0.917873 0.485583 0.164253 0.146870
0 0.931223 0.233185 0.046564 0.037733
0 0.955784 0.596145 0.045167 0.036045
0 0.109981 0.692015 0.032425 0.027467
0 0.316373 0.694859 0.040826 0.031324
0 0.897792 0.199124 0.039010 0.031745
0 0.632586 0.130186 0.035433 0.027646
0 0.151935 0.975315 0.086329 0.049369
0 0.709595 0.119083 0.032821 0.026647
0 0.504631 0.745673 0.042504 0.033027
0 0.103004 0.898352 0.205318 0.191669
0 0.628180 0.739355 0.036000 0.028782
0 0.242948 0.027810 0.090233 0.055471
0 0.893220 0.736613 0.032651 0.027931
0 0.255038 0.492767 0.039522 0.030601
0 0.114433 0.808671 0.053838 0.044325
0 0.339053 0.039338 0.035246 0.027932
0 0.221572 0.989669 0.046991 0.020662
0 0.749606 0.194022 0.049777 0.041348
0 0.269444 0.838446 0.035679 0.029899
0 0.895313 0.958878 0.044414 0.034150
0 0.968067 0.100332 0.034291 0.029097
0 0.835301 0.958698 0.030007 0.026136
0 0.959872 0.768105 0.034280 0.028651
0 0.077986 0.932778 0.155972 0.133065
0 0.222475 0.636685 0.091122 0.073307
0 0.898082 0.954197 0.037139 0.031451
0 0.292742 0.057078 0.060497 0.044966
0 0.130514 0.336368 0.032600 0.029033
0 0.722027 0.825523 0.032345 0.026082
0 0.047228 0.856020 0.049214 0.038963