0 0.407265 0.859825 0.082353 0.076408
0 0.542994 0.873416 0.056716 0.053881
0 0.321204 0.444353 0.213559 0.199932
0 0.336221 0.624785 0.055974 0.050109
0 0.402931 0.180809 0.035416 0.033147
0 0.123414 0.341447 0.054125 0.052663
0 0.257615 0.034476 0.039889 0.038015
0 0.182233 0.926639 0.048341 0.046070
0 0.026076 0.367496 0.050165 0.049705
0 0.799343 0.035260 0.052790 0.047728
0 0.928342 0.954917 0.036424 0.034199
0 0.660279 0.466046 0.115244 0.110770
0 0.183581 0.534399 0.096184 0.092213
0 0.962097 0.398627 0.074727 0.172089
0 0.893574 0.477824 0.028962 0.027870
0 0.350844 0.084596 0.039503 0.036089
0 0.363931 0.941686 0.052630 0.046611
0 0.161694 0.449855 0.033951 0.031550
0 0.323032 0.956868 0.034381 0.032259
0 0.966586 0.313695 0.048902 0.045424
0 0.651027 0.600101 0.037445 0.036350
0 0.977565 0.128786 0.044780 0.215204
0 0.138091 0.433410 0.032466 0.030903
0 0.170302 0.471612 0.031998 0.031585
0 0.242810 0.922947 0.077586 0.072494
0 0.073501 0.790247 0.146260 0.136566
0 0.138712 0.483057 0.046338 0.044771
0 0.077250 0.534078 0.027970 0.028040
0 0.048092 0.521972 0.037118 0.035473
0 0.483070 0.629387 0.049888 0.044317
0 0.502798 0.320405 0.486217 0.452165
0 0.551000 0.282707 0.029529 0.028738
0 0.375507 0.143675 0.026902 0.025757
0 0.171748 0.184372 0.033405 0.032033
0 0.263172 0.535179 0.064061 0.057769
0 0.009638 0.424280 0.018622 0.120255
0 0.102804 0.648909 0.043867 0.042224
0 0.511078 0.047875 0.026983 0.026930
0 0.138100 0.955263 0.071088 0.064095
0 0.866812 0.173429 0.266375 0.293312
0 0.008406 0.413298 0.016541 0.081791