0 0.963710 0.560609 0.071197 0.090204
0 0.613182 0.096327 0.029873 0.029556
0 0.031576 0.355037 0.062558 0.064307
0 0.397627 0.966125 0.035734 0.034785
0 0.153749 0.394196 0.031759 0.030778
0 0.901868 0.548365 0.034804 0.033361
0 0.070410 0.206841 0.139136 0.265865
0 0.679511 0.880565 0.058918 0.058492
0 0.037209 0.959727 0.032238 0.031017
0 0.907895 0.877144 0.061966 0.059574
0 0.233753 0.155474 0.034641 0.033460
0 0.824371 0.736974 0.189285 0.186512
0 0.186399 0.774981 0.028441 0.027425
0 0.906100 0.829806 0.042636 0.043789
0 0.828741 0.138876 0.025514 0.025273
0 0.984483 0.911749 0.030579 0.031688
0 0.566788 0.878933 0.027873 0.026508
0 0.940966 0.710612 0.117969 0.242499
0 0.661890 0.021042 0.022781 0.022366
0 0.477300 0.479703 0.027652 0.027240
0 0.524891 0.239683 0.024134 0.024080
0 0.785568 0.861418 0.034513 0.033872
0 0.806624 0.380084 0.158652 0.159867
0 0.948030 0.789675 0.080618 0.082018
0 0.252351 0.129626 0.031602 0.029590
0 0.971115 0.696602 0.025857 0.025215
0 0.594380 0.048365 0.023596 0.023409
0 0.945695 0.835193 0.040387 0.038682
0 0.008237 0.949450 0.016474 0.023440
0 0.210290 0.287519 0.167605 0.164131
0 0.897737 0.912387 0.204526 0.175225
0 0.801711 0.179800 0.297628 0.280781
0 0.128329 0.584063 0.022887 0.022537