0 0.363220 0.588737 0.063855 0.063005
0 0.851400 0.446899 0.041144 0.040027
0 0.498629 0.561959 0.055960 0.055746
0 0.639884 0.537924 0.046921 0.045958
0 0.627769 0.695404 0.083106 0.076921
0 0.376555 0.151768 0.248283 0.270853
0 0.279686 0.372482 0.072855 0.068078
0 0.797945 0.202190 0.032455 0.031592
0 0.262666 0.311730 0.044481 0.042690
0 0.115140 0.463577 0.063574 0.060569
0 0.050915 0.173519 0.101829 0.127159
0 0.030528 0.787592 0.041726 0.031132
0 0.489276 0.764752 0.084330 0.075877
0 0.071995 0.241107 0.037004 0.036572
0 0.740667 0.460441 0.101073 0.096246
0 0.092224 0.281833 0.051262 0.051988
0 0.519434 0.617842 0.034580 0.033740
0 0.389609 0.549540 0.049046 0.047918
0 0.142639 0.064201 0.029203 0.028172
0 0.775479 0.177509 0.449042 0.355019
0 0.654468 0.311020 0.052237 0.049926
0 0.284354 0.577105 0.036436 0.035536
0 0.422403 0.716835 0.071740 0.069812
0 0.684165 0.549536 0.048927 0.047154
0 0.706396 0.217179 0.030777 0.029227
0 0.339865 0.697958 0.093374 0.093702
0 0.073650 0.663833 0.029956 0.028323
0 0.835302 0.638384 0.324508 0.314914
0 0.095604 0.763701 0.050914 0.049615
0 0.561074 0.743832 0.077334 0.075075
0 0.035673 0.280679 0.056617 0.057701
0 0.032847 0.607390 0.057794 0.057926
0 0.592027 0.285084 0.037594 0.038331
0 0.578619 0.483711 0.081133 0.077606
0 0.556809 0.788302 0.046016 0.030349
0 0.645737 0.758244 0.115085 0.089723
0 0.011547 0.112646 0.023093 0.063504
0 0.236088 0.752709 0.030443 0.029729
0 0.609874 0.573643 0.038935 0.039007
0 0.210419 0.069225 0.374892 0.138450
0 0.314294 0.769563 0.071805 0.064847
0 0.529836 0.712435 0.035425 0.035397
0 0.012657 0.719412 0.024926 0.033047
0 0.203254 0.232394 0.155866 0.155609
0 0.013172 0.524687 0.026344 0.075710
0 0.442794 0.308579 0.032374 0.030406
0 0.565709 0.681356 0.039740 0.038405
0 0.048355 0.124672 0.052599 0.051510
0 0.893022 0.007346 0.031410 0.014692
0 0.957384 0.037869 0.048476 0.046629
0 0.635016 0.618270 0.068714 0.066036
0 0.302473 0.209555 0.027366 0.026543
0 0.705180 0.508943 0.045035 0.041822
0 0.592052 0.278186 0.036271 0.035138
0 0.966694 0.032467 0.066613 0.064934