0 0.531748 0.049268 0.047559 0.039576
0 0.193247 0.628764 0.188378 0.164738
0 0.324097 0.968767 0.045584 0.037806
0 0.708724 0.610209 0.040508 0.036683
0 0.535096 0.843209 0.038625 0.033740
0 0.825739 0.593756 0.030696 0.028017
0 0.167581 0.121634 0.033186 0.031372
0 0.518449 0.246324 0.033349 0.028253
0 0.041286 0.537984 0.032005 0.030098
0 0.493688 0.813927 0.045797 0.041157
0 0.909472 0.137146 0.030925 0.027673
0 0.681153 0.497470 0.033289 0.030205
0 0.867211 0.983733 0.030770 0.028315
0 0.728235 0.046092 0.429267 0.091784
0 0.381229 0.409139 0.028220 0.027152
0 0.711160 0.556249 0.047554 0.043008
0 0.180955 0.722919 0.038094 0.030724
0 0.280795 0.685531 0.079180 0.066450
0 0.266975 0.589944 0.047081 0.042684
0 0.833247 0.900082 0.027407 0.024964
0 0.454621 0.927343 0.065678 0.056314
0 0.841005 0.984264 0.023010 0.022612
0 0.483491 0.577153 0.038983 0.033902
0 0.151863 0.212063 0.028373 0.026165
0 0.426378 0.274708 0.036929 0.035736
0 0.571078 0.363079 0.026822 0.024817
0 0.647229 0.173422 0.028770 0.023918
0 0.979560 0.245878 0.040880 0.097004
0 0.443300 0.845310 0.031410 0.027542
0 0.061268 0.884195 0.030866 0.026780
0 0.033767 0.490950 0.037679 0.035338