0 0.911918 0.181015 0.086995 0.081974
0 0.905922 0.870671 0.070855 0.066178
0 0.408230 0.815227 0.063669 0.057562
0 0.706322 0.472378 0.039321 0.035782
0 0.986931 0.326577 0.025814 0.028041
0 0.071956 0.272101 0.028122 0.027787
0 0.397560 0.434005 0.027552 0.027728
0 0.514020 0.341783 0.030071 0.028177
0 0.915194 0.385804 0.026974 0.025710
0 0.505887 0.961713 0.170085 0.075300
0 0.782305 0.513446 0.039679 0.037249
0 0.582458 0.436867 0.031271 0.029635
0 0.558905 0.086812 0.029849 0.027337
0 0.383816 0.581782 0.027272 0.026448
0 0.765848 0.481959 0.041446 0.038529
0 0.114664 0.283332 0.028346 0.026216
0 0.140964 0.007143 0.040469 0.014286
0 0.815210 0.311784 0.043041 0.040124
0 0.373563 0.069085 0.071632 0.069142
0 0.378129 0.894018 0.059534 0.053676
0 0.135781 0.945568 0.027692 0.025051
0 0.902644 0.321324 0.024224 0.024037
0 0.602329 0.631901 0.091724 0.083703
0 0.519201 0.057337 0.040595 0.034945
0 0.719425 0.547127 0.059760 0.052279
0 0.163524 0.251088 0.061981 0.060166
0 0.411854 0.022474 0.076246 0.044947
0 0.210205 0.352741 0.024642 0.024539
0 0.580527 0.029871 0.092395 0.059743