0 0.657437 0.965957 0.060391 0.058844
0 0.950785 0.200551 0.051014 0.050801
0 0.832267 0.577744 0.074295 0.072221
0 0.725486 0.607282 0.057625 0.056946
0 0.919454 0.549404 0.059866 0.058821
0 0.504207 0.364197 0.293033 0.281969
0 0.292442 0.296439 0.077985 0.074242
0 0.798891 0.283462 0.051249 0.049767
0 0.191339 0.183223 0.041044 0.039722
0 0.494169 0.848208 0.042007 0.041814
0 0.854049 0.373550 0.053243 0.052145
0 0.060291 0.860960 0.046328 0.045295
0 0.664209 0.725234 0.038775 0.037452
0 0.978256 0.301349 0.039171 0.040318
0 0.787917 0.534904 0.045040 0.043409
0 0.409960 0.701031 0.034755 0.034503
0 0.646845 0.665729 0.039071 0.038447
0 0.954762 0.481122 0.038121 0.037000
0 0.892767 0.301461 0.033507 0.032938
0 0.916177 0.177646 0.031279 0.031291
0 0.761866 0.821688 0.031942 0.031372
0 0.346480 0.313791 0.032756 0.032046
0 0.659481 0.836489 0.035273 0.033876
0 0.979523 0.237676 0.034547 0.035244
0 0.871419 0.861798 0.030188 0.029707
0 0.861017 0.439709 0.056847 0.056067
0 0.891438 0.482672 0.082569 0.081321
0 0.576050 0.770211 0.029247 0.029203
0 0.890471 0.166789 0.027321 0.027367
0 0.031698 0.498114 0.032074 0.030294
0 0.729500 0.138063 0.073048 0.072369
0 0.572200 0.099044 0.030235 0.029439
0 0.946602 0.236497 0.029596 0.029745
0 0.014929 0.283243 0.029858 0.085765
0 0.985265 0.261368 0.024710 0.024764
0 0.870291 0.537181 0.045777 0.045194
0 0.946284 0.120100 0.047643 0.044881
0 0.134476 0.411293 0.090494 0.088539
0 0.079169 0.152996 0.090996 0.087399
0 0.288174 0.070763 0.046686 0.042277
0 0.208603 0.735369 0.026945 0.026482
0 0.210974 0.520173 0.124495 0.123390
0 0.947688 0.789452 0.086219 0.081252
0 0.604612 0.711975 0.026495 0.026261
0 0.651940 0.866880 0.027126 0.026592
0 0.787975 0.881524 0.028383 0.028036
0 0.943815 0.689457 0.046577 0.043843
0 0.032133 0.018475 0.043411 0.035865
0 0.911544 0.279224 0.025055 0.024985
0 0.206709 0.140469 0.036717 0.034929
0 0.781612 0.092211 0.024877 0.024914
0 0.947298 0.512264 0.051267 0.049548
0 0.399441 0.779559 0.102523 0.103870
0 0.992389 0.332421 0.015116 0.026257
0 0.884008 0.594534 0.030491 0.029752
0 0.877095 0.892423 0.041139 0.038521
0 0.822804 0.452246 0.024537 0.024808