0 0.058894 0.209333 0.117789 0.191013
0 0.143743 0.479277 0.169359 0.167117
0 0.292245 0.892275 0.192850 0.177797
0 0.487618 0.947772 0.122296 0.103773
0 0.399151 0.664065 0.082391 0.079036
0 0.953309 0.620302 0.093382 0.107842
0 0.440554 0.022524 0.042862 0.041115
0 0.700939 0.320923 0.042210 0.040046
0 0.624607 0.965016 0.087776 0.069968
0 0.943347 0.721401 0.035209 0.034916
0 0.581437 0.873365 0.068472 0.064432
0 0.324135 0.627304 0.104596 0.100343
0 0.679739 0.103708 0.322269 0.204387
0 0.051720 0.976234 0.085438 0.047336
0 0.982893 0.056602 0.034215 0.039663
0 0.501468 0.842657 0.107574 0.099610
0 0.103538 0.806577 0.033676 0.032516
0 0.041730 0.421574 0.083459 0.084324
0 0.326938 0.532218 0.033078 0.032506
0 0.864861 0.560256 0.094643 0.092762
0 0.161923 0.803040 0.041294 0.039838
0 0.430539 0.597012 0.066750 0.063341
0 0.484755 0.853608 0.076895 0.073699
0 0.097890 0.945980 0.056645 0.053775
0 0.768822 0.488052 0.075224 0.075526
0 0.645588 0.441320 0.096100 0.092216
0 0.120972 0.368694 0.090777 0.086513
0 0.573706 0.947781 0.050514 0.048933
0 0.476777 0.612640 0.026031 0.025805
0 0.986407 0.755595 0.027186 0.134379
0 0.928707 0.494338 0.042720 0.041705
0 0.635955 0.331986 0.026090 0.024514
0 0.988264 0.762195 0.023472 0.083901
0 0.985483 0.255762 0.029035 0.053771
0 0.779024 0.284115 0.044372 0.042654
0 0.889859 0.130689 0.220281 0.255758
0 0.006359 0.665099 0.012718 0.034726
0 0.659784 0.389835 0.081542 0.079270
0 0.977158 0.732415 0.045683 0.181716