0 0.058871 0.231871 0.117743 0.255640
0 0.571347 0.335263 0.040526 0.034629
0 0.779895 0.483697 0.040421 0.033676
0 0.241942 0.830365 0.037877 0.034402
0 0.611022 0.835585 0.226460 0.189507
0 0.805613 0.211163 0.056384 0.047212
0 0.861315 0.119059 0.037394 0.033802
0 0.018979 0.021071 0.037957 0.042143
0 0.704456 0.483136 0.033275 0.029671
0 0.895279 0.207841 0.035865 0.031819
0 0.900084 0.514289 0.042538 0.034356
0 0.297904 0.353100 0.033802 0.028732
0 0.420901 0.018432 0.035939 0.032340
0 0.254577 0.051594 0.030878 0.028900
0 0.460609 0.082121 0.111376 0.095903
0 0.302405 0.945460 0.080513 0.074304
0 0.295004 0.937871 0.063724 0.059307
0 0.905707 0.512579 0.050939 0.041962
0 0.313503 0.577111 0.034092 0.032850
0 0.264394 0.538689 0.027048 0.025568
0 0.884322 0.380465 0.026205 0.025804
0 0.947488 0.939961 0.033605 0.029753
0 0.431929 0.359027 0.031367 0.028175
0 0.672962 0.618076 0.029539 0.024711
0 0.819203 0.791991 0.194988 0.163702