0 0.033485 0.326299 0.064709 0.051369
0 0.544140 0.865278 0.053379 0.043617
0 0.161617 0.590946 0.057166 0.046033
0 0.587946 0.819747 0.043479 0.032669
0 0.784627 0.494791 0.043929 0.037461
0 0.127552 0.486753 0.040147 0.033453
0 0.522232 0.086697 0.038085 0.034007
0 0.533601 0.051899 0.047771 0.040170
0 0.049797 0.527360 0.040864 0.033405
0 0.253798 0.682382 0.036985 0.030435
0 0.673311 0.845737 0.057652 0.045486
0 0.900061 0.405793 0.035399 0.027399
0 0.421443 0.013917 0.036114 0.027834
0 0.750668 0.852365 0.043825 0.034657
0 0.031860 0.096052 0.053110 0.043149
0 0.406388 0.220606 0.029438 0.024694
0 0.058713 0.449417 0.032407 0.026738
0 0.145960 0.629263 0.030914 0.024493
0 0.006607 0.499568 0.013215 0.035107
0 0.672788 0.973305 0.125636 0.053381
0 0.397243 0.172358 0.028999 0.026187
0 0.351073 0.898154 0.406659 0.203599
0 0.408987 0.764146 0.031376 0.026018
0 0.528113 0.053343 0.038593 0.033873
0 0.078907 0.444439 0.073470 0.054474
0 0.570939 0.157219 0.046617 0.038998
0 0.618562 0.573115 0.027912 0.024564