0 0.034729 0.505497 0.065051 0.065597
0 0.036835 0.128443 0.060093 0.058061
0 0.909302 0.375326 0.044455 0.044317
0 0.235849 0.057455 0.047135 0.046164
0 0.737380 0.273742 0.037366 0.036227
0 0.818201 0.528980 0.039078 0.038255
0 0.474335 0.399674 0.029651 0.029355
0 0.172068 0.700474 0.035500 0.034890
0 0.576800 0.976061 0.029710 0.029896
0 0.466552 0.676383 0.028282 0.028278
0 0.850296 0.200001 0.026790 0.026123
0 0.101135 0.259914 0.033043 0.032847
0 0.760390 0.220386 0.024755 0.024882
0 0.133848 0.039944 0.029211 0.028349
0 0.902505 0.751124 0.026114 0.025720
0 0.259025 0.775829 0.030016 0.029150
0 0.971493 0.495704 0.024502 0.024380
0 0.991831 0.830471 0.016195 0.029522
0 0.082461 0.507995 0.027166 0.026486
0 0.862479 0.488429 0.024488 0.024434
0 0.652569 0.184360 0.043770 0.044164
0 0.557213 0.594929 0.032401 0.032201
0 0.642071 0.409304 0.023654 0.023129
0 0.033128 0.009167 0.027722 0.018334
0 0.207305 0.337300 0.081973 0.079470
0 0.975888 0.905913 0.032682 0.032600
0 0.988510 0.563876 0.021334 0.020442
0 0.396653 0.967786 0.087260 0.064427
0 0.950064 0.686361 0.023233 0.023540