0 0.586604 0.207838 0.050792 0.037951
0 0.854153 0.350358 0.055467 0.038022
0 0.064048 0.646275 0.074776 0.055587
0 0.460730 0.569926 0.056842 0.040478
0 0.599143 0.593787 0.043415 0.032106
0 0.638455 0.269807 0.051443 0.038183
0 0.841934 0.290719 0.038247 0.028185
0 0.711818 0.547815 0.042754 0.031082
0 0.184510 0.529066 0.084928 0.060263
0 0.068086 0.499855 0.135691 0.293699
0 0.191260 0.632040 0.045619 0.034657
0 0.850094 0.739464 0.185122 0.130314
0 0.193684 0.007194 0.033596 0.014389
0 0.854470 0.672087 0.053891 0.032925
0 0.926356 0.331235 0.030571 0.023576
0 0.157916 0.203568 0.036426 0.029875
0 0.053910 0.785256 0.056217 0.030178
0 0.126503 0.191690 0.035437 0.030562
0 0.611099 0.775410 0.098122 0.051586
0 0.705372 0.163937 0.034223 0.025911
0 0.403670 0.772632 0.133284 0.061755
0 0.611228 0.654174 0.035026 0.026795
0 0.695462 0.248774 0.033960 0.026339
0 0.327259 0.649741 0.076132 0.058010
0 0.952499 0.114178 0.094115 0.172283
0 0.301948 0.747868 0.070344 0.051698
0 0.950126 0.083207 0.096796 0.089464
0 0.055991 0.514328 0.031372 0.025257
0 0.725901 0.019091 0.050822 0.038181
0 0.598254 0.779430 0.079476 0.043230
0 0.841004 0.663514 0.083619 0.057440
0 0.850481 0.667446 0.062783 0.046562
0 0.388614 0.616437 0.044549 0.036217
0 0.241105 0.610036 0.036420 0.028069
0 0.666337 0.290802 0.027996 0.021051