0 0.846207 0.292796 0.057297 0.049001
0 0.544302 0.309369 0.038896 0.033419
0 0.816429 0.110845 0.079892 0.071459
0 0.903421 0.408993 0.136087 0.115185
0 0.847912 0.742111 0.206191 0.168689
0 0.923256 0.523418 0.034464 0.028805
0 0.291700 0.575093 0.041297 0.033115
0 0.130613 0.602046 0.049004 0.042834
0 0.768319 0.389726 0.064246 0.053066
0 0.092037 0.865922 0.033724 0.027846
0 0.030817 0.405731 0.035447 0.030605
0 0.245843 0.970026 0.040972 0.035155
0 0.493648 0.105863 0.036293 0.033174
0 0.165680 0.319699 0.133113 0.113918
0 0.639922 0.120783 0.027658 0.024636
0 0.821186 0.029743 0.064186 0.055163
0 0.388195 0.963243 0.064018 0.052763
0 0.057105 0.796080 0.027502 0.023933
0 0.201289 0.975369 0.081735 0.049262
0 0.138823 0.990831 0.057597 0.018337
0 0.771931 0.220038 0.032396 0.027250
0 0.593693 0.787655 0.028830 0.025287
0 0.319491 0.960075 0.072483 0.061011
0 0.629832 0.937905 0.050089 0.044026
0 0.694676 0.690762 0.031302 0.024676
0 0.967252 0.727242 0.065437 0.060776
0 0.965102 0.704975 0.069796 0.106977
0 0.948958 0.685017 0.026646 0.023043