0 0.118280 0.082788 0.183533 0.163333
0 0.524502 0.678597 0.048167 0.046137
0 0.249508 0.262228 0.141875 0.133769
0 0.817494 0.679310 0.035309 0.033585
0 0.965590 0.154439 0.045337 0.041673
0 0.492827 0.074417 0.032287 0.030563
0 0.070064 0.330429 0.043106 0.041417
0 0.639392 0.544106 0.030270 0.028736
0 0.026213 0.523030 0.028509 0.026796
0 0.809375 0.929694 0.025100 0.024049
0 0.971423 0.006939 0.032456 0.013878
0 0.456618 0.780364 0.056056 0.052648
0 0.548756 0.588028 0.028996 0.027676
0 0.843794 0.556382 0.030150 0.028875
0 0.994308 0.070368 0.011259 0.035855
0 0.750477 0.745565 0.047156 0.044492
0 0.857859 0.631873 0.281346 0.338699
0 0.685183 0.004905 0.031404 0.009640
0 0.693037 0.650143 0.025141 0.024721
0 0.037865 0.244163 0.043310 0.039362