0 0.727112 0.772420 0.215146 0.175977
0 0.570208 0.581357 0.109114 0.094174
0 0.578396 0.044840 0.047753 0.043237
0 0.671252 0.157474 0.045975 0.040794
0 0.945202 0.662837 0.108740 0.101508
0 0.460542 0.377995 0.053212 0.042460
0 0.859095 0.237252 0.039758 0.034216
0 0.899189 0.746483 0.131684 0.106819
0 0.455263 0.979285 0.056628 0.040494
0 0.724341 0.609043 0.093957 0.079704
0 0.931396 0.900378 0.041938 0.035631
0 0.342388 0.456450 0.038007 0.033345
0 0.550965 0.685631 0.037678 0.030779
0 0.669183 0.348769 0.040334 0.033394
0 0.184207 0.363716 0.040731 0.035298
0 0.543313 0.850803 0.047053 0.040334
0 0.700866 0.932373 0.067182 0.054713
0 0.949488 0.262566 0.033552 0.028971
0 0.389472 0.917785 0.041533 0.034449
0 0.982215 0.953103 0.035571 0.040762
0 0.255401 0.223938 0.032856 0.028602
0 0.679010 0.581163 0.045355 0.039744
0 0.243150 0.413161 0.057467 0.050484
0 0.006853 0.874427 0.013544 0.029318
0 0.869172 0.663678 0.042775 0.037867
0 0.791528 0.323515 0.056507 0.048120
0 0.665560 0.471628 0.038603 0.035780
0 0.401447 0.281200 0.031291 0.027825
0 0.317550 0.766611 0.048404 0.041042
0 0.730255 0.428913 0.037063 0.033551
0 0.779262 0.398857 0.091517 0.075103
0 0.848902 0.808630 0.043113 0.036050
0 0.523161 0.809676 0.073665 0.064212
0 0.971526 0.484506 0.056949 0.068727
0 0.588409 0.787108 0.072072 0.061536
0 0.811821 0.240414 0.030393 0.026888
0 0.964275 0.807248 0.057534 0.053618
0 0.962472 0.024554 0.068567 0.049108