0 0.531238 0.636964 0.040692 0.040655
0 0.982135 0.285055 0.035729 0.036403
0 0.752544 0.522463 0.033734 0.032799
0 0.840981 0.093211 0.036035 0.035148
0 0.623105 0.328704 0.036655 0.036707
0 0.856103 0.817612 0.031947 0.030853
0 0.692719 0.232461 0.032438 0.032773
0 0.981452 0.019312 0.036695 0.037704
0 0.897476 0.559416 0.029704 0.029071
0 0.983283 0.763096 0.027317 0.026242
0 0.628093 0.258253 0.026023 0.025393
0 0.715145 0.376337 0.026129 0.025982
0 0.852906 0.596330 0.028158 0.027886
0 0.989784 0.739257 0.020432 0.024787