0 0.727698 0.735446 0.221023 0.215816
0 0.572019 0.951087 0.107211 0.097827
0 0.604473 0.486010 0.180927 0.170641
0 0.792506 0.106738 0.061966 0.060111
0 0.285261 0.426830 0.197022 0.189358
0 0.518159 0.401345 0.149569 0.144348
0 0.430289 0.957479 0.087999 0.084626
0 0.631220 0.898611 0.069142 0.067253
0 0.553168 0.060489 0.050398 0.049754
0 0.052528 0.024614 0.057649 0.048886
0 0.313249 0.869143 0.045060 0.042355
0 0.889707 0.203828 0.050446 0.049102
0 0.274205 0.735705 0.162611 0.158539
0 0.157030 0.085580 0.078109 0.074860
0 0.232498 0.185277 0.095881 0.092686
0 0.886515 0.138804 0.052768 0.051895
0 0.593012 0.676623 0.046998 0.044685
0 0.160138 0.462177 0.094017 0.091294
0 0.914537 0.086098 0.034382 0.033168
0 0.561527 0.172843 0.040562 0.039914
0 0.018691 0.550470 0.037382 0.037302
0 0.672155 0.623805 0.040163 0.038222
0 0.495621 0.708484 0.041480 0.040228
0 0.768638 0.290607 0.046755 0.045394
0 0.830916 0.921149 0.055050 0.053212
0 0.275139 0.897070 0.034309 0.033656
0 0.805558 0.835701 0.052757 0.051761
0 0.434303 0.687654 0.035543 0.033307
0 0.090072 0.139112 0.037535 0.036921
0 0.548373 0.558188 0.043026 0.040420
0 0.197523 0.119323 0.068434 0.069309
0 0.618946 0.186542 0.046148 0.045942
0 0.910593 0.938704 0.038045 0.036085
0 0.928435 0.125996 0.056752 0.055795
0 0.237346 0.016215 0.056272 0.031693
0 0.300785 0.823603 0.035324 0.033729
0 0.250240 0.068955 0.036895 0.035456
0 0.851618 0.725150 0.035032 0.033445
0 0.292384 0.950481 0.033102 0.031552
0 0.200584 0.239345 0.069636 0.069363
0 0.839342 0.577710 0.064995 0.061848
0 0.302330 0.661053 0.044775 0.043963
0 0.421910 0.654204 0.045198 0.042678
0 0.370518 0.545491 0.060212 0.057330
0 0.700811 0.500307 0.045524 0.043591
0 0.603302 0.822726 0.031894 0.030239
0 0.206819 0.814745 0.033461 0.032735
0 0.739908 0.320310 0.033061 0.032102
0 0.924896 0.639176 0.039939 0.037517
0 0.084844 0.880999 0.104266 0.098832
0 0.427152 0.094028 0.034578 0.034398
0 0.543304 0.771272 0.031753 0.030013
0 0.205079 0.977156 0.216057 0.045688
0 0.965619 0.872766 0.042581 0.041701
0 0.578384 0.754810 0.041015 0.040637
0 0.143985 0.580031 0.046259 0.044846
0 0.159682 0.174593 0.048305 0.048232
0 0.181415 0.562161 0.033388 0.032335
0 0.903101 0.318048 0.042492 0.040806
0 0.155756 0.251190 0.040194 0.041411
0 0.798438 0.531831 0.037220 0.035245
0 0.882432 0.909674 0.029166 0.028143
0 0.987624 0.828781 0.024752 0.050953
0 0.762609 0.355185 0.065153 0.065439
0 0.039270 0.102810 0.078539 0.174131
0 0.321126 0.252057 0.041205 0.040713
0 0.047559 0.373680 0.065489 0.066763
0 0.056517 0.388050 0.089775 0.085962
0 0.447379 0.045058 0.031937 0.031134
0 0.614984 0.307914 0.044161 0.043881
0 0.102245 0.044324 0.053635 0.052690
0 0.536388 0.341273 0.039165 0.037668
0 0.827611 0.881258 0.031245 0.031171
0 0.576577 0.253382 0.072470 0.071866
0 0.953566 0.343891 0.029406 0.028949
0 0.646702 0.032493 0.030291 0.029944
0 0.052822 0.665928 0.032843 0.033041
0 0.105371 0.009315 0.044917 0.018629
0 0.611422 0.121332 0.029632 0.029181
0 0.932702 0.223914 0.045725 0.043536
0 0.124766 0.842998 0.034539 0.033839
0 0.966775 0.546962 0.056070 0.056540
0 0.974928 0.154356 0.042293 0.041657
0 0.767406 0.558246 0.030816 0.029670
0 0.048130 0.195687 0.080246 0.076840
0 0.282972 0.067753 0.029326 0.028707
0 0.951757 0.774943 0.033518 0.033005
0 0.879469 0.874641 0.032191 0.030294
0 0.102994 0.567907 0.033200 0.031318
0 0.411939 0.292361 0.028502 0.028206
0 0.198604 0.631379 0.093931 0.087435
0 0.474269 0.010821 0.031144 0.021478
0 0.381123 0.489964 0.062296 0.058769
0 0.268542 0.241566 0.042273 0.042488
0 0.799096 0.147760 0.033753 0.034056
0 0.707597 0.363974 0.164531 0.164006
0 0.131119 0.216534 0.032323 0.031984
0 0.704156 0.365326 0.026682 0.025763
0 0.210004 0.062071 0.043841 0.041970
0 0.801285 0.416995 0.067819 0.067346
0 0.169779 0.978937 0.112450 0.042126
0 0.979637 0.433582 0.025831 0.024920
0 0.579110 0.331843 0.033140 0.032955
0 0.020633 0.909156 0.032975 0.031605
0 0.896304 0.318871 0.049709 0.043536
0 0.735400 0.509351 0.028003 0.026728
0 0.182007 0.979281 0.165539 0.041439
0 0.585925 0.007258 0.055072 0.014478
0 0.689715 0.105399 0.027620 0.026991
0 0.896389 0.552551 0.053146 0.051735
0 0.640696 0.290109 0.029634 0.028739
0 0.161173 0.375202 0.081041 0.078549
0 0.151295 0.570801 0.033970 0.033519
0 0.116403 0.614174 0.039294 0.040197
0 0.988744 0.473321 0.022455 0.052402
0 0.182295 0.770449 0.033266 0.032897
0 0.359849 0.636193 0.030083 0.028831
0 0.735026 0.450663 0.081066 0.079719
0 0.281295 0.129553 0.037948 0.036132
0 0.054243 0.903149 0.032361 0.032043
0 0.957761 0.806863 0.032048 0.032501
0 0.751193 0.172797 0.028305 0.028530
0 0.018158 0.335172 0.036316 0.049097
0 0.011329 0.676099 0.022658 0.049650
0 0.829743 0.611892 0.036627 0.032125
0 0.981912 0.322484 0.035824 0.038319
0 0.026608 0.650595 0.031099 0.030422
0 0.773551 0.826222 0.026469 0.025665
0 0.356302 0.966032 0.125017 0.067203
0 0.853703 0.224823 0.170997 0.166823
0 0.798649 0.142773 0.030801 0.029986
0 0.656071 0.117986 0.025242 0.024381