0 0.919099 0.313242 0.046578 0.037492
0 0.563228 0.501337 0.060827 0.046176
0 0.646531 0.058029 0.186245 0.116059
0 0.037139 0.869589 0.053412 0.040351
0 0.633232 0.778866 0.048952 0.038518
0 0.298648 0.317380 0.043803 0.033438
0 0.279250 0.894457 0.035268 0.028498
0 0.983838 0.910998 0.032323 0.040943
0 0.581696 0.436669 0.040156 0.030149
0 0.530989 0.973051 0.126848 0.053897
0 0.371128 0.729921 0.057217 0.046129
0 0.466717 0.820657 0.034538 0.028092
0 0.116755 0.895276 0.033171 0.024117
0 0.079868 0.497059 0.032209 0.026940
0 0.570757 0.203836 0.042041 0.031774
0 0.185456 0.413204 0.034740 0.027953
0 0.716428 0.788045 0.038512 0.029249
0 0.855108 0.684374 0.032571 0.025641
0 0.919014 0.730187 0.145508 0.116238
0 0.588777 0.212157 0.040851 0.030912
0 0.041195 0.034779 0.040023 0.032161
0 0.365926 0.075074 0.034207 0.026788
0 0.234637 0.622891 0.036056 0.028083
0 0.554113 0.884726 0.033293 0.024807
0 0.707660 0.814174 0.033974 0.026637
0 0.987789 0.465009 0.024421 0.026084
0 0.062155 0.191755 0.045916 0.036376
0 0.240569 0.993398 0.035273 0.013205
0 0.086471 0.741029 0.033318 0.027577
0 0.237209 0.070819 0.171189 0.132195
0 0.409206 0.804153 0.031187 0.026471
0 0.126897 0.428460 0.039864 0.030679
0 0.100744 0.030105 0.031830 0.026597
0 0.139072 0.133073 0.100574 0.078817
0 0.161015 0.722034 0.168418 0.143239
0 0.795534 0.326633 0.035095 0.028193
0 0.851452 0.314355 0.029800 0.022722
0 0.988241 0.757086 0.023519 0.024415
0 0.649215 0.254892 0.032493 0.027167
0 0.912342 0.411298 0.036983 0.027230
0 0.009153 0.506584 0.018307 0.027458
0 0.926115 0.140732 0.030597 0.025117
0 0.242799 0.720247 0.030780 0.024182
0 0.674951 0.854047 0.031780 0.026363
0 0.185712 0.188441 0.041388 0.033796
0 0.134136 0.296507 0.029652 0.025362
0 0.253785 0.043452 0.219032 0.086905
0 0.925232 0.196143 0.148947 0.156979
0 0.010461 0.621445 0.020922 0.023593