0 0.808083 0.792169 0.093088 0.086298
0 0.245290 0.669088 0.046176 0.041800
0 0.411727 0.681168 0.043360 0.039189
0 0.921746 0.375572 0.066257 0.060497
0 0.639782 0.836412 0.042592 0.039248
0 0.592323 0.475050 0.115164 0.108018
0 0.627528 0.349072 0.034978 0.031979
0 0.792610 0.361722 0.080017 0.075442
0 0.120497 0.444527 0.057907 0.056420
0 0.061140 0.070971 0.068785 0.062350
0 0.271513 0.392584 0.036870 0.034058
0 0.959770 0.457269 0.038951 0.035470
0 0.030530 0.217412 0.037624 0.034934
0 0.663442 0.693803 0.070909 0.060216
0 0.706520 0.305639 0.107151 0.096682
0 0.177732 0.025615 0.088392 0.050809
0 0.870903 0.343523 0.059781 0.054986
0 0.309104 0.877318 0.053139 0.049238
0 0.677597 0.297141 0.050856 0.045761
0 0.137908 0.164793 0.054395 0.049852
0 0.529485 0.660270 0.051710 0.047615
0 0.101325 0.508361 0.070081 0.064663
0 0.040954 0.804313 0.035607 0.034202
0 0.049706 0.763290 0.087041 0.083558
0 0.627571 0.744209 0.036597 0.034413
0 0.659187 0.650062 0.061760 0.054415
0 0.456776 0.212689 0.089664 0.081332
0 0.873237 0.404507 0.044156 0.038193
0 0.937053 0.901406 0.058093 0.053249
0 0.545308 0.209302 0.124823 0.118579
0 0.169422 0.799428 0.032585 0.030088
0 0.860904 0.144219 0.277674 0.286681
0 0.113027 0.117770 0.070931 0.064239
0 0.020738 0.110088 0.041475 0.044671
0 0.768099 0.987504 0.045299 0.024557
0 0.454501 0.589808 0.156362 0.145248
0 0.917133 0.515885 0.043713 0.038677
0 0.221786 0.391819 0.076301 0.068127
0 0.896696 0.255638 0.113680 0.104321
0 0.262373 0.148928 0.046979 0.042983
0 0.811099 0.243047 0.042345 0.039254
0 0.144942 0.257774 0.036948 0.035920
0 0.858897 0.862861 0.037270 0.034762
0 0.581597 0.604566 0.105068 0.097867
0 0.336605 0.558681 0.060317 0.055609
0 0.351756 0.817054 0.038715 0.035869
0 0.350476 0.356037 0.062106 0.055916
0 0.666742 0.797492 0.034056 0.031145
0 0.065128 0.135731 0.036825 0.035957
0 0.548298 0.535916 0.045213 0.039846
0 0.094028 0.502325 0.053974 0.050447
0 0.188798 0.357803 0.037014 0.033722
0 0.255792 0.522991 0.066981 0.057965
0 0.045806 0.496597 0.036387 0.035683
0 0.819572 0.403886 0.051507 0.046847
0 0.537794 0.376790 0.106926 0.092601
0 0.307095 0.940083 0.120411 0.104025
0 0.927031 0.986191 0.114246 0.027618
0 0.870681 0.612219 0.054656 0.046802
0 0.911446 0.990446 0.058900 0.018769
0 0.053165 0.546431 0.063873 0.059701
0 0.535524 0.306536 0.062047 0.057885
0 0.901006 0.866289 0.055805 0.051772
0 0.850858 0.969564 0.076556 0.060137
0 0.058623 0.541414 0.053941 0.049326
0 0.035756 0.559397 0.071512 0.073739
0 0.700610 0.329936 0.058590 0.049528
0 0.953336 0.747085 0.092297 0.394097
0 0.827512 0.403616 0.042941 0.036688
0 0.487500 0.103762 0.155834 0.134694
0 0.279842 0.835341 0.054269 0.051440
0 0.134361 0.958216 0.065882 0.062895
0 0.716627 0.278360 0.050025 0.047757
0 0.438560 0.966239 0.044255 0.041295
0 0.732738 0.313333 0.059490 0.057594
0 0.693942 0.606797 0.045548 0.040788
0 0.228207 0.272411 0.135026 0.123944
0 0.816368 0.324565 0.045049 0.040862
0 0.012282 0.373489 0.024544 0.032437
0 0.533599 0.236735 0.069452 0.063770
0 0.325835 0.944988 0.079659 0.076467
0 0.261165 0.520245 0.054111 0.048381
0 0.011994 0.273871 0.023989 0.033787
0 0.571653 0.992416 0.045431 0.014779
0 0.478838 0.328561 0.043695 0.041080
0 0.762724 0.586654 0.039536 0.033526
0 0.507594 0.701164 0.047991 0.046166