0 0.143278 0.875403 0.206522 0.184314
0 0.534108 0.868812 0.316946 0.262376
0 0.844799 0.138506 0.041517 0.038030
0 0.829728 0.484292 0.054972 0.045116
0 0.551802 0.528011 0.052383 0.045759
0 0.831916 0.646030 0.040292 0.033492
0 0.869534 0.549532 0.126319 0.106746
0 0.290742 0.377849 0.035480 0.031696
0 0.363419 0.358898 0.067561 0.056187
0 0.270809 0.711083 0.037584 0.033101
0 0.520156 0.377347 0.075410 0.062798
0 0.445099 0.447014 0.164679 0.134847
0 0.153050 0.597230 0.135392 0.119701
0 0.397315 0.237612 0.129233 0.107349
0 0.243085 0.224989 0.103636 0.093163
0 0.331358 0.805166 0.107313 0.099314
0 0.860408 0.033270 0.088935 0.066539
0 0.811936 0.988938 0.031760 0.021631
0 0.090239 0.218547 0.034544 0.029667
0 0.690618 0.496692 0.172017 0.149496
0 0.771171 0.779764 0.059585 0.048239
0 0.698894 0.208545 0.029621 0.027733
0 0.826604 0.816272 0.068227 0.057663
0 0.291907 0.480377 0.053830 0.044247
0 0.034411 0.208865 0.068228 0.065285
0 0.500602 0.601332 0.221877 0.174090
0 0.056361 0.510184 0.112722 0.148615
0 0.267598 0.672062 0.120554 0.107166
0 0.384912 0.718197 0.053135 0.046181
0 0.806164 0.864914 0.034686 0.033148
0 0.456891 0.528344 0.066880 0.054087
0 0.149859 0.533086 0.068533 0.061444
0 0.847881 0.429437 0.030422 0.026595
0 0.243738 0.365338 0.036320 0.032553
0 0.338843 0.536786 0.161249 0.153966
0 0.545419 0.267311 0.097640 0.084770
0 0.335895 0.450963 0.040370 0.038065
0 0.253933 0.400610 0.040760 0.034994
0 0.605531 0.456663 0.037456 0.034012
0 0.794775 0.885610 0.410450 0.225202