0 0.245494 0.361776 0.041659 0.041434
0 0.363729 0.791409 0.049379 0.049810
0 0.395940 0.451620 0.037463 0.037224
0 0.781602 0.929724 0.031900 0.031788
0 0.623764 0.948974 0.041364 0.041163
0 0.717163 0.274345 0.051885 0.050024
0 0.576342 0.166123 0.028003 0.028057
0 0.187812 0.246598 0.029458 0.029704
0 0.119215 0.806994 0.027638 0.027142
0 0.424832 0.322755 0.028032 0.026992
0 0.044011 0.031734 0.025765 0.025100
0 0.340339 0.301191 0.045936 0.045317
0 0.439475 0.454981 0.052092 0.052692
0 0.811643 0.302082 0.031444 0.031210
0 0.169849 0.629956 0.032367 0.032465
0 0.801042 0.992835 0.028487 0.014330
0 0.222985 0.225797 0.041981 0.041812
0 0.293911 0.754877 0.024680 0.024179
0 0.770067 0.242823 0.031949 0.032507