0 0.793963 0.577339 0.042423 0.035817
0 0.525805 0.062488 0.046454 0.040198
0 0.629160 0.323336 0.036331 0.031734
0 0.686086 0.793764 0.045632 0.036724
0 0.029274 0.283001 0.042097 0.037539
0 0.907311 0.850204 0.064908 0.052958
0 0.467510 0.101484 0.031782 0.027474
0 0.022693 0.213293 0.030773 0.027822
0 0.029069 0.494666 0.048319 0.043824
0 0.740521 0.826630 0.047669 0.038314
0 0.012777 0.257257 0.025554 0.028583
0 0.718884 0.809157 0.031926 0.026624
0 0.441418 0.765160 0.027746 0.024119
0 0.626994 0.701708 0.033270 0.029057
0 0.984123 0.896541 0.031754 0.031244
0 0.680001 0.902068 0.042012 0.033421
0 0.581086 0.386845 0.026690 0.024416
0 0.589798 0.708001 0.041197 0.035681
0 0.368358 0.807419 0.049440 0.043906
0 0.908885 0.680210 0.034095 0.029168
0 0.058950 0.962501 0.117901 0.074998
0 0.025670 0.532416 0.043139 0.036672
0 0.718095 0.929635 0.061135 0.054062
0 0.933598 0.605195 0.028568 0.024434
0 0.311949 0.981342 0.056717 0.037316