0 0.288178 0.763383 0.341393 0.327670
0 0.654290 0.874078 0.325607 0.251844
0 0.067019 0.191584 0.131196 0.170412
0 0.442271 0.530209 0.317781 0.303404
0 0.281742 0.426797 0.039266 0.037526
0 0.833093 0.404015 0.038659 0.036004
0 0.361646 0.035217 0.041087 0.038943
0 0.382838 0.234808 0.041341 0.041153
0 0.891253 0.859839 0.038921 0.037460
0 0.167372 0.411378 0.334744 0.369423
0 0.879585 0.795818 0.033301 0.032485
0 0.240949 0.163727 0.026996 0.025645
0 0.018945 0.859955 0.037891 0.101630
0 0.671101 0.077064 0.049040 0.047004
0 0.369670 0.972676 0.029069 0.028918
0 0.878166 0.832151 0.030074 0.027803
0 0.571701 0.621124 0.052019 0.049344
0 0.929990 0.400447 0.139367 0.409587
0 0.213550 0.977078 0.194021 0.045844
0 0.925057 0.919868 0.149886 0.157010
0 0.754671 0.155579 0.490659 0.309235
0 0.353979 0.258678 0.030901 0.030159
0 0.663714 0.055773 0.035200 0.032594