0 0.582625 0.790753 0.030970 0.030183
0 0.422676 0.746541 0.135996 0.131287
0 0.917267 0.463806 0.051481 0.050998
0 0.557203 0.024744 0.031810 0.029734
0 0.306216 0.167722 0.024900 0.025085
0 0.042839 0.905644 0.072070 0.069675
0 0.299504 0.310148 0.086391 0.086819
0 0.925544 0.228154 0.029546 0.029072
0 0.912500 0.710914 0.023644 0.023730
0 0.826692 0.030750 0.038478 0.036642
0 0.285042 0.738580 0.086370 0.080938
0 0.199926 0.342108 0.090264 0.085509
0 0.020544 0.838688 0.041088 0.051505
0 0.243097 0.648105 0.030051 0.028987
0 0.559579 0.713219 0.029031 0.028324
0 0.478285 0.300297 0.027883 0.027528
0 0.310991 0.414684 0.078497 0.081286
0 0.525998 0.829537 0.024697 0.024296
0 0.891825 0.378885 0.041277 0.041544
0 0.234043 0.498221 0.046754 0.047674
0 0.620019 0.034992 0.104553 0.068682
0 0.932571 0.304808 0.063356 0.061054
0 0.592230 0.164176 0.109046 0.114042