0 0.098148 0.905998 0.065569 0.059539
0 0.620543 0.741179 0.168901 0.154656
0 0.780383 0.539901 0.058113 0.050931
0 0.529020 0.814867 0.074346 0.067076
0 0.065581 0.971474 0.067093 0.056863
0 0.529277 0.951040 0.046501 0.041309
0 0.642741 0.301905 0.035859 0.033051
0 0.903095 0.037861 0.085771 0.075713
0 0.434393 0.133372 0.176400 0.163743
0 0.895089 0.235581 0.034633 0.031539
0 0.022350 0.064118 0.032990 0.030528
0 0.971052 0.029462 0.057289 0.056435
0 0.010324 0.609987 0.020268 0.035358
0 0.558440 0.273833 0.034677 0.031113
0 0.871684 0.921090 0.032829 0.029231
0 0.920044 0.156239 0.029030 0.026324
0 0.345401 0.981200 0.030463 0.026309
0 0.170973 0.967133 0.038273 0.034639
0 0.009928 0.265460 0.019856 0.030204
0 0.954575 0.884787 0.027898 0.025751
0 0.010356 0.305425 0.020711 0.071437
0 0.014052 0.156991 0.025739 0.023944
0 0.948356 0.964380 0.101578 0.071241
0 0.421370 0.513068 0.029717 0.026895
0 0.180689 0.627564 0.026636 0.024096
0 0.333756 0.892627 0.034851 0.030292
0 0.161647 0.992487 0.031618 0.014524
0 0.190862 0.181782 0.381725 0.363353
0 0.008582 0.824803 0.017164 0.022710
0 0.170071 0.765173 0.025716 0.023523
0 0.205705 0.571949 0.031762 0.029646
0 0.546027 0.292618 0.022884 0.021697
0 0.498589 0.622268 0.108310 0.095348
0 0.243309 0.957272 0.155134 0.085456
0 0.011647 0.897174 0.023115 0.024395
0 0.678093 0.092807 0.053231 0.051342
0 0.159009 0.007281 0.025650 0.014563
0 0.864061 0.358554 0.024139 0.022713