0 0.398164 0.944790 0.045369 0.045874
0 0.619257 0.868051 0.027907 0.027483
0 0.582710 0.815941 0.029898 0.029461
0 0.130741 0.861433 0.033795 0.033567
0 0.854506 0.812971 0.030378 0.030510
0 0.654052 0.369384 0.046893 0.046458
0 0.877142 0.711954 0.032816 0.032330
0 0.359268 0.818583 0.028668 0.029283
0 0.211282 0.445015 0.036560 0.036546
0 0.481798 0.173590 0.037047 0.036019
0 0.428910 0.073236 0.034167 0.032944
0 0.558903 0.956432 0.033922 0.034317
0 0.661742 0.294990 0.030235 0.029535
0 0.652206 0.767315 0.033121 0.033072
0 0.804049 0.909535 0.026829 0.026833
0 0.746522 0.939695 0.020089 0.020445
0 0.957721 0.524450 0.082921 0.216613
0 0.768045 0.659867 0.033310 0.033363
0 0.127484 0.200452 0.037293 0.037012
0 0.113439 0.098456 0.045932 0.044637
0 0.258042 0.425084 0.036108 0.034485
0 0.698142 0.140996 0.060865 0.061671
0 0.440646 0.209741 0.030982 0.029569
0 0.601436 0.017964 0.060561 0.035542
0 0.905781 0.177247 0.032819 0.032190
0 0.039854 0.413538 0.079708 0.081862
0 0.936956 0.121878 0.024240 0.024532
0 0.705099 0.872653 0.027730 0.027640
0 0.157796 0.978592 0.037516 0.037564
0 0.485516 0.892877 0.047109 0.046672
0 0.562647 0.582013 0.030605 0.030893
0 0.780712 0.990722 0.044909 0.018453
0 0.746359 0.879522 0.062820 0.065246
0 0.850323 0.887693 0.079025 0.077341
0 0.884210 0.411485 0.073303 0.072274
0 0.393515 0.828397 0.017781 0.017747
0 0.714789 0.824510 0.028410 0.028379
0 0.705938 0.981301 0.062882 0.037399
0 0.839652 0.951751 0.109608 0.096498
0 0.172391 0.872338 0.050157 0.050014
0 0.391095 0.034974 0.028472 0.027346
0 0.462187 0.379946 0.025329 0.025245
0 0.344709 0.154469 0.046499 0.044453
0 0.509821 0.970787 0.055363 0.053739
0 0.745010 0.021981 0.026616 0.026768
0 0.308909 0.769899 0.019435 0.019797
0 0.427042 0.006201 0.025441 0.012225
0 0.257716 0.739485 0.031353 0.031513
0 0.063555 0.983045 0.062979 0.033709
0 0.166993 0.028296 0.037188 0.034612
0 0.848442 0.934389 0.129806 0.126608
0 0.275874 0.915267 0.071594 0.068418
0 0.253562 0.883612 0.084004 0.083870
0 0.290551 0.583379 0.023399 0.023039
0 0.321131 0.851580 0.058562 0.057146
0 0.025758 0.019291 0.022048 0.021584
0 0.773313 0.482337 0.023360 0.022692
0 0.866386 0.360020 0.078515 0.076000
0 0.503566 0.277524 0.023668 0.023461
0 0.122046 0.365122 0.120296 0.121138
0 0.925067 0.902183 0.018897 0.018997