0 0.484705 0.711596 0.123174 0.110265
0 0.518097 0.931156 0.183957 0.137604
0 0.918441 0.535105 0.136644 0.126229
0 0.125152 0.205093 0.133177 0.124587
0 0.592553 0.871960 0.030721 0.029642
0 0.125247 0.742739 0.147344 0.127281
0 0.314830 0.211860 0.041433 0.036357
0 0.160776 0.978369 0.055090 0.042926
0 0.350303 0.961523 0.050056 0.041777
0 0.703738 0.311368 0.044383 0.037403
0 0.809331 0.911842 0.024197 0.024150
0 0.181673 0.934875 0.043247 0.038830
0 0.647603 0.345660 0.067288 0.061148
0 0.738070 0.842875 0.032269 0.032395
0 0.030705 0.888455 0.056095 0.049267
0 0.036059 0.971296 0.040659 0.034948
0 0.981570 0.984248 0.032148 0.030011
0 0.297567 0.405850 0.046853 0.041470
0 0.722287 0.774077 0.038844 0.036369
0 0.619439 0.787789 0.040039 0.037075
0 0.136643 0.521778 0.048339 0.039330
0 0.819542 0.733753 0.039330 0.035721
0 0.774331 0.217359 0.054385 0.048952
0 0.313220 0.455858 0.072650 0.061767
0 0.942446 0.989282 0.040680 0.021436
0 0.051543 0.491293 0.052017 0.046438
0 0.035158 0.169964 0.042946 0.040361
0 0.582066 0.297038 0.036894 0.033041
0 0.248855 0.631360 0.033018 0.029929
0 0.086553 0.659522 0.098677 0.085253
0 0.605033 0.276268 0.045032 0.035775
0 0.258639 0.009824 0.059827 0.018972
0 0.364706 0.279116 0.032866 0.027818
0 0.172426 0.286964 0.048460 0.043977
0 0.935597 0.010892 0.043771 0.021784
0 0.960281 0.800408 0.041143 0.037546
0 0.754714 0.495634 0.032957 0.030365
0 0.797698 0.808422 0.032676 0.031985
0 0.171030 0.602764 0.050900 0.045914
0 0.765244 0.316543 0.043439 0.040144
0 0.210127 0.098043 0.028778 0.027128
0 0.907162 0.611963 0.033829 0.029378
0 0.202335 0.526563 0.047745 0.037799
0 0.690520 0.522355 0.041602 0.037960
0 0.741626 0.086738 0.033552 0.030942
0 0.704393 0.443098 0.044449 0.038084
0 0.324404 0.280016 0.036384 0.031830
0 0.615692 0.256878 0.030754 0.028887
0 0.923294 0.799328 0.037379 0.036031
0 0.288457 0.484444 0.041484 0.036164
0 0.026538 0.331096 0.045854 0.040877
0 0.391491 0.975144 0.036743 0.033363
0 0.347560 0.779292 0.036634 0.032422
0 0.212653 0.447691 0.040830 0.035544
0 0.793666 0.188665 0.056833 0.052125
0 0.827123 0.849337 0.038551 0.035794
0 0.017268 0.309196 0.024922 0.023550
0 0.366909 0.933738 0.028893 0.025599
0 0.643952 0.926732 0.025465 0.023923
0 0.114003 0.981404 0.042197 0.035992
0 0.296525 0.260388 0.035201 0.034396
0 0.374381 0.585841 0.029028 0.027645
0 0.602325 0.898770 0.029617 0.028174
0 0.200428 0.969473 0.030057 0.026994
0 0.449626 0.379230 0.051102 0.041376
0 0.950556 0.900578 0.018642 0.018571
0 0.782534 0.370308 0.043840 0.040610
0 0.230353 0.083726 0.025834 0.023778
0 0.197980 0.302630 0.028764 0.026845
0 0.230005 0.499268 0.035607 0.029912
0 0.835630 0.792740 0.027277 0.024673
0 0.364270 0.832946 0.030925 0.029153
0 0.555449 0.534012 0.063034 0.057459
0 0.355438 0.220791 0.042492 0.038313
0 0.429075 0.994739 0.026518 0.010521
0 0.069278 0.145523 0.040440 0.037314
0 0.015679 0.803152 0.031270 0.028743
0 0.045554 0.358403 0.031138 0.028629
0 0.219095 0.902504 0.031299 0.028233
0 0.605209 0.943800 0.027910 0.026897
0 0.408222 0.301688 0.056445 0.049995
0 0.017983 0.462291 0.035966 0.048523
0 0.576241 0.776251 0.029519 0.027420
0 0.901992 0.809724 0.030706 0.030263
0 0.904992 0.576051 0.033715 0.030919
0 0.899920 0.438879 0.027581 0.026668
0 0.991393 0.265091 0.017214 0.031997
0 0.200638 0.484421 0.036214 0.030553
0 0.798210 0.594815 0.039630 0.034538
0 0.869417 0.885759 0.018772 0.019087
0 0.587560 0.093109 0.030437 0.028280
0 0.258226 0.152810 0.028658 0.025746
0 0.444305 0.383465 0.047616 0.039466
0 0.517461 0.008486 0.041867 0.016543
0 0.986621 0.855240 0.019416 0.018982
0 0.428847 0.885846 0.037492 0.032505
0 0.498864 0.809642 0.024826 0.023992
0 0.170811 0.108841 0.023068 0.022987
0 0.494229 0.784640 0.034831 0.031115
0 0.011424 0.358985 0.022384 0.025464
0 0.788321 0.161807 0.038847 0.031705
0 0.413926 0.321499 0.037144 0.033281
0 0.021572 0.388156 0.041991 0.041576
0 0.209515 0.058537 0.025636 0.024341
0 0.583226 0.302340 0.039490 0.035399