0 0.374165 0.522499 0.094716 0.091165
0 0.473128 0.356766 0.049899 0.048202
0 0.294805 0.239726 0.053925 0.051775
0 0.154412 0.107038 0.051862 0.051119
0 0.044860 0.677029 0.033226 0.032312
0 0.489129 0.658482 0.041017 0.038908
0 0.216022 0.645407 0.037401 0.035367
0 0.687131 0.456693 0.033144 0.033480
0 0.314884 0.684842 0.034168 0.033067
0 0.785355 0.637630 0.037650 0.037235
0 0.951630 0.203340 0.029437 0.028646
0 0.665604 0.143618 0.507189 0.285084
0 0.991017 0.292642 0.017820 0.029722
0 0.693488 0.225594 0.115769 0.110349
0 0.397268 0.016627 0.036948 0.033254
0 0.903238 0.625319 0.036362 0.035548
0 0.979458 0.031481 0.028455 0.029861
0 0.942662 0.276395 0.025626 0.024545
0 0.752167 0.170539 0.027069 0.027357
0 0.293780 0.562727 0.045183 0.043054
0 0.810446 0.480533 0.361057 0.411040
0 0.970605 0.021153 0.058790 0.041975
0 0.511196 0.377784 0.280396 0.261652
0 0.522368 0.534925 0.058700 0.059077
0 0.206995 0.221174 0.084563 0.083576