0 0.138868 0.324579 0.173143 0.148405
0 0.572213 0.666488 0.047361 0.036656
0 0.501826 0.027080 0.070434 0.054160
0 0.376642 0.558770 0.070625 0.055062
0 0.860721 0.355056 0.033500 0.028868
0 0.718117 0.366421 0.031205 0.026162
0 0.023478 0.010573 0.037337 0.020888
0 0.022448 0.844319 0.044895 0.042343
0 0.211408 0.693180 0.039717 0.033793
0 0.433791 0.427908 0.036227 0.029459
0 0.740692 0.849963 0.032563 0.027882
0 0.403746 0.157767 0.034526 0.030767
0 0.744208 0.882491 0.031080 0.026018
0 0.176249 0.596879 0.085783 0.062908
0 0.973068 0.284024 0.053219 0.103353
0 0.351803 0.061237 0.072091 0.062278
0 0.031724 0.073880 0.028563 0.025471
0 0.612212 0.953288 0.035265 0.025763
0 0.215717 0.145304 0.045920 0.038186
0 0.744868 0.786753 0.029745 0.024372
0 0.221506 0.083033 0.058104 0.050446
0 0.554187 0.577895 0.028101 0.024308
0 0.668580 0.294314 0.030473 0.025868
0 0.253806 0.698766 0.049428 0.042428
0 0.089031 0.005777 0.042595 0.011347
0 0.974030 0.277048 0.051939 0.074374
0 0.077923 0.966429 0.155845 0.067143
0 0.209484 0.404554 0.037603 0.031686
0 0.202549 0.228658 0.141676 0.119073
0 0.008497 0.769617 0.016993 0.039888
0 0.059791 0.632390 0.118720 0.090063
0 0.162107 0.526620 0.072142 0.057700