0 0.918301 0.414263 0.055513 0.052171
0 0.628025 0.947341 0.184458 0.105310
0 0.119418 0.796172 0.093852 0.089925
0 0.060870 0.963659 0.037739 0.035904
0 0.022474 0.738013 0.043688 0.058390
0 0.774232 0.335326 0.043416 0.042190
0 0.862589 0.166865 0.101285 0.100241
0 0.406463 0.047080 0.033942 0.031984
0 0.908273 0.234918 0.038245 0.035200
0 0.697635 0.615083 0.032274 0.030945
0 0.173393 0.631760 0.047327 0.042186
0 0.789552 0.777902 0.033750 0.032776
0 0.728634 0.427534 0.049303 0.048298
0 0.985630 0.327089 0.028741 0.037748
0 0.955298 0.276752 0.088889 0.097163
0 0.792230 0.091721 0.085853 0.082425
0 0.272051 0.859234 0.034324 0.032815
0 0.495415 0.249985 0.032461 0.032281
0 0.586851 0.898101 0.035768 0.034306
0 0.192070 0.924432 0.032200 0.030111
0 0.239700 0.205962 0.415404 0.351427
0 0.481521 0.701214 0.052691 0.049877
0 0.718562 0.470372 0.029282 0.027793
0 0.634480 0.380150 0.028949 0.028729
0 0.385239 0.740574 0.030042 0.028818
0 0.567657 0.072108 0.034238 0.032862
0 0.857374 0.290524 0.033699 0.032300
0 0.368177 0.949813 0.187946 0.100374
0 0.548460 0.935808 0.030226 0.028616
0 0.444971 0.495711 0.031487 0.030755
0 0.325912 0.412577 0.478733 0.461256
0 0.958858 0.361225 0.036018 0.034761
0 0.978090 0.269914 0.043819 0.064004
0 0.946547 0.256588 0.056211 0.052221
0 0.700098 0.851870 0.068203 0.064094
0 0.881187 0.547826 0.036284 0.034739
0 0.985641 0.483032 0.028717 0.063858
0 0.191210 0.138376 0.030337 0.028825
0 0.849148 0.757404 0.031963 0.031893
0 0.171775 0.806166 0.028694 0.028346
0 0.418446 0.667692 0.030682 0.028800
0 0.240572 0.117138 0.030936 0.031170
0 0.839079 0.896951 0.027403 0.026337
0 0.272346 0.819183 0.040005 0.035951
0 0.728324 0.795438 0.043806 0.041479
0 0.866051 0.254288 0.028717 0.028516
0 0.789547 0.064752 0.023199 0.024143
0 0.986750 0.480729 0.026501 0.091209
0 0.728675 0.274181 0.033103 0.031987
0 0.448252 0.661910 0.028985 0.028410
0 0.915882 0.720767 0.168088 0.430920