0 0.340805 0.824959 0.077258 0.059703
0 0.378381 0.783863 0.049052 0.040315
0 0.646203 0.039939 0.040455 0.033838
0 0.251328 0.341677 0.043583 0.037050
0 0.925555 0.302044 0.043213 0.033661
0 0.730350 0.075800 0.051974 0.040694
0 0.510409 0.963516 0.045990 0.035849
0 0.333431 0.027666 0.199466 0.055333
0 0.375805 0.914898 0.201091 0.162595
0 0.484260 0.262348 0.036170 0.030758
0 0.963705 0.966606 0.072589 0.065643
0 0.789794 0.872244 0.156096 0.119029
0 0.674862 0.783547 0.082384 0.065529
0 0.703367 0.223961 0.050939 0.040545
0 0.084607 0.043253 0.035823 0.029460
0 0.733419 0.521019 0.533161 0.496670
0 0.830304 0.485148 0.035499 0.029018
0 0.105402 0.955438 0.169241 0.089124
0 0.951288 0.879006 0.087932 0.072502
0 0.979476 0.158670 0.038196 0.028965
0 0.276538 0.843385 0.070268 0.059483
0 0.915208 0.178386 0.045735 0.035204
0 0.644189 0.515865 0.711622 0.577173
0 0.026837 0.382562 0.053673 0.127984
0 0.234049 0.978350 0.041315 0.033879
0 0.743192 0.960727 0.039399 0.031330
0 0.956950 0.346204 0.069096 0.055840
0 0.717468 0.722678 0.033607 0.028621
0 0.662428 0.460434 0.030592 0.026548
0 0.889744 0.478179 0.029926 0.025660
0 0.216599 0.866611 0.207063 0.173597
0 0.035957 0.649558 0.026825 0.025385
0 0.794171 0.795969 0.074255 0.061123
0 0.303886 0.539218 0.026791 0.025928
0 0.673161 0.667941 0.034395 0.028225
0 0.061300 0.303912 0.094696 0.082334
0 0.974404 0.304886 0.051192 0.045219
0 0.164262 0.646278 0.026972 0.024607