0 0.479553 0.216451 0.057748 0.055393
0 0.074142 0.503117 0.059091 0.055600
0 0.432202 0.249718 0.047957 0.045284
0 0.512820 0.594492 0.060486 0.057271
0 0.882228 0.196310 0.088223 0.081869
0 0.466222 0.574603 0.055829 0.052110
0 0.961711 0.900704 0.035594 0.033805
0 0.254186 0.927891 0.044930 0.040083
0 0.595096 0.214233 0.039645 0.035215
0 0.615310 0.087666 0.042871 0.041038
0 0.271711 0.638920 0.045190 0.042995
0 0.137232 0.302333 0.051268 0.048258
0 0.585894 0.530471 0.041247 0.037358
0 0.850046 0.056186 0.056163 0.050021
0 0.251643 0.548983 0.039844 0.037930
0 0.466367 0.846737 0.037789 0.034130
0 0.325036 0.962240 0.040506 0.034842
0 0.827244 0.238286 0.054292 0.049773
0 0.023647 0.480201 0.047295 0.064305
0 0.648271 0.167044 0.035928 0.033139
0 0.601993 0.958279 0.038663 0.036194
0 0.802534 0.151923 0.038891 0.037311
0 0.288407 0.229779 0.042120 0.039572
0 0.040396 0.262323 0.048275 0.047706
0 0.645490 0.282696 0.033663 0.030363
0 0.400616 0.671121 0.032469 0.031207
0 0.593608 0.029359 0.033631 0.030840
0 0.243169 0.321845 0.031606 0.030623
0 0.906932 0.341563 0.079193 0.075772
0 0.318561 0.483512 0.032410 0.029538
0 0.454598 0.528501 0.048998 0.046111
0 0.787416 0.370458 0.052506 0.052404
0 0.825116 0.647641 0.067787 0.063054
0 0.056620 0.317969 0.049579 0.046168
0 0.794470 0.599956 0.064145 0.060308
0 0.115143 0.721477 0.228366 0.446049
0 0.598128 0.598263 0.060637 0.058027
0 0.096614 0.114165 0.057078 0.053339
0 0.956383 0.989938 0.034127 0.019601
0 0.086352 0.279078 0.045249 0.042600
0 0.353712 0.917581 0.073943 0.069874
0 0.809866 0.013666 0.042080 0.027171
0 0.058791 0.327471 0.053817 0.055586
0 0.919072 0.843719 0.059938 0.057391
0 0.313734 0.619107 0.028501 0.027509
0 0.688907 0.845259 0.033403 0.030781
0 0.762392 0.236777 0.032490 0.031776
0 0.063715 0.338306 0.044248 0.043371
0 0.787623 0.364638 0.045821 0.041498
0 0.755322 0.931849 0.027136 0.026484
0 0.011537 0.269668 0.023073 0.087498
0 0.397575 0.955077 0.035093 0.032849
0 0.115899 0.353536 0.052387 0.050002
0 0.493807 0.824364 0.031731 0.029589
0 0.270340 0.374933 0.257075 0.263903
0 0.338801 0.913956 0.101931 0.089051
0 0.339562 0.712754 0.028624 0.027083
0 0.181485 0.988551 0.033634 0.022898
0 0.499921 0.459565 0.039202 0.036987
0 0.879985 0.018685 0.044630 0.037085
0 0.971139 0.798142 0.056718 0.136664
0 0.352338 0.841018 0.026701 0.025793
0 0.535061 0.987099 0.078246 0.025802
0 0.752949 0.907807 0.252263 0.184387
0 0.677505 0.779313 0.115109 0.108073