0 0.308659 0.243767 0.045817 0.038418
0 0.350797 0.423842 0.045187 0.037513
0 0.497633 0.330412 0.049450 0.042893
0 0.283137 0.505811 0.045325 0.036439
0 0.481226 0.377116 0.039780 0.033575
0 0.445085 0.981603 0.038765 0.032824
0 0.152819 0.975278 0.028434 0.026702
0 0.041691 0.883663 0.029892 0.029185
0 0.042930 0.736318 0.027910 0.026557
0 0.037093 0.260513 0.028386 0.027732
0 0.223645 0.647064 0.028082 0.026598
0 0.195637 0.420317 0.022185 0.021605
0 0.424629 0.215278 0.030670 0.027011
0 0.065792 0.652047 0.026519 0.026687
0 0.312054 0.428888 0.032626 0.028047
0 0.285012 0.938642 0.118887 0.090862
0 0.163392 0.583891 0.020327 0.020189
0 0.144791 0.206726 0.063753 0.058243
0 0.593639 0.445722 0.025037 0.028814
0 0.434081 0.806052 0.032012 0.027934
0 0.036200 0.932696 0.018077 0.016898
0 0.579617 0.425464 0.024487 0.022851
0 0.028770 0.348888 0.057300 0.071235
0 0.423682 0.062693 0.177094 0.125386