0 0.501509 0.021609 0.071443 0.041648
0 0.884659 0.306375 0.043076 0.032055
0 0.812857 0.419792 0.048785 0.038130
0 0.807590 0.206154 0.038379 0.028049
0 0.248403 0.313909 0.038377 0.028648
0 0.421649 0.144280 0.047417 0.036061
0 0.850698 0.747823 0.169903 0.110945
0 0.611011 0.019321 0.031254 0.024272
0 0.212559 0.631454 0.029997 0.021627
0 0.118452 0.298360 0.039510 0.029626
0 0.857094 0.334056 0.026491 0.023195
0 0.220609 0.785772 0.038256 0.026811
0 0.119797 0.643102 0.048915 0.035527
0 0.637744 0.126841 0.213577 0.170089
0 0.148146 0.375604 0.069306 0.049695