0 0.352349 0.100612 0.120326 0.110904
0 0.315087 0.604570 0.093022 0.088815
0 0.757708 0.275280 0.356047 0.352263
0 0.516985 0.048809 0.048137 0.043564
0 0.874265 0.514974 0.051233 0.048211
0 0.839069 0.029527 0.031213 0.030615
0 0.653365 0.297902 0.034745 0.033712
0 0.860070 0.707129 0.041534 0.038152
0 0.898229 0.554884 0.032166 0.030743
0 0.678176 0.777832 0.036174 0.033924
0 0.545353 0.400739 0.039010 0.036422
0 0.556763 0.517067 0.029131 0.027089
0 0.264974 0.737709 0.036932 0.033725
0 0.539523 0.707425 0.029357 0.028494
0 0.809525 0.446389 0.031556 0.029957
0 0.045045 0.327748 0.029131 0.028514
0 0.116861 0.915183 0.233723 0.169634
0 0.985456 0.730021 0.028996 0.036456
0 0.280244 0.579225 0.042573 0.040127
0 0.426634 0.663999 0.030112 0.029667
0 0.506822 0.563277 0.033558 0.030435
0 0.410013 0.737143 0.028743 0.027824
0 0.487859 0.583228 0.036995 0.035068
0 0.410074 0.009890 0.041199 0.019775
0 0.629098 0.125463 0.037657 0.034188
0 0.767606 0.515184 0.030277 0.028172
0 0.383315 0.030957 0.042371 0.039221
0 0.614635 0.708228 0.034370 0.033025
0 0.763860 0.252234 0.039752 0.037428
0 0.192350 0.014440 0.035848 0.028855
0 0.750920 0.920145 0.028498 0.027053
0 0.897619 0.911537 0.031565 0.030309
0 0.267880 0.711945 0.032329 0.029150
0 0.425873 0.685854 0.025717 0.024600
0 0.598172 0.980968 0.042621 0.037343
0 0.688347 0.548932 0.028894 0.026995
0 0.171213 0.092488 0.027234 0.026228
0 0.497380 0.278369 0.030979 0.030217
0 0.491909 0.883240 0.025429 0.025343
0 0.392039 0.213244 0.034732 0.031341
0 0.902863 0.947772 0.031476 0.030559
0 0.814371 0.515515 0.027105 0.025856
0 0.259821 0.668958 0.030297 0.028762
0 0.982898 0.919475 0.027015 0.025811
0 0.172839 0.757352 0.037712 0.035473
0 0.265081 0.014422 0.040312 0.028184
0 0.878974 0.091553 0.031423 0.030865
0 0.430314 0.288661 0.038639 0.038036
0 0.898600 0.856592 0.151299 0.140023
0 0.987732 0.009394 0.024536 0.018354
0 0.991816 0.199292 0.016077 0.024053
0 0.850384 0.182398 0.025157 0.024519
0 0.643502 0.665452 0.031499 0.028477
0 0.766747 0.227956 0.032459 0.029886
0 0.514345 0.876656 0.024358 0.024694
0 0.495127 0.446276 0.034138 0.031569
0 0.548974 0.271939 0.026679 0.025253
0 0.560743 0.479100 0.025887 0.025758
0 0.773994 0.688557 0.026413 0.025153
0 0.403698 0.279595 0.042079 0.039637
0 0.770557 0.573631 0.027300 0.025963