0 0.826240 0.644706 0.347520 0.298641
0 0.573122 0.739952 0.113242 0.092943
0 0.423056 0.769381 0.142710 0.113741
0 0.788589 0.175375 0.414133 0.349267
0 0.382579 0.665621 0.054902 0.043830
0 0.498427 0.478395 0.064939 0.050991
0 0.033370 0.875242 0.054743 0.043555
0 0.308418 0.555396 0.066976 0.053684
0 0.513650 0.016796 0.051675 0.031878
0 0.517537 0.103670 0.107093 0.088625
0 0.369755 0.487223 0.055295 0.043821
0 0.772169 0.392364 0.041291 0.033135
0 0.375765 0.169929 0.069816 0.058338
0 0.814219 0.809382 0.107775 0.093349
0 0.428646 0.077355 0.046996 0.040451
0 0.571554 0.962993 0.041692 0.033335
0 0.564175 0.115060 0.051494 0.042938
0 0.676093 0.518008 0.040276 0.032622
0 0.419415 0.039192 0.074208 0.059178
0 0.633068 0.647814 0.037732 0.030150
0 0.588034 0.404107 0.036441 0.029130
0 0.911807 0.142195 0.042004 0.033241
0 0.285194 0.398409 0.038682 0.032934
0 0.811341 0.079898 0.039199 0.033170
0 0.220378 0.223532 0.037166 0.030700
0 0.249310 0.612772 0.041725 0.031502
0 0.474505 0.042665 0.033082 0.030204
0 0.367628 0.972246 0.074682 0.055507
0 0.128719 0.830548 0.046769 0.038334
0 0.916003 0.578515 0.038772 0.031883
0 0.926804 0.304554 0.066862 0.053320
0 0.249591 0.208321 0.033343 0.028221
0 0.366403 0.876937 0.035873 0.030604
0 0.859025 0.414324 0.043402 0.035601
0 0.369190 0.955637 0.078528 0.065535
0 0.052172 0.171728 0.063735 0.052219
0 0.960319 0.077298 0.077590 0.154597
0 0.366813 0.982229 0.067421 0.035542
0 0.145585 0.758717 0.034404 0.026820
0 0.363557 0.044727 0.038367 0.032822
0 0.886969 0.411664 0.103923 0.080714
0 0.795437 0.994180 0.044983 0.011641
0 0.915735 0.304497 0.085598 0.061708
0 0.148208 0.984273 0.034559 0.030695
0 0.995431 0.432912 0.009019 0.031262
0 0.461195 0.257398 0.036181 0.029985
0 0.220978 0.095986 0.356105 0.188513
0 0.858659 0.931157 0.182900 0.137686
0 0.113266 0.610635 0.041418 0.032825
0 0.024211 0.729958 0.048422 0.259435