0 0.641374 0.369106 0.184641 0.173782
0 0.810243 0.239250 0.034801 0.033850
0 0.963120 0.480779 0.035746 0.035645
0 0.765305 0.645725 0.170759 0.146832
0 0.377267 0.604110 0.403419 0.382410
0 0.546741 0.226731 0.046632 0.045840
0 0.946927 0.538224 0.041779 0.040659
0 0.793121 0.376292 0.064740 0.061640
0 0.904208 0.084968 0.044713 0.043201
0 0.954285 0.583270 0.026846 0.026350
0 0.354943 0.243534 0.039756 0.037096
0 0.505926 0.708423 0.036704 0.034073
0 0.880238 0.007867 0.045158 0.015511
0 0.765816 0.241946 0.030036 0.029933
0 0.456981 0.734502 0.051170 0.051492
0 0.461111 0.430456 0.059435 0.056403
0 0.678537 0.456760 0.035690 0.034616
0 0.907601 0.146119 0.036357 0.035744
0 0.943567 0.611400 0.030800 0.031159
0 0.912847 0.110342 0.023765 0.023309
0 0.230265 0.202119 0.034243 0.034570
0 0.834243 0.627509 0.036580 0.034864
0 0.627152 0.486602 0.035459 0.033940
0 0.980117 0.130806 0.032812 0.031666
0 0.861962 0.666987 0.048508 0.049009
0 0.493425 0.301466 0.033669 0.032917
0 0.291730 0.305231 0.037588 0.036064
0 0.663342 0.169791 0.042645 0.041857
0 0.943528 0.334010 0.036286 0.035822
0 0.881687 0.955130 0.049933 0.049098
0 0.504259 0.370302 0.034572 0.033519
0 0.773498 0.008770 0.037334 0.017426
0 0.775719 0.468323 0.094558 0.094794
0 0.665179 0.174006 0.036412 0.035222
0 0.955511 0.269503 0.032680 0.031943
0 0.628981 0.181098 0.042562 0.041983
0 0.936626 0.100833 0.029498 0.027893
0 0.942913 0.236063 0.023742 0.022951
0 0.910666 0.534065 0.033252 0.032671