0 0.793109 0.696596 0.269223 0.226229
0 0.625475 0.093326 0.129232 0.104444
0 0.615776 0.475655 0.207635 0.161053
0 0.033061 0.885669 0.066122 0.079266
0 0.223636 0.073435 0.095283 0.073366
0 0.619732 0.303691 0.139540 0.111006
0 0.639522 0.629171 0.040984 0.034013
0 0.759451 0.293888 0.074854 0.062487
0 0.237166 0.828820 0.119353 0.098135
0 0.864836 0.951444 0.094486 0.072475
0 0.237695 0.453777 0.464392 0.367817
0 0.732274 0.197747 0.053620 0.041844
0 0.090792 0.679913 0.180690 0.379110
0 0.840572 0.367649 0.053379 0.041263
0 0.552167 0.681908 0.119966 0.096616
0 0.862642 0.244145 0.182728 0.157378
0 0.344106 0.735798 0.197524 0.169307
0 0.788221 0.343121 0.053005 0.039508
0 0.855186 0.990995 0.049402 0.017818
0 0.743845 0.372220 0.034937 0.028194
0 0.644022 0.225642 0.130116 0.103845
0 0.211782 0.178210 0.242105 0.194017
0 0.533475 0.889686 0.162916 0.107860
0 0.351602 0.288439 0.227155 0.174852
0 0.040124 0.986601 0.055313 0.026797
0 0.670872 0.948627 0.078502 0.059243
0 0.568613 0.954781 0.105461 0.081927
0 0.952550 0.392604 0.094207 0.096781
0 0.747807 0.978203 0.159186 0.043594
0 0.962116 0.908978 0.075768 0.102376
0 0.264374 0.162571 0.138977 0.114584
0 0.389159 0.286882 0.308179 0.190232
0 0.360582 0.151388 0.471282 0.297382
0 0.405985 0.229558 0.370699 0.295590
0 0.887692 0.390024 0.040922 0.031952
0 0.958605 0.859514 0.033240 0.026777
0 0.946227 0.285547 0.103226 0.085317
0 0.707790 0.530151 0.056214 0.043899
0 0.621816 0.982579 0.094510 0.034843
0 0.148654 0.139390 0.138697 0.115138
0 0.946140 0.195857 0.107720 0.112411
0 0.011760 0.284197 0.023520 0.092338
0 0.981026 0.338268 0.037948 0.094554
0 0.743213 0.495418 0.050872 0.041427
0 0.986747 0.511399 0.026236 0.047118
0 0.883616 0.240254 0.227991 0.180841
0 0.492256 0.018376 0.062272 0.036752
0 0.205138 0.197926 0.189938 0.150834
0 0.613769 0.366294 0.073551 0.059872
0 0.745014 0.980015 0.124366 0.039387
0 0.639024 0.160588 0.051836 0.041298
0 0.576895 0.943732 0.119069 0.091003
0 0.740042 0.075966 0.038293 0.029439