0 0.498154 0.231468 0.084033 0.082511
0 0.866363 0.515127 0.032786 0.031529
0 0.199064 0.747701 0.033205 0.031999
0 0.987507 0.727056 0.024985 0.051160
0 0.724349 0.433843 0.045305 0.043545
0 0.981404 0.495346 0.035434 0.035951
0 0.112559 0.941216 0.037028 0.033018
0 0.769032 0.421033 0.047782 0.046202
0 0.232251 0.742442 0.028371 0.027834
0 0.043532 0.915815 0.027524 0.025350
0 0.256697 0.659827 0.025739 0.025290
0 0.660556 0.048250 0.137854 0.096500
0 0.676924 0.487616 0.034209 0.032341
0 0.149410 0.742776 0.026306 0.025986
0 0.649199 0.452752 0.032639 0.031842
0 0.025341 0.300834 0.050683 0.146110
0 0.706529 0.808641 0.022773 0.022057
0 0.787569 0.236305 0.049358 0.045278
0 0.915833 0.456149 0.051964 0.045061
0 0.911408 0.436434 0.062628 0.060589
0 0.037310 0.937281 0.027021 0.027792
0 0.108712 0.938638 0.035004 0.030862
0 0.570037 0.045057 0.051330 0.049835
0 0.837292 0.280825 0.026272 0.025068
0 0.195599 0.181000 0.075530 0.071811