0 0.831950 0.424107 0.304034 0.298362
0 0.506868 0.675927 0.059948 0.058812
0 0.954919 0.720164 0.090163 0.107065
0 0.612977 0.717385 0.073024 0.070410
0 0.446218 0.117180 0.057530 0.057069
0 0.057485 0.790189 0.052443 0.052583
0 0.344814 0.888448 0.036528 0.037455
0 0.247442 0.767317 0.043091 0.042009
0 0.717240 0.843474 0.263695 0.252170
0 0.463354 0.245814 0.057618 0.057423
0 0.310327 0.805889 0.036912 0.036763
0 0.113443 0.114942 0.034491 0.033985
0 0.458533 0.765220 0.036818 0.036463
0 0.179447 0.867109 0.039803 0.038895
0 0.139283 0.872859 0.034715 0.033578
0 0.285472 0.736183 0.042996 0.042409
0 0.013089 0.491635 0.025767 0.033010
0 0.430503 0.404807 0.034864 0.033276
0 0.506354 0.214445 0.050037 0.048505
0 0.011744 0.987075 0.023263 0.025545
0 0.233166 0.021647 0.098097 0.043294
0 0.958046 0.592074 0.083909 0.092566
0 0.286222 0.919006 0.031152 0.030058
0 0.608243 0.204178 0.058880 0.058114
0 0.582052 0.257107 0.033050 0.031217
0 0.936014 0.659433 0.078443 0.074374
0 0.480822 0.497099 0.034795 0.033279
0 0.514294 0.281533 0.035545 0.034183
0 0.568210 0.218347 0.046106 0.043921
0 0.401134 0.466603 0.086835 0.085360
0 0.699385 0.092126 0.033344 0.032193
0 0.020022 0.650440 0.040034 0.046019
0 0.465895 0.982193 0.053249 0.035614
0 0.020468 0.303704 0.040032 0.069171
0 0.025037 0.790677 0.027530 0.027018
0 0.801374 0.692314 0.084800 0.074748
0 0.780793 0.727725 0.057227 0.055563
0 0.736968 0.652675 0.088999 0.086025
0 0.414262 0.234309 0.043819 0.043494
0 0.690742 0.183978 0.028899 0.028793
0 0.210102 0.580767 0.035609 0.035863
0 0.135840 0.048305 0.126832 0.096610
0 0.587595 0.487323 0.040519 0.037621
0 0.566256 0.062616 0.027045 0.027357
0 0.037445 0.047761 0.074889 0.095522
0 0.091960 0.439471 0.025352 0.025686
0 0.503309 0.865965 0.046388 0.045974
0 0.462317 0.170555 0.028623 0.028572
0 0.706540 0.548280 0.058443 0.053126
0 0.399088 0.194449 0.043117 0.041867
0 0.053605 0.239860 0.052685 0.052011
0 0.715473 0.743446 0.074529 0.070421
0 0.843717 0.746696 0.049111 0.046115
0 0.548009 0.416992 0.052588 0.049861
0 0.773280 0.189452 0.041841 0.039799
0 0.683971 0.227695 0.027757 0.026807
0 0.541332 0.568837 0.033049 0.032471
0 0.356653 0.418537 0.045795 0.051226