0 0.360680 0.054023 0.097482 0.083533
0 0.574391 0.729853 0.351034 0.294299
0 0.329138 0.140111 0.146380 0.121319
0 0.939158 0.266756 0.120852 0.145958
0 0.830594 0.414659 0.124307 0.093854
0 0.942306 0.175414 0.113272 0.088590
0 0.977874 0.407578 0.039742 0.033447
0 0.398048 0.869007 0.035438 0.029975
0 0.864422 0.567851 0.267503 0.269192
0 0.917708 0.705558 0.078487 0.062492
0 0.300504 0.881519 0.092503 0.077889
0 0.711601 0.935592 0.086920 0.069416
0 0.542780 0.113380 0.302158 0.209373
0 0.606886 0.396590 0.100058 0.078589
0 0.816033 0.950832 0.082113 0.068826
0 0.931240 0.423296 0.067212 0.051844
0 0.735910 0.400075 0.070653 0.057282
0 0.673587 0.451737 0.073902 0.060496
0 0.979612 0.699429 0.035407 0.030581
0 0.146455 0.514892 0.058906 0.052260
0 0.167579 0.571982 0.052840 0.041981
0 0.952851 0.907858 0.086962 0.074294
0 0.629562 0.398453 0.057943 0.048162
0 0.198754 0.269487 0.186187 0.148847
0 0.579986 0.896465 0.048684 0.040174
0 0.016755 0.656551 0.033511 0.136291
0 0.824792 0.190362 0.116048 0.084000
0 0.453033 0.016192 0.180471 0.031917
0 0.720453 0.394746 0.101937 0.074395
0 0.796009 0.141997 0.111308 0.086374
0 0.973139 0.808856 0.053513 0.088142
0 0.434323 0.358091 0.030969 0.026740
0 0.994422 0.014113 0.010436 0.027811
0 0.903076 0.123647 0.057438 0.046102
0 0.064746 0.962868 0.069595 0.058458
0 0.969774 0.962534 0.060200 0.074524
0 0.115345 0.449455 0.058015 0.050511
0 0.960805 0.180329 0.077980 0.063808
0 0.765226 0.287854 0.091591 0.072914
0 0.428374 0.043011 0.043662 0.036975
0 0.150372 0.144840 0.185341 0.161142
0 0.565985 0.019515 0.057978 0.039030
0 0.866996 0.720048 0.028581 0.024404
0 0.886986 0.048864 0.049567 0.038695
0 0.884932 0.975541 0.109738 0.048919
0 0.355525 0.680488 0.127478 0.107682
0 0.022310 0.930034 0.044620 0.053452
0 0.450357 0.024869 0.184058 0.049385
0 0.036600 0.818826 0.073200 0.085712
0 0.629998 0.583755 0.194851 0.170330
0 0.023338 0.822528 0.046676 0.066502
0 0.971631 0.818141 0.055565 0.059640
0 0.676944 0.988367 0.056905 0.022842
0 0.527452 0.830152 0.110315 0.096946
0 0.909010 0.945138 0.069964 0.058474
0 0.520841 0.320935 0.151743 0.123640