0 0.068950 0.240470 0.137899 0.148898
0 0.361569 0.574969 0.038474 0.038658
0 0.816147 0.462255 0.034960 0.034728
0 0.920578 0.511791 0.028049 0.027151
0 0.233777 0.205622 0.039872 0.039345
0 0.760192 0.968434 0.035753 0.034665
0 0.929365 0.456046 0.039995 0.039013
0 0.470463 0.863274 0.423720 0.272775
0 0.510358 0.305031 0.034327 0.033162
0 0.247558 0.170646 0.047318 0.046069
0 0.377047 0.680652 0.038316 0.037224
0 0.194771 0.808053 0.042105 0.041018
0 0.011943 0.814122 0.023620 0.046936
0 0.683640 0.573240 0.029206 0.028559
0 0.093958 0.776552 0.057351 0.053269
0 0.189469 0.872389 0.027416 0.028143
0 0.275900 0.301441 0.031930 0.032154
0 0.728868 0.769298 0.198255 0.193084
0 0.038330 0.793316 0.048129 0.046382
0 0.050113 0.501758 0.031411 0.032279
0 0.300720 0.328084 0.037516 0.037504
0 0.372315 0.032095 0.021663 0.022178
0 0.350291 0.308495 0.027317 0.027060
0 0.713035 0.465946 0.023321 0.023018
0 0.818781 0.405034 0.035696 0.034591
0 0.508859 0.521476 0.032384 0.032042
0 0.262847 0.122047 0.035378 0.034454
0 0.572030 0.381434 0.033665 0.033230
0 0.213154 0.653419 0.027299 0.028918
0 0.708192 0.779406 0.159152 0.160188
0 0.252424 0.547589 0.034437 0.034310
0 0.966156 0.663558 0.028153 0.027722
0 0.141187 0.135767 0.025562 0.025785
0 0.005433 0.052498 0.010529 0.038035
0 0.103709 0.365578 0.032189 0.032408
0 0.009892 0.861604 0.019785 0.057953
0 0.867087 0.329922 0.038111 0.037982
0 0.168864 0.135977 0.028781 0.029224
0 0.768926 0.499243 0.020054 0.020356
0 0.782899 0.387955 0.037627 0.036649
0 0.239675 0.295029 0.036389 0.035476
0 0.133383 0.355160 0.029172 0.028846
0 0.992865 0.395937 0.013521 0.021805
0 0.248305 0.553334 0.036821 0.037079
0 0.008650 0.527594 0.017193 0.030344
0 0.780279 0.156558 0.031818 0.031995
0 0.751449 0.255095 0.497102 0.499703
0 0.906723 0.228429 0.163561 0.151505
0 0.650750 0.500903 0.024258 0.024671
0 0.387786 0.116507 0.024352 0.024795
0 0.267386 0.123274 0.030954 0.030624
0 0.264905 0.413297 0.025311 0.025277
0 0.108813 0.773519 0.032492 0.039205
0 0.877332 0.367466 0.047773 0.045681