0 0.129373 0.884476 0.074401 0.054279
0 0.644178 0.884235 0.078797 0.062628
0 0.265111 0.947671 0.075048 0.058931
0 0.499204 0.941869 0.177016 0.116261
0 0.853230 0.467078 0.159129 0.118483
0 0.545895 0.884079 0.085079 0.065552
0 0.652716 0.415132 0.087360 0.066464
0 0.950424 0.738804 0.046067 0.035546
0 0.529139 0.671129 0.053403 0.037977
0 0.513448 0.545326 0.055251 0.039000
0 0.968948 0.941828 0.061665 0.082173
0 0.309747 0.703493 0.060104 0.042544
0 0.354272 0.935756 0.038593 0.031533
0 0.253141 0.438514 0.096748 0.067791
0 0.644640 0.084732 0.042473 0.030054
0 0.332533 0.189701 0.058530 0.039542
0 0.177041 0.333261 0.069701 0.053135
0 0.491538 0.230316 0.048345 0.037581
0 0.818040 0.976874 0.163000 0.046251
0 0.514074 0.922083 0.036320 0.031203
0 0.728693 0.541318 0.045561 0.037372
0 0.245871 0.638699 0.040868 0.029879
0 0.635708 0.053082 0.055710 0.038094
0 0.244198 0.342021 0.060081 0.048706
0 0.027943 0.078361 0.054280 0.047184
0 0.828788 0.156891 0.038120 0.029352
0 0.065315 0.884814 0.040685 0.032037
0 0.568852 0.249077 0.039733 0.029545
0 0.538199 0.515706 0.034189 0.027092
0 0.457603 0.172996 0.107764 0.080193
0 0.711289 0.134725 0.066857 0.051550
0 0.098851 0.773374 0.043956 0.034485
0 0.609342 0.341557 0.045288 0.034253
0 0.525365 0.075561 0.049595 0.038119
0 0.147341 0.214517 0.289929 0.250137
0 0.317128 0.934745 0.033243 0.025727
0 0.693408 0.380938 0.035758 0.029680
0 0.702164 0.232434 0.098616 0.077840
0 0.793257 0.046096 0.413485 0.092191
0 0.313951 0.130023 0.053869 0.039515
0 0.120905 0.187480 0.041885 0.032014
0 0.855186 0.748326 0.034365 0.027721
0 0.568675 0.475318 0.043825 0.031472
0 0.263304 0.593096 0.052352 0.038604
0 0.181014 0.727049 0.041982 0.033103
0 0.972562 0.677920 0.054688 0.084663
0 0.207031 0.867598 0.032483 0.027084
0 0.020426 0.870033 0.035832 0.029778
0 0.320169 0.657489 0.065128 0.047334
0 0.621259 0.816141 0.125193 0.102570
0 0.065429 0.915867 0.038365 0.028267
0 0.614239 0.462201 0.043449 0.032220
0 0.530204 0.102192 0.039137 0.029097
0 0.449148 0.058431 0.030750 0.025354
0 0.373142 0.554424 0.037515 0.027527