0 0.564431 0.107512 0.063107 0.063228
0 0.839376 0.887039 0.039225 0.038473
0 0.045036 0.372215 0.039554 0.039103
0 0.756163 0.655457 0.029377 0.029078
0 0.225306 0.222447 0.028404 0.026733
0 0.949223 0.118181 0.100880 0.231698
0 0.554810 0.677972 0.027134 0.026712
0 0.972678 0.727270 0.025142 0.025042
0 0.563615 0.243164 0.159253 0.154482
0 0.014414 0.791889 0.027796 0.032292
0 0.318159 0.439867 0.041396 0.040245
0 0.910849 0.345167 0.076858 0.076842
0 0.832527 0.634545 0.021862 0.021822
0 0.081598 0.420507 0.062546 0.059171
0 0.974305 0.364658 0.050583 0.095909