0 0.104895 0.295578 0.070959 0.065720
0 0.066953 0.928656 0.069885 0.058144
0 0.930333 0.765951 0.061601 0.058314
0 0.680234 0.120137 0.360695 0.240274
0 0.241010 0.554428 0.056462 0.046845
0 0.876737 0.643135 0.056508 0.052132
0 0.936316 0.316182 0.044136 0.039390
0 0.608231 0.299465 0.225205 0.195581
0 0.463340 0.717307 0.043955 0.038236
0 0.183791 0.800428 0.058914 0.048801
0 0.518608 0.213869 0.154646 0.148572
0 0.136246 0.377686 0.047141 0.039567
0 0.311601 0.659817 0.043592 0.035804
0 0.940422 0.166487 0.031892 0.028076
0 0.892601 0.073202 0.055641 0.049897
0 0.053542 0.222855 0.035394 0.032343
0 0.911869 0.394076 0.032908 0.029939
0 0.675599 0.814893 0.119074 0.111840
0 0.844813 0.544644 0.060836 0.056715
0 0.850136 0.467463 0.045523 0.039134
0 0.063675 0.175852 0.034865 0.031220
0 0.470591 0.794903 0.042216 0.039128
0 0.118206 0.735017 0.037239 0.031294
0 0.645145 0.507947 0.033458 0.032147
0 0.843333 0.852547 0.031337 0.030244
0 0.856564 0.595980 0.038124 0.034715
0 0.039294 0.134796 0.060856 0.052359
0 0.863618 0.983309 0.043910 0.033382
0 0.989492 0.580660 0.020064 0.035042
0 0.017154 0.772810 0.034307 0.032509
0 0.309626 0.449708 0.035052 0.031926
0 0.989966 0.531516 0.019448 0.030288
0 0.450694 0.763766 0.038930 0.034914
0 0.492414 0.819877 0.031041 0.028424
0 0.052818 0.758418 0.035628 0.033375
0 0.898848 0.682824 0.028856 0.027415
0 0.122854 0.345452 0.030161 0.028707
0 0.291668 0.910111 0.041486 0.033145
0 0.546733 0.795184 0.047547 0.043375
0 0.962700 0.550810 0.052086 0.049422
0 0.339405 0.042072 0.031603 0.030022
0 0.599198 0.212769 0.030653 0.028678
0 0.551512 0.633779 0.032349 0.028827
0 0.440068 0.909113 0.044993 0.042246
0 0.946827 0.590893 0.054414 0.051758
0 0.666432 0.993622 0.031339 0.012500
0 0.007193 0.916219 0.014327 0.042610
0 0.885914 0.025485 0.153106 0.050969
0 0.161387 0.668874 0.038447 0.032669
0 0.114865 0.491289 0.032100 0.026599
0 0.818487 0.982375 0.025895 0.025688
0 0.959945 0.047589 0.028447 0.026430
0 0.741483 0.871667 0.058405 0.057524
0 0.892967 0.320296 0.029060 0.026178
0 0.613877 0.611433 0.032746 0.030462
0 0.373319 0.798805 0.039702 0.034980
0 0.814275 0.903316 0.060537 0.057785
0 0.220131 0.931723 0.033339 0.028665
0 0.315541 0.824446 0.032173 0.029869
0 0.376939 0.544944 0.032231 0.028191
0 0.099727 0.384545 0.031822 0.030105
0 0.434867 0.956023 0.050987 0.045696
0 0.061282 0.842849 0.043959 0.035155
0 0.855144 0.940980 0.089302 0.079135
0 0.186081 0.700401 0.042906 0.034855
0 0.566044 0.772486 0.030723 0.028179
0 0.710338 0.552187 0.148008 0.139575
0 0.195536 0.609126 0.043922 0.037083
0 0.187319 0.501881 0.031107 0.027586
0 0.332681 0.991779 0.039548 0.016418