0 0.117201 0.861841 0.132308 0.116929
0 0.727554 0.795705 0.067962 0.057152
0 0.240677 0.111825 0.037491 0.033174
0 0.594836 0.036020 0.144791 0.072040
0 0.558745 0.276602 0.041551 0.037404
0 0.699940 0.476421 0.050961 0.041472
0 0.630288 0.703746 0.044220 0.038622
0 0.321159 0.657962 0.039609 0.034971
0 0.233634 0.640502 0.143596 0.131000
0 0.272833 0.642660 0.070685 0.060699
0 0.195812 0.658307 0.078636 0.068489
0 0.357528 0.114339 0.196717 0.174103
0 0.644386 0.557229 0.048255 0.042951
0 0.981572 0.137919 0.029278 0.028271
0 0.470630 0.340423 0.111399 0.101708
0 0.204977 0.652986 0.096927 0.090277
0 0.229165 0.869119 0.117546 0.104180
0 0.502637 0.137255 0.045196 0.037887
0 0.354165 0.880411 0.031403 0.027214
0 0.914462 0.575621 0.100648 0.083708
0 0.970462 0.972139 0.058387 0.054785
0 0.751227 0.746316 0.086419 0.077970
0 0.630495 0.752632 0.106201 0.089530
0 0.823158 0.920745 0.065597 0.063412
0 0.485506 0.391047 0.028318 0.025329