0 0.541931 0.164741 0.099069 0.094293
0 0.481557 0.412307 0.128786 0.122922
0 0.772796 0.056057 0.184886 0.111256
0 0.261194 0.486946 0.042753 0.041570
0 0.567109 0.961896 0.048362 0.047251
0 0.138032 0.515799 0.083848 0.083866
0 0.225607 0.354895 0.043196 0.041910
0 0.775278 0.612899 0.051358 0.050524
0 0.547376 0.659835 0.082443 0.081235
0 0.874515 0.709688 0.030785 0.030951
0 0.762333 0.566683 0.051009 0.050226
0 0.334693 0.582460 0.035419 0.034851
0 0.239595 0.425089 0.086780 0.087788
0 0.971358 0.482237 0.056849 0.152313
0 0.837463 0.943027 0.059724 0.061193
0 0.367972 0.682852 0.034134 0.034520
0 0.924262 0.759700 0.028541 0.028160
0 0.128066 0.924190 0.254268 0.150210
0 0.774501 0.664707 0.055370 0.054569
0 0.147872 0.212683 0.084877 0.080669
0 0.389366 0.565172 0.071869 0.073364
0 0.644191 0.986743 0.029801 0.025885
0 0.673105 0.363758 0.038854 0.036909
0 0.324743 0.259656 0.046509 0.043372
0 0.823137 0.244711 0.032769 0.032899
0 0.833974 0.865398 0.054621 0.053699
0 0.879591 0.236937 0.029554 0.027996
0 0.912306 0.353851 0.066066 0.064633
0 0.647659 0.311320 0.029735 0.029437
0 0.068382 0.085243 0.080490 0.077810
0 0.757673 0.736526 0.031292 0.031062
0 0.826060 0.105737 0.026538 0.025628
0 0.950017 0.777903 0.027558 0.027095
0 0.336522 0.677074 0.045255 0.044991
0 0.640824 0.958478 0.026283 0.026057
0 0.803504 0.503404 0.027090 0.027007
0 0.988954 0.134891 0.022018 0.026093
0 0.684569 0.590811 0.028381 0.028538
0 0.934894 0.395695 0.066992 0.067691
0 0.362700 0.809897 0.063892 0.065404
0 0.713108 0.852888 0.025981 0.025435
0 0.512781 0.506812 0.055521 0.053117
0 0.910909 0.933029 0.029010 0.029453
0 0.954251 0.416818 0.046729 0.046562
0 0.015652 0.808500 0.031278 0.068006
0 0.360910 0.984688 0.026153 0.024910
0 0.780899 0.240876 0.059863 0.058679
0 0.423421 0.083634 0.028185 0.027593
0 0.486049 0.840163 0.026293 0.025157
0 0.647644 0.693765 0.114632 0.118277
0 0.405705 0.988756 0.083279 0.022487
0 0.071325 0.148225 0.093990 0.089504
0 0.086033 0.441866 0.109268 0.105686
0 0.273816 0.535503 0.051790 0.048127
0 0.608118 0.230421 0.078117 0.076700
0 0.460732 0.993120 0.030428 0.013537
0 0.426933 0.353374 0.031436 0.028633
0 0.036470 0.801576 0.029909 0.030285
0 0.411058 0.989594 0.062275 0.020812
0 0.024832 0.783000 0.049665 0.114232
0 0.881220 0.267981 0.064696 0.063508
0 0.188487 0.465963 0.023561 0.023193
0 0.204936 0.390467 0.029700 0.029074
0 0.337598 0.671237 0.036875 0.039161
0 0.542012 0.848959 0.050215 0.053956
0 0.916518 0.347695 0.055034 0.054261
0 0.014281 0.816747 0.028356 0.048219