0 0.333984 0.677070 0.059364 0.051491
0 0.760219 0.471438 0.044750 0.043176
0 0.984999 0.705448 0.030001 0.039883
0 0.190172 0.170584 0.034599 0.032790
0 0.771529 0.649303 0.048208 0.046998
0 0.712456 0.972845 0.059992 0.052429
0 0.304563 0.988811 0.038762 0.022181
0 0.366954 0.709793 0.034838 0.030678
0 0.949049 0.777748 0.075806 0.070122
0 0.990713 0.347602 0.018575 0.059029
0 0.565616 0.588012 0.050844 0.044861
0 0.582074 0.357184 0.095727 0.086350
0 0.093247 0.718080 0.028274 0.025729
0 0.989946 0.354650 0.020109 0.078602
0 0.603269 0.292611 0.029611 0.027946
0 0.625453 0.493355 0.045391 0.041996
0 0.380078 0.538025 0.088873 0.079886
0 0.599787 0.914458 0.070169 0.056856
0 0.826571 0.120656 0.023251 0.022661
0 0.276497 0.133902 0.231520 0.225942
0 0.251738 0.204480 0.110700 0.103663
0 0.602908 0.847366 0.038112 0.033770
0 0.479577 0.517279 0.122671 0.111861
0 0.943886 0.014786 0.017761 0.017611
0 0.855031 0.988209 0.039459 0.023581
0 0.739095 0.634321 0.028752 0.027568