0 0.361111 0.356078 0.021624 0.021636
0 0.919091 0.194533 0.159756 0.259485
0 0.458783 0.427036 0.034596 0.034297
0 0.378098 0.545428 0.024157 0.024306
0 0.815756 0.192350 0.040088 0.038713
0 0.423820 0.056726 0.028366 0.027491
0 0.052174 0.800938 0.048667 0.046464
0 0.336794 0.420026 0.034240 0.033390
0 0.790003 0.233332 0.035455 0.034313
0 0.077822 0.520598 0.044004 0.041044
0 0.282524 0.333498 0.031358 0.030245
0 0.707425 0.565460 0.031234 0.030533
0 0.796192 0.392656 0.033270 0.032760
0 0.483333 0.301441 0.028487 0.027959
0 0.197043 0.398796 0.026820 0.026988
0 0.441976 0.137614 0.023691 0.023183
0 0.264185 0.364695 0.026777 0.027696
0 0.228499 0.748187 0.030313 0.028740
0 0.687747 0.181566 0.047215 0.045431
0 0.402032 0.016369 0.019223 0.019048
0 0.195306 0.331193 0.026547 0.027076
0 0.192453 0.237981 0.021661 0.021283
0 0.243195 0.019655 0.021850 0.021977
0 0.358394 0.655830 0.026232 0.025200
0 0.871635 0.358782 0.041457 0.040061
0 0.271621 0.301681 0.021285 0.020954
0 0.196045 0.695495 0.031023 0.029882
0 0.709295 0.858293 0.029160 0.028316
0 0.139828 0.038635 0.024624 0.023822
0 0.097854 0.610044 0.030743 0.029959
0 0.182621 0.633177 0.020162 0.019889
0 0.230988 0.306839 0.022592 0.022113
0 0.875242 0.351398 0.036461 0.036697
0 0.357451 0.743267 0.050154 0.046369
0 0.043763 0.576281 0.018806 0.019016
0 0.079962 0.633464 0.022805 0.022186
0 0.007036 0.454556 0.014073 0.062038
0 0.923961 0.964552 0.151926 0.070897
0 0.052152 0.066495 0.027328 0.026490
0 0.512629 0.248693 0.020669 0.020576
0 0.148351 0.337347 0.020128 0.020344
0 0.589443 0.340562 0.033893 0.032260
0 0.551377 0.260154 0.023103 0.022512
0 0.059321 0.414083 0.020198 0.019884