0 0.201225 0.138383 0.099252 0.076825
0 0.330480 0.916113 0.064670 0.050261
0 0.738943 0.784289 0.106923 0.078761
0 0.453980 0.573778 0.058668 0.043396
0 0.059905 0.670671 0.082305 0.060815
0 0.210533 0.580787 0.059873 0.044338
0 0.757520 0.504054 0.139928 0.104778
0 0.899265 0.335699 0.095977 0.069218
0 0.491490 0.058269 0.048322 0.034234
0 0.416633 0.172832 0.036367 0.029122
0 0.773975 0.336636 0.088134 0.065147
0 0.908637 0.262936 0.130038 0.100848
0 0.799566 0.743103 0.062575 0.051466
0 0.282133 0.467231 0.058952 0.041430
0 0.099333 0.584652 0.079054 0.058403
0 0.490258 0.435429 0.035010 0.028678
0 0.469914 0.290376 0.055168 0.038705
0 0.708240 0.016824 0.127801 0.033607
0 0.066575 0.860252 0.030919 0.024852
0 0.615445 0.820362 0.162120 0.136087
0 0.786247 0.579304 0.055531 0.039972
0 0.425495 0.834281 0.034144 0.026544
0 0.513275 0.322123 0.033686 0.027938
0 0.174388 0.936709 0.104397 0.075822
0 0.565913 0.974289 0.119865 0.049724
0 0.596096 0.469510 0.062925 0.049406
0 0.344719 0.486677 0.039227 0.030383