0 0.494559 0.122706 0.188609 0.168885
0 0.906152 0.863333 0.184694 0.164676
0 0.260082 0.244360 0.084240 0.072792
0 0.689174 0.883071 0.089470 0.079756
0 0.343699 0.977557 0.072666 0.044688
0 0.302489 0.420546 0.101560 0.083068
0 0.623027 0.352009 0.082167 0.068748
0 0.882833 0.252991 0.060307 0.052338
0 0.031340 0.783886 0.062680 0.066568
0 0.504489 0.370863 0.089793 0.073367
0 0.470155 0.476943 0.075212 0.062688
0 0.160466 0.513607 0.132654 0.112541
0 0.940195 0.229200 0.089968 0.074532
0 0.650105 0.049837 0.041046 0.033889
0 0.425436 0.949376 0.061221 0.053679
0 0.925121 0.347043 0.065966 0.060446
0 0.080954 0.558907 0.047863 0.040042
0 0.559211 0.684787 0.098277 0.088311
0 0.329954 0.472859 0.035263 0.030241
0 0.676472 0.753424 0.148248 0.115144
0 0.029871 0.103957 0.038502 0.033560
0 0.553952 0.779040 0.089265 0.075293
0 0.760847 0.215380 0.042057 0.034292
0 0.962643 0.431829 0.038686 0.033914
0 0.031479 0.640528 0.049875 0.042034
0 0.838105 0.383658 0.043266 0.034101
0 0.742558 0.134060 0.049270 0.042228
0 0.864113 0.138745 0.067309 0.059802
0 0.951852 0.650090 0.060811 0.051616
0 0.882355 0.595970 0.031971 0.027263
0 0.719940 0.752583 0.068691 0.061155
0 0.407902 0.622620 0.064289 0.054586
0 0.890604 0.621861 0.036602 0.032349
0 0.368514 0.598999 0.042176 0.035026
0 0.742583 0.262495 0.033844 0.028183
0 0.014346 0.078122 0.028188 0.034799
0 0.602525 0.794527 0.042488 0.036157
0 0.322354 0.799382 0.493090 0.401235
0 0.300230 0.119575 0.066350 0.050803
0 0.111740 0.463411 0.114822 0.100288
0 0.734781 0.016691 0.049839 0.032196
0 0.318959 0.058885 0.037267 0.032975
0 0.719572 0.444120 0.031172 0.026827
0 0.015768 0.541891 0.031448 0.037251
0 0.496789 0.658876 0.050948 0.043725
0 0.078245 0.044801 0.063063 0.059028
0 0.743121 0.183749 0.044773 0.035532
0 0.734166 0.577483 0.057623 0.049812
0 0.741380 0.955769 0.045095 0.041146
0 0.532596 0.877148 0.052234 0.044962
0 0.115339 0.110870 0.030999 0.027762
0 0.781480 0.798474 0.043032 0.040064
0 0.485097 0.413134 0.048861 0.041774
0 0.007576 0.041199 0.015132 0.028567
0 0.181571 0.963316 0.030637 0.027663
0 0.723861 0.825200 0.033444 0.028695
0 0.442991 0.005170 0.035564 0.010341
0 0.034636 0.429466 0.027810 0.024980
0 0.126615 0.446396 0.075595 0.065254
0 0.255121 0.990092 0.050841 0.019680
0 0.643841 0.757371 0.092941 0.079871
0 0.005398 0.181726 0.010797 0.022536
0 0.046670 0.864012 0.041397 0.036014
0 0.932004 0.270120 0.036378 0.033058
0 0.989584 0.803776 0.020831 0.065075