0 0.531328 0.751987 0.111824 0.106104
0 0.914173 0.708142 0.082546 0.081019
0 0.374574 0.796605 0.083248 0.078257
0 0.243747 0.194463 0.403635 0.380058
0 0.603899 0.640245 0.035244 0.033457
0 0.412035 0.735501 0.077292 0.072351
0 0.580353 0.457604 0.054389 0.052379
0 0.155269 0.441134 0.310538 0.355668
0 0.545876 0.590060 0.048596 0.046330
0 0.415142 0.898413 0.051492 0.046796
0 0.736604 0.719026 0.055083 0.054632
0 0.298194 0.787227 0.053097 0.047712
0 0.473655 0.529442 0.038994 0.037568
0 0.652864 0.189212 0.033969 0.032912
0 0.333180 0.751059 0.066230 0.062141
0 0.919185 0.547959 0.043169 0.042540
0 0.352753 0.983556 0.058204 0.032734
0 0.448350 0.925774 0.032313 0.029230
0 0.537219 0.553837 0.028937 0.029039
0 0.608100 0.766672 0.050925 0.048515
0 0.974088 0.936555 0.051824 0.060567
0 0.081999 0.495357 0.029465 0.028629
0 0.987040 0.834505 0.025920 0.049454
0 0.463257 0.861283 0.075361 0.071957
0 0.858326 0.230222 0.090778 0.090102
0 0.970951 0.319682 0.023111 0.023304
0 0.535614 0.930767 0.031646 0.031176
0 0.361726 0.853376 0.052516 0.046563
0 0.995328 0.381125 0.009073 0.023502
0 0.206204 0.979046 0.045599 0.041356
0 0.661384 0.163753 0.026933 0.028027
0 0.215991 0.824882 0.035773 0.034431
0 0.856935 0.469891 0.044467 0.045392
0 0.492408 0.572474 0.045551 0.043484