0 0.922025 0.676363 0.061055 0.055584
0 0.834394 0.766329 0.035055 0.032457
0 0.965468 0.685593 0.042033 0.040607
0 0.977982 0.929352 0.040712 0.038487
0 0.210290 0.872319 0.029874 0.030239
0 0.688011 0.791253 0.031109 0.030020
0 0.111581 0.140996 0.223162 0.279758
0 0.918093 0.780645 0.045119 0.040921
0 0.483196 0.862923 0.092958 0.089435
0 0.713622 0.027568 0.027695 0.027292
0 0.828478 0.695803 0.068526 0.064714
0 0.149784 0.706112 0.089224 0.089029
0 0.108499 0.808244 0.056127 0.055866
0 0.264375 0.886172 0.082508 0.085174
0 0.986181 0.846163 0.027639 0.033909
0 0.960662 0.193487 0.021182 0.020740
0 0.772823 0.609178 0.032341 0.031609
0 0.525064 0.989133 0.035023 0.021272
0 0.857374 0.799671 0.044193 0.043832
0 0.009938 0.880374 0.019633 0.029129
0 0.646710 0.599685 0.027024 0.026221
0 0.746256 0.391520 0.025185 0.023929
0 0.269711 0.443840 0.032489 0.031355
0 0.703417 0.855122 0.026963 0.026307