0 0.300544 0.464185 0.071650 0.068931
0 0.739639 0.362742 0.086917 0.081947
0 0.765583 0.543748 0.051055 0.051679
0 0.848418 0.557084 0.057810 0.056476
0 0.652280 0.039402 0.053014 0.051356
0 0.908007 0.404855 0.040842 0.038656
0 0.532270 0.753695 0.041403 0.039227
0 0.887330 0.043426 0.176064 0.086791
0 0.501997 0.870804 0.039194 0.037369
0 0.781274 0.266087 0.069505 0.066473
0 0.883113 0.341084 0.061166 0.058776
0 0.091097 0.931647 0.117863 0.108191
0 0.277180 0.318426 0.058123 0.054879
0 0.962927 0.170715 0.032239 0.031164
0 0.303132 0.171117 0.032470 0.031580
0 0.614946 0.257068 0.038983 0.036586
0 0.155154 0.971365 0.162113 0.057270
0 0.028115 0.692234 0.054192 0.054596
0 0.768356 0.704402 0.036393 0.034200
0 0.144784 0.567544 0.033713 0.032907
0 0.351873 0.875257 0.051969 0.049460
0 0.565076 0.699210 0.063636 0.062926
0 0.870898 0.295358 0.032892 0.032162
0 0.721042 0.559357 0.033370 0.031221
0 0.150027 0.678124 0.041136 0.041011
0 0.597411 0.092653 0.046915 0.046741
0 0.503836 0.604552 0.034009 0.031936
0 0.692243 0.021321 0.035637 0.033219
0 0.020597 0.818466 0.040652 0.060629
0 0.717997 0.283622 0.075452 0.069389
0 0.067196 0.409959 0.034827 0.032578
0 0.379520 0.499247 0.070951 0.068136
0 0.512541 0.055776 0.043990 0.041145
0 0.182980 0.928815 0.042365 0.040660
0 0.470951 0.612857 0.030774 0.028993
0 0.531815 0.885581 0.029260 0.029238
0 0.222065 0.488381 0.063922 0.063020
0 0.755195 0.206888 0.038254 0.038300
0 0.430451 0.058810 0.030587 0.030016
0 0.560143 0.478258 0.036316 0.034832
0 0.728840 0.898970 0.025371 0.025293
0 0.957240 0.696888 0.063137 0.057416
0 0.368152 0.852296 0.036494 0.036523
0 0.675084 0.337792 0.088110 0.082231
0 0.629997 0.752552 0.033750 0.033608
0 0.303672 0.105991 0.028182 0.027193
0 0.406199 0.220211 0.049845 0.047600
0 0.079106 0.841855 0.073038 0.068616
0 0.586206 0.733018 0.031080 0.030074
0 0.627724 0.689807 0.052686 0.050004
0 0.834190 0.801868 0.071356 0.066685
0 0.362270 0.905771 0.034335 0.033997
0 0.677270 0.534304 0.193755 0.195409
0 0.311146 0.670779 0.026310 0.025923
0 0.442096 0.528490 0.036418 0.034264
0 0.977933 0.976858 0.043505 0.046283
0 0.818003 0.181689 0.073365 0.069648
0 0.441259 0.843158 0.025475 0.024759
0 0.710806 0.279640 0.061799 0.059791
0 0.700851 0.935882 0.023307 0.023056
0 0.598745 0.747841 0.026080 0.025652
0 0.745014 0.292578 0.043021 0.042430
0 0.530099 0.077825 0.043585 0.044188
0 0.789731 0.141111 0.046722 0.046317
0 0.346762 0.085633 0.028635 0.028446
0 0.481583 0.464565 0.028867 0.027951
0 0.270305 0.890729 0.039069 0.036635
0 0.382315 0.415211 0.067772 0.063754
0 0.014516 0.124010 0.029032 0.248020
0 0.573256 0.344306 0.140538 0.136680