0 0.485646 0.558716 0.160411 0.151916
0 0.361091 0.362935 0.128219 0.118455
0 0.887710 0.904527 0.205593 0.187835
0 0.699337 0.195086 0.363156 0.344988
0 0.256385 0.503071 0.032143 0.029380
0 0.970105 0.258504 0.035876 0.034062
0 0.979947 0.108890 0.040106 0.063796
0 0.016651 0.188516 0.033302 0.041129
0 0.630740 0.859075 0.028413 0.027354
0 0.593657 0.426793 0.147497 0.131228
0 0.044067 0.074608 0.065685 0.061522
0 0.366570 0.009444 0.025734 0.018888
0 0.010077 0.262284 0.019584 0.029250
0 0.656117 0.976851 0.029922 0.027764
0 0.872244 0.036968 0.157762 0.073547
0 0.301512 0.036753 0.125704 0.073465
0 0.972318 0.025430 0.054909 0.050860
0 0.730109 0.158282 0.027784 0.024955
0 0.338198 0.877120 0.025378 0.023519
0 0.592287 0.014621 0.096190 0.028932
0 0.369541 0.753712 0.026581 0.024625
0 0.586122 0.011766 0.077881 0.023340
0 0.980683 0.856948 0.038633 0.180498
0 0.040791 0.265191 0.029919 0.028766
0 0.334682 0.080415 0.035942 0.033272