0 0.538515 0.612457 0.036020 0.033368
0 0.762667 0.475924 0.065979 0.062085
0 0.491656 0.470969 0.032548 0.030559
0 0.156633 0.295560 0.030604 0.029190
0 0.954843 0.630717 0.048628 0.046947
0 0.632242 0.029639 0.031163 0.030074
0 0.986573 0.739563 0.026854 0.038118
0 0.144427 0.406485 0.028763 0.027681
0 0.092101 0.202981 0.059744 0.057546
0 0.907764 0.874607 0.053928 0.049173
0 0.948764 0.806023 0.045837 0.044451
0 0.219756 0.828994 0.027497 0.026207
0 0.710971 0.464357 0.036597 0.036044
0 0.847314 0.516788 0.034988 0.033464
0 0.727603 0.513781 0.045917 0.043972
0 0.988207 0.570206 0.023140 0.041237
0 0.789652 0.259730 0.420696 0.519460
0 0.601219 0.928192 0.579805 0.142278
0 0.453119 0.492253 0.025990 0.025670
0 0.612094 0.598803 0.045420 0.040955
0 0.955614 0.839901 0.037066 0.035438
0 0.624778 0.932715 0.417697 0.134570
0 0.502467 0.976391 0.074354 0.047218
0 0.218297 0.887225 0.032683 0.030672