0 0.287757 0.068328 0.037262 0.033596
0 0.133105 0.777510 0.034876 0.030137
0 0.256603 0.137011 0.037427 0.032099
0 0.078682 0.941334 0.042887 0.035909
0 0.588582 0.835460 0.033084 0.035314
0 0.307107 0.520759 0.028057 0.026530
0 0.052343 0.512456 0.025412 0.024523
0 0.318206 0.079321 0.034980 0.032161
0 0.545216 0.275397 0.035250 0.028182
0 0.184569 0.167058 0.033336 0.031926
0 0.498255 0.692327 0.029325 0.026681
0 0.158895 0.214706 0.028641 0.027044
0 0.211164 0.699721 0.028780 0.025945
0 0.415413 0.384710 0.032534 0.027442