0 0.314855 0.763727 0.104602 0.102600
0 0.457293 0.128243 0.091294 0.088366
0 0.950269 0.185074 0.047810 0.046206
0 0.907122 0.073675 0.185621 0.143263
0 0.960626 0.736067 0.078748 0.112228
0 0.192056 0.801624 0.259824 0.229839
0 0.508751 0.495994 0.233539 0.235364
0 0.928430 0.061754 0.028072 0.027870
0 0.892669 0.447145 0.037313 0.037044
0 0.781099 0.601028 0.133220 0.126010
0 0.254931 0.352553 0.033422 0.032044
0 0.059121 0.682699 0.118243 0.239477
0 0.122744 0.605019 0.037897 0.035743
0 0.540506 0.038979 0.327452 0.077957
0 0.747706 0.921773 0.098625 0.093629
0 0.851835 0.472131 0.032106 0.031140
0 0.737958 0.179744 0.069470 0.065731
0 0.725706 0.403368 0.031717 0.029722
0 0.592539 0.894461 0.349246 0.211079
0 0.194593 0.182714 0.161648 0.167414
0 0.258175 0.927948 0.422750 0.144104
0 0.983264 0.207095 0.033434 0.099101
0 0.688513 0.643817 0.085793 0.084612
0 0.111143 0.493243 0.076764 0.074563
0 0.392879 0.842946 0.115764 0.114176
0 0.697524 0.376944 0.048106 0.046552
0 0.130708 0.929313 0.032739 0.032461
0 0.827102 0.825726 0.048797 0.048439
0 0.072907 0.035756 0.032325 0.031308
0 0.944591 0.400902 0.110818 0.137156
0 0.977206 0.867681 0.045485 0.063555
0 0.887680 0.890074 0.051307 0.050543
0 0.860053 0.217127 0.174405 0.169843
0 0.144868 0.980595 0.110663 0.038650
0 0.525381 0.708100 0.085681 0.081456
0 0.182728 0.125960 0.090396 0.087830