0 0.692803 0.578175 0.032281 0.031574
0 0.281511 0.657715 0.028412 0.027829
0 0.301876 0.622862 0.029838 0.029153
0 0.320609 0.728011 0.031209 0.029686
0 0.804053 0.552783 0.036535 0.034623
0 0.356994 0.842401 0.027631 0.028505
0 0.711117 0.348744 0.078067 0.075630
0 0.321828 0.375104 0.029948 0.028080
0 0.841937 0.309455 0.088195 0.082479
0 0.095378 0.161639 0.031935 0.031802
0 0.833384 0.822188 0.333232 0.355625
0 0.436116 0.249692 0.572088 0.499384
0 0.039238 0.584116 0.030637 0.029929
0 0.235993 0.524993 0.026701 0.025608
0 0.836706 0.354371 0.112043 0.110867
0 0.439553 0.176568 0.036094 0.033647
0 0.917631 0.319722 0.044801 0.045214
0 0.029416 0.981189 0.058128 0.037583
0 0.781718 0.432056 0.026367 0.025747
0 0.528843 0.469747 0.040421 0.039481
0 0.173326 0.066047 0.031711 0.030975
0 0.875895 0.625791 0.034245 0.030752
0 0.270246 0.437292 0.024338 0.023647
0 0.939397 0.418550 0.121206 0.153837
0 0.457998 0.178746 0.530570 0.357492
0 0.901056 0.400985 0.049426 0.049240
0 0.596686 0.992198 0.021505 0.015603
0 0.600573 0.123006 0.252648 0.231147
0 0.659736 0.643800 0.023773 0.023106