0 0.362322 0.826349 0.070884 0.071074
0 0.720953 0.495269 0.080666 0.081667
0 0.926684 0.978197 0.042280 0.041877
0 0.223160 0.422455 0.067363 0.065058
0 0.617395 0.244910 0.045429 0.045109
0 0.082527 0.071303 0.039045 0.038569
0 0.063184 0.822940 0.099449 0.097242
0 0.662413 0.426612 0.033034 0.033629
0 0.884777 0.709564 0.031184 0.031798
0 0.800460 0.770544 0.028090 0.028304
0 0.853296 0.411921 0.030912 0.030473
0 0.504292 0.982259 0.030393 0.030112
0 0.048512 0.763097 0.031232 0.029723
0 0.955305 0.987157 0.020782 0.021109
0 0.678697 0.108303 0.031203 0.032522
0 0.222479 0.608934 0.036555 0.035937
0 0.318115 0.382258 0.045246 0.043930
0 0.230707 0.053668 0.034875 0.034393
0 0.525955 0.742452 0.255719 0.255035
0 0.784479 0.812701 0.068516 0.068690
0 0.215502 0.241532 0.041953 0.040317
0 0.269967 0.068102 0.031268 0.031029
0 0.216072 0.266977 0.053638 0.055332
0 0.828000 0.750494 0.029443 0.030009
0 0.755488 0.561262 0.071339 0.072828
0 0.049847 0.115766 0.094480 0.091971
0 0.854293 0.919821 0.037052 0.036974
0 0.802993 0.612676 0.023742 0.023808
0 0.043444 0.892487 0.028291 0.028623
0 0.728599 0.814903 0.060415 0.062475
0 0.851934 0.983449 0.056080 0.033101
0 0.182256 0.674621 0.100857 0.101719
0 0.868853 0.849372 0.100384 0.096465
0 0.185335 0.601512 0.028598 0.027228
0 0.760919 0.726259 0.027112 0.026917
0 0.718954 0.052779 0.026850 0.027632
0 0.750605 0.856100 0.023638 0.023374
0 0.717514 0.869877 0.212291 0.212507
0 0.825789 0.140549 0.026696 0.026479
0 0.270175 0.117343 0.063440 0.063381
0 0.855147 0.642068 0.022762 0.022625