0 0.065783 0.666341 0.105288 0.099034
0 0.384911 0.351990 0.137550 0.131856
0 0.450102 0.655225 0.127624 0.122893
0 0.757950 0.482938 0.080758 0.077562
0 0.330882 0.973898 0.033987 0.032659
0 0.076438 0.402374 0.097877 0.091144
0 0.842460 0.467813 0.047472 0.044673
0 0.234162 0.689639 0.053605 0.052861
0 0.251727 0.358099 0.223334 0.214193
0 0.948686 0.875043 0.033160 0.031124
0 0.555873 0.429397 0.031515 0.029996
0 0.132842 0.298489 0.062730 0.055311
0 0.286670 0.513299 0.078932 0.074858
0 0.947321 0.721097 0.103081 0.099762
0 0.549910 0.398340 0.048672 0.045312
0 0.626437 0.514609 0.035373 0.033532
0 0.046889 0.952654 0.031768 0.031035
0 0.145262 0.602200 0.031401 0.030069
0 0.698607 0.339282 0.041018 0.037699
0 0.724943 0.526474 0.029188 0.028642
0 0.118511 0.918683 0.029430 0.027812
0 0.588892 0.446606 0.056947 0.052360
0 0.110959 0.042541 0.058879 0.054675
0 0.835275 0.157178 0.028408 0.027012
0 0.987111 0.272603 0.025022 0.027039
0 0.965168 0.615353 0.069241 0.153037
0 0.972903 0.388803 0.053603 0.062975
0 0.202684 0.216718 0.145166 0.127923
0 0.808552 0.441258 0.037811 0.035551
0 0.629314 0.314223 0.055154 0.051352
0 0.782005 0.142483 0.036495 0.034994
0 0.933041 0.449682 0.051381 0.049027
0 0.044450 0.595517 0.036673 0.037695
0 0.653979 0.366226 0.050350 0.047291
0 0.234482 0.380188 0.182242 0.179799
0 0.393515 0.592503 0.041214 0.037650
0 0.859297 0.207916 0.026920 0.025582
0 0.222492 0.406427 0.143979 0.131003
0 0.171140 0.600691 0.027957 0.027221