0 0.093619 0.271325 0.181729 0.137342
0 0.164385 0.073768 0.062853 0.048694
0 0.849517 0.868153 0.195333 0.148892
0 0.498909 0.775074 0.049139 0.035791
0 0.218585 0.435862 0.059430 0.042572
0 0.110759 0.585999 0.052682 0.038200
0 0.477855 0.500150 0.042509 0.031343
0 0.545565 0.101369 0.048774 0.037706
0 0.570675 0.024711 0.042556 0.030887
0 0.411373 0.113542 0.040547 0.032968
0 0.254025 0.596091 0.033514 0.025682
0 0.551630 0.951337 0.053794 0.039785
0 0.487565 0.277319 0.034551 0.028093
0 0.573510 0.189122 0.254720 0.167449
0 0.503749 0.152722 0.045969 0.033797
0 0.665691 0.641805 0.145978 0.112558
0 0.686384 0.840818 0.038482 0.029443
0 0.465671 0.320451 0.035493 0.026106
0 0.319799 0.224694 0.051790 0.041615
0 0.330508 0.506037 0.033567 0.024387
0 0.530837 0.183067 0.033977 0.026150
0 0.893987 0.731975 0.037517 0.032206
0 0.675019 0.937013 0.044243 0.036215
0 0.743814 0.146741 0.044744 0.035304
0 0.337187 0.870548 0.039281 0.028014
0 0.543358 0.007919 0.038123 0.015349
0 0.737177 0.941409 0.085130 0.066258
0 0.681641 0.140425 0.035944 0.029237
0 0.513783 0.829940 0.038708 0.031474
0 0.944468 0.239251 0.107326 0.202533
0 0.107578 0.790034 0.215157 0.251388
0 0.176859 0.896108 0.034714 0.029830
0 0.932821 0.211483 0.071632 0.055530
0 0.692274 0.907363 0.042541 0.035533
0 0.045559 0.083439 0.032154 0.024238
0 0.681091 0.264841 0.170107 0.139039