0 0.929520 0.391765 0.140961 0.142832
0 0.380697 0.043321 0.080398 0.074212
0 0.433046 0.113571 0.046173 0.043246
0 0.029693 0.229122 0.059386 0.114182
0 0.668698 0.972066 0.159599 0.055869
0 0.613121 0.237353 0.040337 0.034839
0 0.155635 0.198249 0.042227 0.038058
0 0.445842 0.205364 0.045234 0.038179
0 0.020985 0.814644 0.037455 0.033514
0 0.614377 0.034391 0.040440 0.034116
0 0.370070 0.106148 0.039181 0.037719
0 0.248779 0.816453 0.035101 0.030872
0 0.120279 0.060353 0.030991 0.028756
0 0.788882 0.328295 0.036587 0.030325
0 0.048817 0.801120 0.030409 0.027389
0 0.168809 0.087965 0.031343 0.028631
0 0.591068 0.077610 0.038125 0.031735
0 0.646463 0.014370 0.032250 0.027729
0 0.153955 0.556950 0.029953 0.027838
0 0.778434 0.444669 0.030369 0.026981
0 0.277444 0.853329 0.554888 0.290713
0 0.258402 0.489135 0.516804 0.611749
0 0.024043 0.739005 0.047547 0.046149
0 0.616927 0.917370 0.037260 0.033535
0 0.697717 0.070741 0.029122 0.025918
0 0.177294 0.597160 0.035739 0.030756
0 0.766454 0.103246 0.129957 0.107185
0 0.274059 0.468976 0.027899 0.026389
0 0.743517 0.797927 0.512966 0.404147
0 0.579152 0.011796 0.032007 0.023591