0 0.340419 0.325016 0.084199 0.072726
0 0.747494 0.065899 0.148950 0.126989
0 0.928964 0.888546 0.047210 0.040212
0 0.959413 0.530059 0.040645 0.035745
0 0.575978 0.386374 0.038704 0.034400
0 0.218397 0.561548 0.036849 0.031912
0 0.508602 0.221200 0.142915 0.125423
0 0.109257 0.439082 0.148634 0.126941
0 0.857787 0.958432 0.033958 0.028794
0 0.648037 0.445408 0.035276 0.032380
0 0.239534 0.217875 0.144607 0.114551
0 0.301142 0.673371 0.032525 0.026901
0 0.380689 0.221692 0.108600 0.086326
0 0.491762 0.948961 0.028650 0.026999
0 0.648494 0.023448 0.162592 0.046650
0 0.973814 0.479978 0.031851 0.024789
0 0.855076 0.909327 0.026717 0.024831
0 0.868350 0.327390 0.031263 0.028039
0 0.180099 0.294579 0.029333 0.024601
0 0.177858 0.006238 0.038826 0.012475
0 0.742412 0.623476 0.026790 0.025340
0 0.043458 0.986676 0.057254 0.026648
0 0.394208 0.285758 0.062383 0.053387
0 0.099021 0.503619 0.028161 0.024804
0 0.027424 0.418287 0.052527 0.070322
0 0.103664 0.144827 0.135905 0.118867
0 0.029642 0.403811 0.059285 0.151558
0 0.871017 0.789418 0.026873 0.024123
0 0.438309 0.272246 0.050349 0.041452
0 0.167887 0.122999 0.112229 0.102407