0 0.325557 0.308176 0.133614 0.130758
0 0.551565 0.768928 0.184224 0.171205
0 0.910235 0.926743 0.086458 0.085674
0 0.928146 0.787733 0.057189 0.057766
0 0.917072 0.294199 0.076447 0.075785
0 0.544353 0.238056 0.373577 0.359443
0 0.418169 0.930931 0.055456 0.053687
0 0.045298 0.043153 0.044221 0.043816
0 0.073524 0.119471 0.084606 0.083359
0 0.880462 0.035699 0.057908 0.055325
0 0.023993 0.878273 0.047987 0.097492
0 0.243435 0.582070 0.042607 0.041923
0 0.802709 0.640502 0.049318 0.047694
0 0.597596 0.400313 0.041082 0.040514
0 0.060687 0.567035 0.036019 0.036228
0 0.809900 0.250891 0.046926 0.045044
0 0.888056 0.567489 0.036202 0.035180
0 0.083213 0.303427 0.041140 0.041240
0 0.127950 0.507415 0.059279 0.057713
0 0.098328 0.729966 0.060632 0.056697
0 0.047911 0.682706 0.036170 0.035718
0 0.465412 0.448682 0.052639 0.051156
0 0.485466 0.243117 0.057339 0.056213
0 0.682142 0.673558 0.074743 0.072776
0 0.738011 0.334273 0.035317 0.034836
0 0.983521 0.922508 0.032958 0.048854
0 0.297000 0.669381 0.050525 0.052147
0 0.012286 0.586799 0.024560 0.044606
0 0.260343 0.673694 0.041333 0.040386
0 0.432999 0.569629 0.036102 0.035668
0 0.637624 0.470661 0.043274 0.042674
0 0.952271 0.022109 0.035716 0.035190
0 0.207406 0.555493 0.030437 0.030498
0 0.404255 0.760464 0.057566 0.054952
0 0.165649 0.626962 0.029816 0.029502
0 0.947242 0.196069 0.030281 0.030404
0 0.028222 0.967989 0.029694 0.027980
0 0.513091 0.042499 0.050402 0.049240
0 0.082812 0.710760 0.037133 0.035603
0 0.170922 0.058906 0.081287 0.079612
0 0.771289 0.440804 0.030976 0.029728
0 0.937056 0.049539 0.037452 0.036496
0 0.420502 0.719733 0.027942 0.027467
0 0.698305 0.385224 0.028056 0.028251
0 0.267532 0.411209 0.318469 0.308205
0 0.309744 0.617623 0.028149 0.027742
0 0.927384 0.625889 0.047044 0.046939
0 0.310991 0.795735 0.034022 0.032930
0 0.170243 0.261211 0.044468 0.044330
0 0.383392 0.448307 0.121565 0.121077
0 0.266496 0.218959 0.177202 0.163897
0 0.959256 0.604935 0.031103 0.030590
0 0.202302 0.830008 0.051859 0.047667
0 0.535009 0.227182 0.029168 0.028767
0 0.899242 0.348674 0.027027 0.027158
0 0.961938 0.350508 0.076125 0.184090
0 0.303322 0.021607 0.170651 0.043215
0 0.632028 0.028071 0.038801 0.037136
0 0.284639 0.134773 0.026821 0.025994
0 0.405682 0.062776 0.034187 0.032440
0 0.806034 0.892087 0.134427 0.126335
0 0.461137 0.471792 0.028693 0.028916
0 0.977170 0.961644 0.025928 0.025050
0 0.521480 0.441605 0.028496 0.028267
0 0.715532 0.007414 0.057578 0.014392
0 0.409798 0.436499 0.067811 0.068954
0 0.232015 0.103442 0.075505 0.076813
0 0.426848 0.741163 0.074262 0.068776