0 0.352185 0.643037 0.041195 0.035559
0 0.616147 0.016118 0.067942 0.032135
0 0.488142 0.007713 0.038566 0.015425
0 0.186359 0.495914 0.030424 0.027219
0 0.438854 0.814804 0.032434 0.028125
0 0.841485 0.918216 0.028471 0.026878
0 0.718547 0.933046 0.032059 0.029993
0 0.770057 0.194510 0.084963 0.071468
0 0.336137 0.715815 0.030057 0.026882
0 0.568760 0.720040 0.084234 0.074504
0 0.783588 0.288660 0.060519 0.052395
0 0.310216 0.772238 0.029081 0.026270
0 0.706801 0.945382 0.155618 0.108277
0 0.907331 0.287545 0.122856 0.098347
0 0.814113 0.156002 0.031826 0.030050
0 0.867552 0.014493 0.081520 0.028182
0 0.571332 0.649110 0.066146 0.056134