0 0.117152 0.642963 0.068415 0.066859
0 0.786775 0.731306 0.035450 0.034989
0 0.920606 0.854987 0.042075 0.040323
0 0.680845 0.898708 0.042372 0.041922
0 0.612358 0.760205 0.036433 0.035445
0 0.334819 0.815795 0.046943 0.044561
0 0.351635 0.855544 0.039581 0.038140
0 0.221016 0.327826 0.036849 0.033915
0 0.661560 0.548117 0.035024 0.032807
0 0.439614 0.177759 0.032096 0.030355
0 0.681813 0.444988 0.574945 0.597464
0 0.922915 0.751140 0.038108 0.036936
0 0.740777 0.320732 0.028396 0.027469
0 0.180166 0.322809 0.332608 0.304304
0 0.803623 0.886705 0.040261 0.039342
0 0.887465 0.798020 0.081841 0.081404
0 0.395926 0.416525 0.034171 0.033763
0 0.524470 0.430705 0.033220 0.033380
0 0.085470 0.438225 0.105320 0.094345
0 0.419504 0.772286 0.030272 0.029087
0 0.323465 0.656323 0.033861 0.034177
0 0.811363 0.843575 0.026185 0.025747
0 0.476471 0.729766 0.091604 0.090388
0 0.418158 0.707009 0.027857 0.027645
0 0.789514 0.771958 0.122448 0.118342
0 0.140911 0.760666 0.027621 0.026760
0 0.137642 0.916881 0.161436 0.159138
0 0.052020 0.852656 0.104041 0.101363
0 0.542147 0.986008 0.031040 0.027794
0 0.009872 0.753399 0.019683 0.033895
0 0.016785 0.410006 0.033570 0.165000
0 0.896339 0.345444 0.128122 0.129317
0 0.238852 0.024971 0.029462 0.027864
0 0.082060 0.489523 0.164120 0.174176
0 0.008747 0.046187 0.017494 0.032703
0 0.623573 0.733267 0.023918 0.023415
0 0.356995 0.383229 0.054750 0.051463
0 0.376802 0.343493 0.061788 0.057738
0 0.124508 0.485711 0.057281 0.052664
0 0.955275 0.677619 0.030525 0.030569
0 0.114415 0.763347 0.037122 0.036600
0 0.177358 0.637232 0.053239 0.049521
0 0.095838 0.710357 0.070201 0.071166
0 0.846994 0.203269 0.026580 0.025718