0 0.104633 0.436839 0.040471 0.035887
0 0.328503 0.783315 0.045119 0.039083
0 0.228952 0.584359 0.031966 0.028602
0 0.109028 0.759117 0.041124 0.034949
0 0.080344 0.656918 0.032033 0.027702
0 0.024016 0.035493 0.028427 0.026231
0 0.013692 0.848096 0.027385 0.040277
0 0.738732 0.618387 0.032887 0.027079
0 0.032502 0.832948 0.029082 0.024754
0 0.560648 0.399825 0.037084 0.034067
0 0.836139 0.313764 0.034866 0.030437
0 0.910387 0.688199 0.034757 0.029555
0 0.234469 0.464165 0.028122 0.023602
0 0.070726 0.794548 0.029983 0.025461
0 0.058287 0.823662 0.026694 0.023949
0 0.868373 0.690299 0.029041 0.024562
0 0.366826 0.730196 0.026592 0.023302
0 0.305673 0.927843 0.029395 0.025925
0 0.801074 0.170510 0.185105 0.152819
0 0.505757 0.270025 0.029068 0.024646
0 0.563516 0.010187 0.027602 0.020374
0 0.961213 0.216227 0.026544 0.023525
0 0.990047 0.262139 0.019476 0.026415