0 0.920884 0.748292 0.064110 0.063166
0 0.865447 0.921858 0.061320 0.056988
0 0.493119 0.626407 0.040526 0.038955
0 0.898906 0.892271 0.034538 0.034482
0 0.131131 0.220028 0.045461 0.043097
0 0.492849 0.327239 0.032695 0.031324
0 0.278672 0.043809 0.037469 0.035919
0 0.251171 0.274792 0.033120 0.031817
0 0.209023 0.093205 0.033441 0.032287
0 0.097207 0.306354 0.058625 0.060070
0 0.679775 0.989411 0.024869 0.020850
0 0.783233 0.562266 0.046762 0.044626
0 0.671875 0.459185 0.027882 0.027560
0 0.141056 0.157794 0.030588 0.029393
0 0.680536 0.221603 0.034905 0.033563
0 0.198036 0.330092 0.033578 0.032208
0 0.177360 0.155410 0.029076 0.028941
0 0.413594 0.427058 0.031880 0.032731
0 0.105695 0.306652 0.071814 0.067925
0 0.151429 0.262665 0.045974 0.045464
0 0.167300 0.318310 0.030241 0.029199
0 0.895438 0.610995 0.028036 0.027520
0 0.412050 0.421991 0.032353 0.029452
0 0.538478 0.634117 0.052055 0.050184
0 0.146832 0.184157 0.033053 0.031091
0 0.810799 0.187794 0.026208 0.025640
0 0.627146 0.650980 0.055340 0.051541
0 0.554505 0.518962 0.031579 0.032596
0 0.538731 0.558719 0.032654 0.031199
0 0.147035 0.175891 0.041666 0.042251
0 0.397962 0.088738 0.026504 0.026065
0 0.847253 0.929386 0.027274 0.029690