0 0.791330 0.883496 0.097713 0.094624
0 0.683820 0.320623 0.191515 0.191401
0 0.665314 0.514673 0.125601 0.120394
0 0.169295 0.080754 0.097012 0.091610
0 0.277413 0.923771 0.102599 0.101501
0 0.566115 0.792589 0.244153 0.241185
0 0.915743 0.423886 0.167244 0.248242
0 0.785873 0.024269 0.042385 0.040933
0 0.494827 0.310996 0.038600 0.037522
0 0.099612 0.786837 0.082661 0.080170
0 0.520459 0.361335 0.036305 0.035965
0 0.932264 0.061130 0.040487 0.039399
0 0.829427 0.597824 0.032053 0.031241
0 0.328340 0.637208 0.101416 0.097289
0 0.949157 0.016011 0.045974 0.031399
0 0.372614 0.373377 0.036804 0.035684
0 0.144236 0.546842 0.039068 0.038495
0 0.242783 0.472460 0.055236 0.054088
0 0.256006 0.343720 0.047847 0.045926
0 0.113564 0.432439 0.051946 0.051169
0 0.530917 0.581234 0.040357 0.039076
0 0.660100 0.078361 0.031124 0.031046
0 0.620428 0.012802 0.031510 0.025256
0 0.575104 0.034518 0.034055 0.033170
0 0.057649 0.156800 0.046804 0.043289
0 0.695615 0.808068 0.064870 0.062825
0 0.788472 0.184565 0.035631 0.035264
0 0.365414 0.931803 0.072300 0.072710
0 0.834979 0.971175 0.030621 0.029702
0 0.431939 0.983775 0.051984 0.032451
0 0.539586 0.392792 0.030699 0.030262
0 0.033063 0.803993 0.054956 0.053645
0 0.592317 0.111681 0.028021 0.027851
0 0.579592 0.289829 0.029806 0.028949
0 0.034598 0.720130 0.032777 0.032660
0 0.242131 0.212082 0.030176 0.029476
0 0.820189 0.772776 0.063991 0.061492
0 0.792838 0.484604 0.058269 0.056324
0 0.025995 0.342452 0.043125 0.041313
0 0.162856 0.204166 0.045339 0.043414
0 0.403298 0.643842 0.039348 0.037417
0 0.226105 0.695983 0.103393 0.101167
0 0.624834 0.080197 0.028708 0.028065
0 0.008454 0.620491 0.016908 0.050621
0 0.517812 0.816579 0.028267 0.027636
0 0.748674 0.046216 0.025671 0.026034
0 0.961189 0.243078 0.029652 0.029415
0 0.975955 0.565836 0.048090 0.142456
0 0.083659 0.976014 0.072075 0.047899
0 0.081664 0.367343 0.098166 0.098478
0 0.693756 0.859810 0.043210 0.042016
0 0.554808 0.211432 0.027514 0.027414
0 0.624722 0.309374 0.028813 0.028839
0 0.494387 0.276664 0.026569 0.025330
0 0.777412 0.079161 0.038866 0.037743
0 0.912464 0.650928 0.026672 0.026343
0 0.274720 0.789397 0.105625 0.102770
0 0.662635 0.897374 0.048598 0.045904
0 0.881005 0.856517 0.024863 0.024670
0 0.263749 0.543551 0.047224 0.045138
0 0.021313 0.385074 0.027418 0.027589
0 0.904456 0.868186 0.026160 0.025921
0 0.612172 0.227926 0.040731 0.041265
0 0.925866 0.550972 0.027264 0.027300
0 0.377838 0.322056 0.026319 0.026642
0 0.094293 0.888984 0.186836 0.221680
0 0.310524 0.511685 0.120035 0.121662
0 0.206384 0.344676 0.060513 0.061463
0 0.208694 0.366807 0.036226 0.035663
0 0.239796 0.178118 0.034812 0.034977
0 0.675412 0.801212 0.025807 0.024244
0 0.444982 0.669483 0.063679 0.061974
0 0.931112 0.925555 0.026508 0.026034
0 0.505776 0.237355 0.025592 0.025305
0 0.666838 0.732283 0.039282 0.034896
0 0.680152 0.753536 0.027705 0.027268
0 0.300659 0.679176 0.055623 0.053990
0 0.476027 0.092492 0.025902 0.025538
0 0.753701 0.549554 0.078761 0.080844
0 0.157369 0.060230 0.026619 0.026282
0 0.883056 0.098749 0.028971 0.028062
0 0.615345 0.953167 0.121457 0.092201
0 0.388544 0.683396 0.051440 0.049520
0 0.645938 0.416077 0.039376 0.038098
0 0.358232 0.422390 0.087120 0.083051
0 0.400546 0.473926 0.071956 0.072425
0 0.993456 0.872891 0.013088 0.030815
0 0.482327 0.200165 0.135265 0.134724
0 0.433099 0.876904 0.028340 0.027558
0 0.152360 0.743772 0.058489 0.057215
0 0.491520 0.123423 0.025428 0.025294
0 0.918218 0.272895 0.071329 0.068480
0 0.056168 0.234612 0.040196 0.037832