0 0.844808 0.617362 0.050286 0.050100
0 0.867253 0.740479 0.048755 0.048819
0 0.737205 0.738821 0.030519 0.029260
0 0.212941 0.411236 0.031513 0.030304
0 0.859850 0.679947 0.032937 0.033367
0 0.124426 0.929058 0.057125 0.055582
0 0.526187 0.688993 0.025878 0.025945
0 0.828431 0.838729 0.034275 0.034187
0 0.308527 0.993007 0.030374 0.013987
0 0.920406 0.961559 0.027877 0.027258
0 0.236493 0.987708 0.032184 0.024585
0 0.315662 0.904906 0.024888 0.024329
0 0.646009 0.160776 0.024914 0.024781
0 0.076426 0.962338 0.068385 0.068580
0 0.192051 0.909792 0.061368 0.059737
0 0.957088 0.857099 0.027621 0.027201
0 0.317129 0.407201 0.024211 0.023540
0 0.632849 0.940203 0.020963 0.021246