0 0.950579 0.248426 0.045555 0.033991
0 0.851078 0.297501 0.035081 0.025768
0 0.870206 0.190911 0.033753 0.027026
0 0.280361 0.502581 0.061436 0.045493
0 0.715988 0.546018 0.127685 0.105347
0 0.870772 0.230787 0.026892 0.024902
0 0.618866 0.895081 0.033558 0.025500
0 0.423939 0.846589 0.062260 0.044461
0 0.211289 0.389677 0.122479 0.092835
0 0.863807 0.089370 0.036789 0.031045
0 0.423430 0.913219 0.257001 0.172561
0 0.200984 0.850868 0.183982 0.147377
0 0.236743 0.464722 0.085683 0.071705
0 0.112501 0.308877 0.031859 0.025405