0 0.168360 0.754600 0.216399 0.208147
0 0.601796 0.853214 0.081456 0.081432
0 0.348777 0.661557 0.205968 0.210367
0 0.463709 0.800586 0.162740 0.157602
0 0.287891 0.426481 0.138058 0.137737
0 0.468558 0.389895 0.137613 0.135476
0 0.145383 0.518436 0.052935 0.053198
0 0.374844 0.875873 0.085987 0.082789
0 0.607372 0.562939 0.047569 0.047398
0 0.475208 0.279673 0.063195 0.061840
0 0.911808 0.823537 0.045634 0.045165
0 0.385058 0.255194 0.044512 0.043995
0 0.593012 0.608070 0.044066 0.043991
0 0.239880 0.477643 0.046991 0.046369
0 0.466923 0.194276 0.043961 0.043511
0 0.865377 0.207584 0.041912 0.040961
0 0.509795 0.448142 0.038136 0.036514
0 0.469369 0.490858 0.030898 0.030679
0 0.477386 0.103237 0.040050 0.040426
0 0.821366 0.337030 0.034125 0.033488
0 0.710269 0.436833 0.035722 0.034815
0 0.042022 0.809952 0.034445 0.033664
0 0.358487 0.775357 0.033686 0.033013
0 0.442541 0.132404 0.037282 0.036926
0 0.825866 0.673855 0.037188 0.035826
0 0.322675 0.359429 0.039624 0.039152
0 0.930036 0.727806 0.044931 0.045429
0 0.150639 0.713346 0.044161 0.043546
0 0.527316 0.599795 0.046533 0.046216
0 0.877684 0.775165 0.089656 0.089241
0 0.884073 0.730203 0.032064 0.031228
0 0.027057 0.416861 0.039663 0.038241
0 0.546958 0.924027 0.135465 0.137252
0 0.257571 0.276722 0.034161 0.034224
0 0.200434 0.531305 0.033170 0.033081
0 0.171552 0.990192 0.054764 0.019478
0 0.863495 0.694778 0.056704 0.056604
0 0.883568 0.093945 0.035833 0.035821
0 0.678923 0.953467 0.210611 0.093065
0 0.111221 0.378196 0.040838 0.040373
0 0.242495 0.986578 0.028315 0.025124
0 0.658854 0.845816 0.037072 0.037317
0 0.636507 0.254872 0.081711 0.084193
0 0.869899 0.605208 0.116724 0.114605
0 0.655530 0.762695 0.039205 0.039751
0 0.462330 0.966240 0.031061 0.030856
0 0.566273 0.540627 0.051333 0.051308
0 0.755293 0.848530 0.048586 0.049733
0 0.451956 0.608033 0.037560 0.037398
0 0.782491 0.791671 0.038454 0.038456
0 0.769545 0.283005 0.027419 0.027086
0 0.470208 0.061244 0.033416 0.033096
0 0.563361 0.478996 0.050293 0.051237
0 0.775158 0.866210 0.266082 0.263192
0 0.152790 0.050953 0.305581 0.101907
0 0.561343 0.817655 0.044114 0.041159
0 0.522314 0.526840 0.034093 0.034114
0 0.620250 0.013344 0.043400 0.026401
0 0.621049 0.771727 0.110072 0.108630
0 0.784106 0.410440 0.032608 0.031252
0 0.590723 0.088303 0.026947 0.026680
0 0.504280 0.226630 0.031524 0.030802
0 0.988873 0.258225 0.021981 0.030113
0 0.062109 0.429528 0.030100 0.031109
0 0.763958 0.634688 0.033578 0.035478
0 0.177734 0.371658 0.032379 0.032993
0 0.777189 0.634312 0.057929 0.055410
0 0.007569 0.448499 0.015137 0.032191
0 0.129437 0.988524 0.032662 0.022773
0 0.287882 0.330936 0.028267 0.029032
0 0.312474 0.214434 0.029953 0.029027
0 0.900360 0.329226 0.026904 0.026272
0 0.307922 0.830469 0.129046 0.125194