0 0.175273 0.422758 0.119589 0.115245
0 0.373219 0.700506 0.074391 0.073398
0 0.692917 0.580239 0.297023 0.282106
0 0.455998 0.041119 0.050103 0.049881
0 0.107185 0.133700 0.214370 0.267400
0 0.062989 0.403155 0.040310 0.038450
0 0.456527 0.387369 0.061514 0.060856
0 0.279150 0.603959 0.040306 0.038105
0 0.811667 0.648229 0.046423 0.045893
0 0.473326 0.331243 0.036481 0.036339
0 0.970869 0.267148 0.030042 0.030230
0 0.538143 0.218153 0.164648 0.156073
0 0.363990 0.098671 0.044327 0.043424
0 0.882802 0.019684 0.103797 0.039367
0 0.908889 0.042524 0.042233 0.041443
0 0.100096 0.772797 0.041645 0.040674
0 0.907204 0.495055 0.047780 0.046192
0 0.672900 0.124864 0.039682 0.037632
0 0.207785 0.304278 0.068071 0.066545
0 0.251349 0.673611 0.039501 0.038410
0 0.977427 0.983997 0.042410 0.031826
0 0.308448 0.791358 0.034656 0.033773
0 0.226019 0.092338 0.033251 0.033050
0 0.894690 0.205941 0.040623 0.040090
0 0.167049 0.540962 0.076174 0.073270
0 0.983486 0.757894 0.031218 0.031638
0 0.336257 0.838099 0.050587 0.047739
0 0.705753 0.873101 0.462596 0.253797
0 0.988732 0.400272 0.022537 0.030388
0 0.449475 0.167097 0.030330 0.029934
0 0.343475 0.326050 0.050499 0.049004
0 0.116144 0.353249 0.030401 0.028468
0 0.374986 0.909941 0.164583 0.156034
0 0.741303 0.443362 0.039875 0.040226
0 0.888710 0.547556 0.036724 0.035937
0 0.966941 0.423136 0.034629 0.034430
0 0.030395 0.540150 0.052570 0.050832
0 0.608940 0.120025 0.036175 0.036007
0 0.226850 0.150745 0.034681 0.032643
0 0.837658 0.874467 0.051234 0.049214
0 0.095726 0.667317 0.124555 0.115537
0 0.873412 0.735249 0.168149 0.165297
0 0.260537 0.006445 0.034930 0.012889
0 0.271489 0.970640 0.030373 0.031142
0 0.993552 0.367179 0.012895 0.023785
0 0.081346 0.674498 0.100493 0.097072
0 0.790010 0.095217 0.032891 0.034425
0 0.818953 0.161278 0.026530 0.027107
0 0.992140 0.615484 0.015720 0.030695
0 0.291638 0.932720 0.026810 0.026073
0 0.820446 0.206946 0.029245 0.029934
0 0.879318 0.060577 0.022866 0.022376
0 0.718319 0.355089 0.025035 0.025330
0 0.397702 0.829857 0.033988 0.034267
0 0.700853 0.607110 0.029700 0.030542
0 0.418378 0.992022 0.038578 0.015907
0 0.198852 0.796362 0.031696 0.031321
0 0.955062 0.055295 0.022438 0.023080
0 0.584309 0.102992 0.030848 0.030907
0 0.194708 0.876550 0.031497 0.029897