0 0.579462 0.484775 0.032408 0.031638
0 0.846397 0.673168 0.042594 0.041287
0 0.945004 0.529533 0.103015 0.102828
0 0.422054 0.621797 0.028430 0.028193
0 0.068564 0.030496 0.030247 0.029666
0 0.974369 0.406134 0.051262 0.057953
0 0.465237 0.402242 0.026043 0.026165
0 0.600294 0.420245 0.026514 0.026273
0 0.114485 0.805767 0.045305 0.043875
0 0.783529 0.474310 0.027740 0.027328
0 0.170978 0.198727 0.023951 0.024000
0 0.464700 0.864005 0.026770 0.026698
0 0.865731 0.877312 0.033451 0.032306
0 0.229092 0.302896 0.024564 0.024936
0 0.403683 0.081401 0.024379 0.024036
0 0.059987 0.563878 0.045808 0.045387
0 0.200438 0.780547 0.085149 0.079805
0 0.679112 0.183462 0.022495 0.022538
0 0.802803 0.776973 0.034018 0.034695
0 0.851552 0.836121 0.031109 0.029990
0 0.232319 0.193526 0.059026 0.057320
0 0.582209 0.326271 0.023672 0.023258
0 0.307675 0.557091 0.048830 0.047218
0 0.963052 0.304688 0.022960 0.022778