0 0.924294 0.777107 0.070244 0.057707
0 0.046001 0.733181 0.092002 0.107703
0 0.206075 0.426636 0.051004 0.047652
0 0.813424 0.351133 0.042405 0.036500
0 0.083386 0.235478 0.038737 0.036316
0 0.022246 0.883231 0.038236 0.035942
0 0.724603 0.020021 0.039644 0.035201
0 0.905182 0.107120 0.035436 0.031597
0 0.311334 0.103393 0.033612 0.029912
0 0.241935 0.298928 0.035176 0.033030
0 0.957178 0.823884 0.034015 0.029228
0 0.029460 0.019108 0.056153 0.038216
0 0.801872 0.914573 0.035374 0.033641
0 0.174274 0.934637 0.028544 0.027221
0 0.761299 0.719014 0.052658 0.038594
0 0.766873 0.723204 0.046732 0.034143
0 0.404006 0.033695 0.119127 0.066891
0 0.667876 0.618720 0.064944 0.056424
0 0.951947 0.976165 0.096106 0.047670
0 0.922853 0.728312 0.062138 0.050476
0 0.872812 0.955731 0.071696 0.061087
0 0.266999 0.684098 0.073342 0.067312
0 0.965012 0.740495 0.044790 0.040374
0 0.305715 0.595456 0.029163 0.026743
0 0.104932 0.386826 0.028355 0.027172
0 0.445628 0.979460 0.085771 0.041080
0 0.523552 0.208539 0.057781 0.049702
0 0.551564 0.959227 0.046373 0.043013
0 0.958655 0.035242 0.077333 0.067839
0 0.032234 0.094875 0.030248 0.027799
0 0.701528 0.413122 0.029321 0.026930
0 0.679739 0.188774 0.114199 0.102570
0 0.521643 0.204212 0.070665 0.059705
0 0.818571 0.616545 0.070267 0.064976
0 0.785456 0.078191 0.260814 0.155814