0 0.274185 0.765532 0.190098 0.187746
0 0.045067 0.329375 0.090134 0.108972
0 0.751226 0.935494 0.094215 0.093934
0 0.544633 0.695243 0.093275 0.088913
0 0.595012 0.613983 0.122559 0.117204
0 0.306798 0.372401 0.339900 0.344048
0 0.887339 0.538998 0.060612 0.058615
0 0.472838 0.700401 0.038744 0.037400
0 0.192861 0.647029 0.036149 0.035145
0 0.649115 0.698882 0.048372 0.049015
0 0.225885 0.914605 0.033702 0.033053
0 0.919134 0.170524 0.029664 0.028498
0 0.833342 0.553414 0.059295 0.058414
0 0.852077 0.654621 0.069509 0.067104
0 0.267894 0.864553 0.029364 0.028196
0 0.387363 0.818671 0.031547 0.031584
0 0.142319 0.870119 0.029167 0.028315
0 0.542776 0.185111 0.058369 0.055406
0 0.767133 0.596119 0.119136 0.116121
0 0.826789 0.489305 0.079330 0.076669
0 0.267655 0.612079 0.048539 0.046603
0 0.897274 0.674699 0.037517 0.036625
0 0.929443 0.575643 0.077742 0.075632
0 0.458896 0.866718 0.037618 0.037037
0 0.035511 0.630991 0.029888 0.030233
0 0.164639 0.497355 0.028209 0.027981
0 0.645898 0.561994 0.069829 0.065022
0 0.616457 0.891328 0.051167 0.049233
0 0.789330 0.454499 0.034630 0.032981
0 0.859652 0.694292 0.047087 0.045742
0 0.202945 0.988256 0.041079 0.023488
0 0.941644 0.821692 0.046358 0.045218
0 0.564913 0.890858 0.055084 0.053644
0 0.442146 0.974045 0.046178 0.043069
0 0.742995 0.169581 0.035942 0.034038
0 0.444397 0.005435 0.035430 0.010870
0 0.463164 0.036389 0.029102 0.027712
0 0.071055 0.737836 0.083547 0.081624
0 0.227348 0.673724 0.041066 0.039845
0 0.055190 0.868784 0.026644 0.026486
0 0.240429 0.888418 0.044570 0.043752
0 0.418796 0.534193 0.072713 0.071501
0 0.888924 0.261041 0.036469 0.034005
0 0.865113 0.069162 0.087937 0.086001
0 0.023571 0.144622 0.029404 0.030467
0 0.459726 0.903680 0.026368 0.025982
0 0.547568 0.798481 0.028548 0.027690
0 0.698592 0.266627 0.051323 0.051810
0 0.292098 0.482468 0.230862 0.217494
0 0.873006 0.269083 0.253722 0.279208
0 0.699470 0.265251 0.064088 0.061307
0 0.137507 0.788719 0.075154 0.072340
0 0.738613 0.283202 0.033340 0.031869
0 0.350633 0.937861 0.026726 0.025373
0 0.044645 0.851951 0.032110 0.031460
0 0.746392 0.145978 0.034404 0.030044
0 0.970959 0.251573 0.058082 0.125525
0 0.962903 0.674562 0.073794 0.238069
0 0.775409 0.476112 0.025713 0.024985
0 0.728037 0.157663 0.058119 0.048155