0 0.953553 0.688886 0.058774 0.047481
0 0.613287 0.638857 0.034405 0.025430
0 0.169318 0.717673 0.059606 0.040934
0 0.131690 0.540266 0.058076 0.043985
0 0.569709 0.781880 0.072845 0.040781
0 0.230740 0.777173 0.043937 0.031734
0 0.806000 0.677316 0.218872 0.177082
0 0.455221 0.100456 0.034775 0.026029
0 0.604435 0.486295 0.082131 0.058291
0 0.023782 0.775567 0.047233 0.049361
0 0.846818 0.540749 0.058912 0.047087
0 0.171424 0.174498 0.187388 0.135391
0 0.169835 0.725526 0.069293 0.055222
0 0.465132 0.104682 0.030130 0.021830