0 0.807182 0.296316 0.057997 0.055806
0 0.791644 0.482393 0.039331 0.038548
0 0.379617 0.613405 0.033266 0.032230
0 0.440824 0.312557 0.039801 0.040831
0 0.953937 0.702009 0.032123 0.029734
0 0.089133 0.519080 0.032545 0.031748
0 0.178700 0.380035 0.032964 0.031281
0 0.582500 0.809116 0.032716 0.031452
0 0.956589 0.343799 0.032560 0.032654
0 0.569131 0.367726 0.029495 0.028247
0 0.984355 0.343164 0.030784 0.034193
0 0.059280 0.522697 0.027814 0.027065
0 0.082824 0.477074 0.028121 0.027036
0 0.430821 0.168779 0.033109 0.031201
0 0.990110 0.121208 0.019501 0.031803
0 0.710474 0.388224 0.027172 0.026615
0 0.242045 0.975745 0.029623 0.029009
0 0.214435 0.239918 0.026265 0.026342
0 0.722716 0.536165 0.026232 0.026425
0 0.691294 0.754503 0.026078 0.025510