0 0.928400 0.462259 0.131614 0.100253
0 0.536884 0.472746 0.126655 0.099949
0 0.569706 0.594889 0.073346 0.056855
0 0.278561 0.201086 0.213334 0.160605
0 0.604313 0.685593 0.072298 0.057441
0 0.810863 0.551101 0.101296 0.077678
0 0.410390 0.535120 0.157552 0.116779
0 0.700629 0.678428 0.113926 0.081561
0 0.975081 0.667740 0.049522 0.049079
0 0.760160 0.831493 0.118581 0.087874
0 0.881188 0.625987 0.082150 0.064158
0 0.376552 0.843678 0.198569 0.143580
0 0.279265 0.166842 0.053699 0.038364
0 0.914171 0.078214 0.044832 0.033243
0 0.892751 0.805558 0.091423 0.064179
0 0.744058 0.531279 0.078842 0.061166
0 0.913758 0.920207 0.050322 0.035804
0 0.964814 0.564925 0.070372 0.061003
0 0.355362 0.331135 0.075517 0.052501
0 0.718513 0.480629 0.070723 0.046562
0 0.775498 0.887742 0.085358 0.058819
0 0.242062 0.316493 0.080528 0.055399
0 0.189384 0.132438 0.038642 0.031033
0 0.976508 0.806973 0.046984 0.099324
0 0.839452 0.662695 0.041608 0.031516
0 0.503084 0.744546 0.042324 0.031505
0 0.848831 0.272658 0.037568 0.029280
0 0.923808 0.846616 0.095428 0.068914
0 0.982343 0.061650 0.035314 0.057606
0 0.671375 0.897066 0.039458 0.031091
0 0.601507 0.804668 0.040370 0.032505
0 0.864749 0.889525 0.046437 0.034850
0 0.146704 0.357235 0.034511 0.026364
0 0.232157 0.380909 0.082230 0.060804
0 0.337462 0.224883 0.060935 0.045134
0 0.434864 0.013387 0.045794 0.026648
0 0.107256 0.752276 0.063965 0.048707
0 0.279584 0.251858 0.081007 0.064304
0 0.634609 0.465623 0.061518 0.048174
0 0.947124 0.632148 0.043068 0.034626
0 0.948618 0.064979 0.032438 0.025684
0 0.816436 0.933847 0.079998 0.053688
0 0.295912 0.644878 0.169018 0.143811
0 0.958636 0.523899 0.049295 0.038430
0 0.401286 0.748194 0.076452 0.055447
0 0.699357 0.061012 0.048085 0.033520
0 0.511011 0.302390 0.045947 0.030311
0 0.610081 0.430891 0.039378 0.031559
0 0.309646 0.495276 0.053137 0.039566