0 0.603270 0.253590 0.043640 0.041823
0 0.112190 0.874443 0.041035 0.039744
0 0.021327 0.161553 0.042349 0.051018
0 0.873790 0.866782 0.040419 0.034882
0 0.782827 0.525062 0.084799 0.082900
0 0.417401 0.026465 0.034804 0.032635
0 0.497601 0.470752 0.034689 0.033382
0 0.231501 0.381679 0.065690 0.063556
0 0.324401 0.327697 0.026331 0.026730
0 0.650596 0.752011 0.039548 0.036502
0 0.396822 0.812694 0.053338 0.050460
0 0.176246 0.846582 0.072818 0.071438
0 0.146877 0.237016 0.173760 0.165691
0 0.306027 0.444069 0.044303 0.042745
0 0.223985 0.902888 0.030070 0.029254
0 0.131922 0.653131 0.103545 0.096879
0 0.147581 0.657212 0.074063 0.068857
0 0.177652 0.399877 0.028492 0.027299
0 0.234581 0.439515 0.046057 0.044444
0 0.956393 0.968930 0.087213 0.062140
0 0.131073 0.533654 0.129490 0.121988
0 0.149551 0.263369 0.208678 0.204661
0 0.192512 0.591791 0.066219 0.062717
0 0.987381 0.544262 0.025238 0.057339
0 0.517556 0.186981 0.107760 0.104533