0 0.732581 0.242240 0.067102 0.065433
0 0.302876 0.981683 0.047183 0.036634
0 0.488988 0.121128 0.037893 0.037316
0 0.557906 0.267200 0.034909 0.034229
0 0.661304 0.780884 0.029992 0.029874
0 0.210246 0.013047 0.034812 0.026010
0 0.716923 0.819809 0.037288 0.036049
0 0.041440 0.842267 0.028629 0.028110
0 0.258536 0.247124 0.039719 0.039324
0 0.673683 0.825941 0.049469 0.050088
0 0.251585 0.016044 0.036977 0.031687
0 0.058651 0.921156 0.028412 0.028352
0 0.854771 0.461999 0.030937 0.030066
0 0.108344 0.436844 0.216688 0.412616
0 0.044186 0.728023 0.087909 0.170743
0 0.217868 0.810170 0.027064 0.026969
0 0.165269 0.271919 0.091122 0.091659
0 0.327855 0.521860 0.098960 0.096712
0 0.321789 0.427263 0.030501 0.030513
0 0.897819 0.218254 0.097324 0.095350
0 0.415390 0.005670 0.026281 0.011340
0 0.946353 0.665627 0.048064 0.046436
0 0.187623 0.062321 0.041895 0.040503
0 0.751800 0.281272 0.040442 0.037941
0 0.862218 0.080526 0.275563 0.158912
0 0.747516 0.282652 0.047480 0.046107
0 0.116587 0.149560 0.057827 0.056526
0 0.924027 0.551984 0.024641 0.024553
0 0.142632 0.176855 0.040953 0.041751
0 0.035301 0.471635 0.061203 0.059839
0 0.617076 0.397989 0.076833 0.077163
0 0.786293 0.126407 0.049576 0.049618
0 0.348105 0.265781 0.083142 0.079892
0 0.832344 0.608823 0.057676 0.056753
0 0.707895 0.904763 0.270321 0.190473
0 0.441954 0.715195 0.261029 0.290989
0 0.162868 0.198382 0.034344 0.033314
0 0.061668 0.870914 0.122699 0.245850
0 0.414517 0.366316 0.105825 0.104537
0 0.581594 0.515748 0.051952 0.051991