0 0.933043 0.737464 0.064692 0.064168
0 0.850102 0.413684 0.043045 0.043504
0 0.649362 0.904312 0.060863 0.060258
0 0.151831 0.560090 0.051869 0.050509
0 0.985513 0.552597 0.028328 0.035171
0 0.237496 0.713641 0.061488 0.056826
0 0.089833 0.888737 0.033493 0.032690
0 0.512050 0.496681 0.040942 0.037744
0 0.761000 0.325563 0.031435 0.030046
0 0.176980 0.957034 0.027266 0.026999
0 0.283119 0.599462 0.027866 0.027036
0 0.756883 0.511768 0.029266 0.028265
0 0.101715 0.500005 0.030303 0.030008
0 0.180743 0.763315 0.033573 0.032362
0 0.916668 0.910359 0.034106 0.032202
0 0.395008 0.887226 0.029108 0.028654
0 0.049892 0.685545 0.031405 0.030950
0 0.840007 0.605609 0.028919 0.028565
0 0.135887 0.730404 0.032844 0.032239
0 0.219641 0.813969 0.033414 0.032395
0 0.863781 0.620737 0.028868 0.029524
0 0.402636 0.851677 0.034468 0.033393
0 0.871667 0.294458 0.061692 0.062049
0 0.969477 0.658205 0.060883 0.132614
0 0.962166 0.213871 0.046193 0.046530
0 0.121195 0.785589 0.027019 0.026433
0 0.457303 0.818148 0.027205 0.026874
0 0.368463 0.867262 0.034891 0.033268
0 0.291926 0.147174 0.038966 0.039137
0 0.975563 0.856942 0.023632 0.023809
0 0.582085 0.805029 0.027168 0.027949
0 0.133941 0.736217 0.035834 0.040155
0 0.734332 0.357380 0.025101 0.025177
0 0.921555 0.243970 0.090993 0.087213
0 0.265078 0.647845 0.038727 0.038350
0 0.105332 0.736163 0.031680 0.030976
0 0.111036 0.805779 0.027604 0.028797