0 0.865326 0.956977 0.063057 0.062173
0 0.953640 0.225436 0.056385 0.055148
0 0.961564 0.670613 0.039403 0.039419
0 0.940516 0.570284 0.053230 0.052406
0 0.650470 0.072630 0.052077 0.050675
0 0.124756 0.307256 0.050699 0.048237
0 0.214196 0.568300 0.045967 0.046026
0 0.546084 0.918301 0.041252 0.041633
0 0.225818 0.506401 0.034469 0.034974
0 0.254718 0.750245 0.041095 0.040621
0 0.057909 0.989080 0.026612 0.021840
0 0.028534 0.397206 0.031520 0.030643
0 0.157734 0.024148 0.028433 0.027471
0 0.468116 0.633376 0.042888 0.042116
0 0.218239 0.919004 0.030892 0.031033
0 0.928789 0.983489 0.042424 0.033021
0 0.599143 0.828317 0.037424 0.038366
0 0.164682 0.860873 0.038762 0.039684
0 0.117462 0.678281 0.034554 0.034017
0 0.075416 0.702813 0.046072 0.044391
0 0.203266 0.612692 0.036925 0.036360
0 0.225620 0.131224 0.027876 0.027675
0 0.375840 0.165668 0.043506 0.044665
0 0.881938 0.850774 0.028035 0.027527
0 0.668287 0.256605 0.028705 0.027951
0 0.015866 0.585337 0.031733 0.038450
0 0.849386 0.491862 0.035621 0.035823
0 0.807069 0.112386 0.046474 0.045820
0 0.009341 0.477232 0.018480 0.103452
0 0.148925 0.697780 0.031130 0.031018
0 0.115093 0.712399 0.036867 0.036570
0 0.149929 0.590132 0.029497 0.028624
0 0.214516 0.952559 0.026010 0.026527
0 0.613434 0.972450 0.028823 0.027553
0 0.101704 0.870198 0.031334 0.032043
0 0.993458 0.506079 0.013059 0.041501
0 0.481963 0.436699 0.042769 0.043096
0 0.817122 0.740345 0.027355 0.026097
0 0.304086 0.171572 0.051747 0.051102
0 0.474204 0.212051 0.026832 0.026714
0 0.928164 0.071978 0.026385 0.026381
0 0.143188 0.841598 0.047694 0.047285
0 0.884946 0.549621 0.051610 0.050013
0 0.369222 0.099581 0.037863 0.038020
0 0.617057 0.915621 0.027227 0.028084