0 0.160471 0.440184 0.270576 0.261040
0 0.918382 0.879183 0.146875 0.137341
0 0.509637 0.452268 0.413149 0.412578
0 0.866615 0.233951 0.167544 0.153957
0 0.026754 0.807664 0.048732 0.048211
0 0.644084 0.687409 0.056076 0.054526
0 0.674205 0.961144 0.040706 0.039521
0 0.575989 0.124475 0.236948 0.235816
0 0.689235 0.685964 0.037131 0.035929
0 0.597180 0.802085 0.042172 0.042027
0 0.302773 0.305338 0.044594 0.042374
0 0.490609 0.834172 0.032921 0.032314
0 0.622710 0.933560 0.038308 0.036948
0 0.531922 0.026903 0.037012 0.035852
0 0.983883 0.804695 0.029248 0.028783
0 0.693986 0.858639 0.031119 0.030633
0 0.321440 0.850513 0.039715 0.039695
0 0.784709 0.674538 0.043834 0.041493
0 0.146288 0.934969 0.037244 0.036875
0 0.930229 0.976862 0.115823 0.046276
0 0.244115 0.732526 0.028646 0.028673
0 0.026917 0.371196 0.053011 0.056992
0 0.864780 0.528396 0.032554 0.032006
0 0.296692 0.794828 0.033222 0.033270
0 0.336027 0.829021 0.027792 0.027571
0 0.307985 0.720258 0.031230 0.031530
0 0.296669 0.737839 0.033943 0.032811
0 0.227205 0.642666 0.046643 0.044832
0 0.591155 0.662222 0.042844 0.041104
0 0.018556 0.652050 0.036795 0.052931
0 0.238124 0.561483 0.032685 0.032639
0 0.008378 0.497910 0.016757 0.031235
0 0.354410 0.811308 0.025492 0.026548
0 0.128088 0.666849 0.028351 0.027343
0 0.401918 0.778769 0.025139 0.025602
0 0.666489 0.625014 0.043460 0.042861
0 0.594140 0.883741 0.028395 0.026922
0 0.265500 0.181354 0.531000 0.362708
0 0.054198 0.326333 0.039166 0.036082
0 0.420192 0.064600 0.088693 0.085330
0 0.005912 0.540115 0.011818 0.031180
0 0.605985 0.676385 0.034322 0.032641
0 0.409437 0.667613 0.081491 0.079438
0 0.712651 0.664887 0.031305 0.031065
0 0.172204 0.981773 0.081778 0.036455
0 0.099057 0.652447 0.034809 0.033146
0 0.638213 0.980051 0.024814 0.024472
0 0.481663 0.022277 0.068946 0.044555
0 0.599701 0.705475 0.024817 0.023765
0 0.599672 0.670144 0.047184 0.044749
0 0.981460 0.687052 0.037080 0.182345
0 0.554115 0.947854 0.030569 0.029708
0 0.637669 0.660806 0.030549 0.029270