0 0.350141 0.455520 0.078738 0.072031
0 0.336077 0.046501 0.030847 0.027384
0 0.793871 0.059664 0.043742 0.038171
0 0.774112 0.110025 0.126078 0.105242
0 0.188128 0.245824 0.031963 0.027567
0 0.699226 0.063086 0.054380 0.046741
0 0.856593 0.647835 0.038319 0.030217
0 0.937581 0.847937 0.124838 0.136494
0 0.941014 0.536815 0.090463 0.074649
0 0.269889 0.633795 0.080948 0.072755
0 0.245221 0.730590 0.029515 0.025057
0 0.764133 0.784010 0.062708 0.051313
0 0.368177 0.546243 0.037256 0.032825
0 0.452977 0.160074 0.028517 0.026957
0 0.821382 0.747128 0.037588 0.029136
0 0.980995 0.686802 0.038011 0.046351
0 0.380775 0.117564 0.028347 0.026723
0 0.918265 0.472432 0.060555 0.049486
0 0.804695 0.682669 0.043952 0.035208
0 0.815616 0.340016 0.049240 0.043128
0 0.704638 0.808664 0.039387 0.033456
0 0.644516 0.863039 0.097445 0.081059
0 0.583210 0.886713 0.045560 0.037319
0 0.216531 0.370883 0.030206 0.027046
0 0.616732 0.170725 0.083366 0.077492
0 0.954861 0.703683 0.047418 0.039373
0 0.870662 0.434320 0.030839 0.026859
0 0.958903 0.009888 0.041538 0.019776
0 0.083144 0.931632 0.053425 0.042736
0 0.094901 0.770000 0.033356 0.027358
0 0.960458 0.152627 0.030580 0.028672
0 0.460679 0.791457 0.041285 0.033695
0 0.871838 0.904884 0.079075 0.066323
0 0.834650 0.095200 0.027932 0.026416
0 0.779958 0.990799 0.054407 0.018326
0 0.631155 0.905762 0.040960 0.033062