0 0.566725 0.591351 0.205898 0.195502
0 0.115453 0.235740 0.098955 0.093070
0 0.825814 0.386737 0.087948 0.086476
0 0.448747 0.524725 0.123970 0.114804
0 0.213153 0.861074 0.040314 0.036802
0 0.942596 0.221902 0.047058 0.042969
0 0.961700 0.714324 0.055293 0.053396
0 0.778406 0.843186 0.087757 0.080365
0 0.581696 0.300797 0.055093 0.051967
0 0.948078 0.889136 0.049874 0.043492
0 0.720763 0.661776 0.069629 0.065404
0 0.222028 0.125301 0.083913 0.079386
0 0.696694 0.800316 0.042591 0.041796
0 0.942821 0.623483 0.110569 0.105444
0 0.028161 0.106029 0.033423 0.031587
0 0.237476 0.012818 0.054183 0.025518
0 0.748009 0.722170 0.066154 0.063559
0 0.668149 0.069581 0.059764 0.057874
0 0.675764 0.759598 0.059380 0.054818
0 0.644458 0.792143 0.072700 0.069349
0 0.208089 0.731830 0.052330 0.049417
0 0.323273 0.855687 0.056806 0.054122
0 0.747737 0.210311 0.076962 0.073590
0 0.878789 0.141437 0.097737 0.090803
0 0.122737 0.858833 0.060741 0.058322
0 0.174659 0.528118 0.030077 0.028486
0 0.080216 0.112646 0.029460 0.027583
0 0.991088 0.742050 0.017825 0.065403
0 0.150910 0.538601 0.031174 0.029161
0 0.818584 0.702978 0.080464 0.075570
0 0.259355 0.760670 0.034262 0.031593
0 0.228926 0.011641 0.075618 0.023217
0 0.780275 0.654222 0.051509 0.051329
0 0.778557 0.382106 0.072718 0.071071
0 0.963631 0.074120 0.030613 0.030191
0 0.912354 0.711289 0.038719 0.036362
0 0.624002 0.981878 0.098963 0.036243
0 0.372292 0.865804 0.036322 0.035733
0 0.043269 0.861587 0.030342 0.027958
0 0.695466 0.868534 0.030471 0.028749
0 0.403054 0.817230 0.031515 0.031173
0 0.762105 0.447352 0.053799 0.051756
0 0.474578 0.291214 0.108727 0.103235
0 0.772313 0.379033 0.058761 0.057633
0 0.831370 0.271603 0.030814 0.029243
0 0.930591 0.078144 0.038922 0.038003
0 0.324669 0.839255 0.032762 0.029089
0 0.825548 0.694485 0.067916 0.062526
0 0.007127 0.793167 0.014254 0.024379
0 0.683007 0.204842 0.052960 0.047968
0 0.621623 0.843439 0.056191 0.057372
0 0.709415 0.824541 0.028613 0.027566
0 0.874700 0.600969 0.040527 0.039961
0 0.252422 0.805297 0.026080 0.025436