0 0.180675 0.547781 0.061906 0.060042
0 0.266084 0.569116 0.063188 0.060484
0 0.225231 0.895532 0.260485 0.208936
0 0.805079 0.443517 0.078483 0.078242
0 0.479883 0.211923 0.094676 0.093219
0 0.801690 0.899007 0.076242 0.076212
0 0.545805 0.282772 0.099045 0.097212
0 0.689200 0.945483 0.053971 0.053125
0 0.254016 0.447767 0.037024 0.036739
0 0.696970 0.520061 0.042059 0.040128
0 0.073721 0.827207 0.035102 0.034773
0 0.438201 0.298382 0.039094 0.037503
0 0.955492 0.761248 0.055246 0.053113
0 0.409345 0.646197 0.054147 0.054547
0 0.765572 0.520521 0.041807 0.041477
0 0.808051 0.226634 0.107091 0.105871
0 0.363912 0.755399 0.036639 0.036307
0 0.105431 0.839044 0.036813 0.036509
0 0.385325 0.908658 0.041719 0.039929
0 0.700912 0.702305 0.076801 0.075381
0 0.785080 0.684917 0.039029 0.038816
0 0.548624 0.072076 0.085087 0.083522
0 0.073808 0.173491 0.054286 0.051783
0 0.281951 0.524431 0.036588 0.034713
0 0.256831 0.389058 0.038540 0.037988
0 0.552606 0.929532 0.042549 0.041101
0 0.841681 0.807200 0.058435 0.059815
0 0.711570 0.786767 0.042723 0.042206
0 0.700486 0.905786 0.035485 0.035071
0 0.152385 0.509683 0.032011 0.031408
0 0.211307 0.413471 0.031820 0.031381
0 0.880785 0.898856 0.043049 0.044155
0 0.889731 0.438500 0.039743 0.038200
0 0.611849 0.602728 0.031965 0.030831
0 0.839276 0.971865 0.031261 0.031324
0 0.191914 0.591301 0.037008 0.036121
0 0.473673 0.737121 0.039241 0.039706
0 0.316252 0.463638 0.035426 0.034443
0 0.029394 0.532048 0.057917 0.078393
0 0.853917 0.456522 0.034414 0.034722
0 0.441402 0.615560 0.047150 0.046768
0 0.446032 0.711733 0.039055 0.038142
0 0.869069 0.947331 0.036400 0.037568
0 0.321920 0.616841 0.029309 0.029654
0 0.361134 0.619889 0.030295 0.030158
0 0.990055 0.471543 0.019889 0.039468
0 0.793575 0.029729 0.039555 0.038511
0 0.744840 0.679790 0.035500 0.034613
0 0.989526 0.962228 0.020948 0.036887
0 0.527931 0.125128 0.041404 0.040056
0 0.235041 0.123431 0.034505 0.031996
0 0.741839 0.231739 0.031569 0.030809
0 0.007447 0.827077 0.014893 0.027666
0 0.546828 0.971915 0.066495 0.056170
0 0.372315 0.020686 0.043525 0.040353
0 0.589466 0.986673 0.039062 0.026654
0 0.605417 0.658671 0.045374 0.045200
0 0.375405 0.284637 0.036799 0.037186
0 0.802643 0.751192 0.064247 0.067697
0 0.648267 0.440738 0.057499 0.056383
0 0.391778 0.568295 0.035408 0.034922
0 0.551838 0.670759 0.052978 0.054120
0 0.494238 0.823484 0.030411 0.029323
0 0.086161 0.513467 0.028192 0.029220
0 0.496845 0.049268 0.061223 0.061799
0 0.223524 0.870808 0.042589 0.039927
0 0.458171 0.136547 0.031973 0.030347
0 0.929415 0.440475 0.029992 0.029370
0 0.791089 0.296989 0.051861 0.052271
0 0.832109 0.650448 0.034005 0.034739
0 0.420432 0.690422 0.034074 0.035300
0 0.690931 0.473219 0.051568 0.049649
0 0.587180 0.344291 0.032422 0.031563
0 0.022822 0.615368 0.023282 0.023093
0 0.268701 0.729176 0.032249 0.032265
0 0.085222 0.593124 0.034143 0.034780
0 0.817890 0.838278 0.033116 0.032695
0 0.110090 0.302301 0.027379 0.027122
0 0.295286 0.492827 0.034791 0.033870
0 0.948284 0.295222 0.101020 0.279210
0 0.255887 0.242900 0.031810 0.030387
0 0.233597 0.360581 0.027023 0.026409
0 0.071532 0.544614 0.034050 0.034933
0 0.265348 0.278562 0.027386 0.027200
0 0.764659 0.847374 0.028656 0.028087
0 0.723490 0.203049 0.045842 0.043558
0 0.343051 0.580435 0.048813 0.047811
0 0.004042 0.968729 0.008085 0.031592
0 0.687240 0.695171 0.053963 0.054872
0 0.843110 0.685777 0.033902 0.032613
0 0.448372 0.013723 0.056901 0.027325
0 0.526231 0.120259 0.047762 0.046879
0 0.995073 0.373954 0.009661 0.040147
0 0.577599 0.016005 0.039020 0.031725
0 0.879463 0.843126 0.034558 0.033871
0 0.469238 0.657722 0.062316 0.058309
0 0.982989 0.558715 0.027895 0.027456
0 0.815622 0.773296 0.053933 0.053637
0 0.085465 0.780971 0.025769 0.025493
0 0.153380 0.088172 0.031535 0.031545
0 0.142441 0.431861 0.026089 0.025240
0 0.776442 0.710981 0.028732 0.029235
0 0.229842 0.872025 0.051413 0.049621
0 0.931531 0.140085 0.026756 0.025858
0 0.517481 0.941266 0.027343 0.027470
0 0.235868 0.327691 0.028967 0.028551
0 0.094217 0.453599 0.034466 0.034590
0 0.505693 0.560791 0.033943 0.031567
0 0.594426 0.965078 0.035878 0.034075
0 0.371885 0.183993 0.029780 0.028933
0 0.437098 0.117300 0.027958 0.028284
0 0.084655 0.705560 0.031263 0.030480
0 0.737577 0.528679 0.524847 0.623884
0 0.312653 0.668828 0.029053 0.029085
0 0.811938 0.765188 0.062428 0.066272
0 0.645219 0.447939 0.047930 0.047510
0 0.477553 0.587221 0.050220 0.048354
0 0.522530 0.365821 0.034901 0.034664
0 0.188839 0.196499 0.028563 0.028010
0 0.860081 0.857527 0.067072 0.063348
0 0.465741 0.118247 0.031647 0.029436
0 0.731004 0.535522 0.029329 0.030340
0 0.673197 0.494161 0.030775 0.030708
0 0.496598 0.056587 0.051844 0.051338
0 0.859453 0.298359 0.088011 0.088697
0 0.261333 0.819092 0.043550 0.041582
0 0.474893 0.026925 0.024572 0.024277
0 0.965567 0.448342 0.046187 0.048405