0 0.545002 0.068970 0.040330 0.036109
0 0.233102 0.601235 0.093975 0.078332
0 0.879589 0.609070 0.043475 0.035189
0 0.344231 0.288576 0.040516 0.034407
0 0.235752 0.242316 0.044177 0.034802
0 0.173269 0.947846 0.044291 0.035424
0 0.491073 0.231671 0.031142 0.029222
0 0.684489 0.248024 0.038598 0.035132
0 0.949789 0.187117 0.037881 0.031721
0 0.885631 0.380190 0.228737 0.322770
0 0.586366 0.655703 0.035102 0.028734
0 0.603370 0.319495 0.342853 0.284349
0 0.969797 0.170895 0.031058 0.028750
0 0.410283 0.742244 0.176092 0.148455
0 0.624293 0.294978 0.045723 0.039179
0 0.871137 0.656261 0.063412 0.057318
0 0.028530 0.115126 0.030838 0.027408
0 0.663551 0.722122 0.033027 0.028116
0 0.313008 0.823017 0.123559 0.095694
0 0.538683 0.008036 0.031947 0.016072
0 0.946168 0.719881 0.106203 0.240935
0 0.610158 0.596366 0.040553 0.031960
0 0.379849 0.067633 0.133211 0.104552
0 0.260803 0.711280 0.082129 0.066627
0 0.096921 0.992905 0.039122 0.014189
0 0.016209 0.517437 0.032019 0.030657
0 0.820472 0.545847 0.108316 0.091191
0 0.402928 0.719228 0.144077 0.114378
0 0.393736 0.078122 0.108026 0.086799
0 0.291389 0.200165 0.077184 0.064922
0 0.139616 0.760374 0.035402 0.032065
0 0.290073 0.441903 0.162997 0.137065
0 0.101021 0.899073 0.090828 0.071655
0 0.966225 0.133917 0.051129 0.045526
0 0.247682 0.421318 0.056536 0.049562
0 0.612790 0.021219 0.045712 0.039585
0 0.431819 0.777713 0.122928 0.103667
0 0.889755 0.572572 0.043011 0.034231
0 0.057151 0.960652 0.108297 0.076271
0 0.200950 0.321672 0.033552 0.027996
0 0.912480 0.096319 0.055476 0.053900
0 0.235626 0.191681 0.030912 0.025186
0 0.488283 0.938058 0.107533 0.091437
0 0.637170 0.381599 0.222400 0.171754
0 0.889015 0.859290 0.055634 0.048457
0 0.728570 0.967151 0.034559 0.029319
0 0.513070 0.047446 0.027996 0.025990