0 0.928326 0.087510 0.143349 0.175021
0 0.225287 0.804350 0.063133 0.058924
0 0.776898 0.889708 0.041297 0.038036
0 0.173805 0.748081 0.044547 0.040253
0 0.945187 0.911748 0.035599 0.034332
0 0.502181 0.838655 0.032747 0.031349
0 0.035572 0.399405 0.038359 0.034310
0 0.852384 0.521326 0.030460 0.028611
0 0.516314 0.583559 0.034179 0.032389
0 0.156292 0.705448 0.028828 0.025697
0 0.844176 0.811737 0.029057 0.027607
0 0.970085 0.772265 0.034452 0.030463
0 0.832416 0.765063 0.027253 0.025509
0 0.417753 0.170923 0.029884 0.029792
0 0.617499 0.462152 0.027677 0.026673
0 0.797775 0.620399 0.026574 0.025691
0 0.693519 0.601883 0.028868 0.027544
0 0.153253 0.906186 0.029120 0.027327
0 0.918616 0.669608 0.033065 0.030828
0 0.780373 0.860367 0.025326 0.024985
0 0.636045 0.799573 0.034603 0.032015
0 0.740850 0.669088 0.025647 0.024599
0 0.780937 0.826563 0.033719 0.032714
0 0.408701 0.196707 0.027500 0.027269
0 0.204661 0.755690 0.025046 0.024327
0 0.158643 0.842957 0.026058 0.024100
0 0.239611 0.466883 0.033402 0.030083
0 0.390506 0.261766 0.086729 0.080474
0 0.992072 0.747263 0.015371 0.035044
0 0.381835 0.525095 0.029781 0.027491