0 0.719463 0.300954 0.040592 0.040085
0 0.711816 0.387200 0.025070 0.024702
0 0.417970 0.876570 0.038322 0.037511
0 0.102841 0.109736 0.033255 0.032259
0 0.616522 0.846670 0.068448 0.069178
0 0.138282 0.315570 0.030263 0.029979
0 0.550934 0.640488 0.024563 0.024689
0 0.670770 0.580692 0.023081 0.022757
0 0.551747 0.102814 0.038075 0.037755
0 0.289804 0.977259 0.138563 0.045482
0 0.387121 0.488374 0.034496 0.033921
0 0.529732 0.907330 0.023061 0.023027
0 0.587059 0.666555 0.024405 0.025028
0 0.414826 0.332159 0.030174 0.029311
0 0.384190 0.817745 0.024908 0.024261
0 0.367309 0.030805 0.137388 0.060994
0 0.070572 0.334580 0.024616 0.024587
0 0.057501 0.586942 0.023649 0.023186
0 0.080962 0.357036 0.025491 0.024447
0 0.103439 0.342866 0.029854 0.029496
0 0.754425 0.396561 0.018470 0.018623
0 0.306544 0.746324 0.033940 0.032925
0 0.515486 0.730882 0.022331 0.021599
0 0.494240 0.945200 0.017937 0.017760
0 0.185399 0.567358 0.023426 0.023388
0 0.490696 0.901993 0.017754 0.017758
0 0.232685 0.904370 0.019602 0.020086
0 0.030838 0.990458 0.022657 0.019084
0 0.775053 0.758000 0.034896 0.035899
0 0.537491 0.700050 0.025511 0.025679
0 0.048369 0.259316 0.024684 0.024724
0 0.186019 0.378025 0.022202 0.022084
0 0.995282 0.646304 0.009282 0.029989
0 0.035508 0.611039 0.022538 0.022729
0 0.150099 0.869627 0.024878 0.025693
0 0.441059 0.262835 0.023955 0.023706
0 0.181417 0.406664 0.041244 0.039860
0 0.076160 0.243809 0.021596 0.021134