0 0.507478 0.018606 0.056997 0.036507
0 0.128446 0.708268 0.058162 0.044980
0 0.960645 0.905916 0.052506 0.046910
0 0.145253 0.120226 0.038680 0.034231
0 0.180821 0.378029 0.053933 0.045466
0 0.220779 0.300104 0.050546 0.042501
0 0.124060 0.314870 0.045803 0.037774
0 0.554072 0.063233 0.035724 0.031065
0 0.230074 0.108558 0.035254 0.032609
0 0.181555 0.495290 0.039245 0.032039
0 0.871580 0.927135 0.026508 0.024966
0 0.643237 0.007245 0.033604 0.014442
0 0.061173 0.433358 0.075048 0.063043
0 0.365885 0.125754 0.030944 0.028394
0 0.320340 0.665718 0.033851 0.029195
0 0.674701 0.908452 0.050978 0.042076
0 0.092416 0.618704 0.035994 0.031654
0 0.229115 0.331640 0.036251 0.030824
0 0.114045 0.340051 0.033896 0.029195
0 0.375516 0.275261 0.032048 0.027549
0 0.603156 0.962967 0.114784 0.074067
0 0.821632 0.496809 0.042153 0.037135
0 0.976434 0.623764 0.027534 0.025612
0 0.011341 0.845173 0.022546 0.025991
0 0.957050 0.664187 0.069532 0.062185
0 0.704110 0.419452 0.039523 0.032484
0 0.027024 0.874507 0.042660 0.038055