0 0.076203 0.203680 0.137814 0.129670
0 0.573748 0.247026 0.082129 0.080540
0 0.442223 0.676602 0.306565 0.310824
0 0.909538 0.792513 0.049510 0.048409
0 0.619233 0.627995 0.091837 0.090090
0 0.162107 0.081329 0.074441 0.070918
0 0.421035 0.168323 0.055524 0.055330
0 0.861353 0.029468 0.077441 0.058717
0 0.350024 0.796907 0.045821 0.044327
0 0.249477 0.310136 0.052965 0.050845
0 0.804617 0.773029 0.067530 0.067592
0 0.185752 0.311003 0.113703 0.108131
0 0.140324 0.361106 0.044938 0.041336
0 0.152504 0.642005 0.043213 0.043088
0 0.718170 0.792114 0.038235 0.037430
0 0.442424 0.040191 0.088431 0.080382
0 0.618254 0.675309 0.043435 0.043246
0 0.697211 0.639134 0.040997 0.040016
0 0.599772 0.065387 0.053778 0.052012
0 0.432263 0.835404 0.038379 0.037273
0 0.584149 0.531855 0.043766 0.042878
0 0.598495 0.438314 0.045970 0.045695
0 0.853690 0.104543 0.039956 0.038645
0 0.566863 0.592448 0.041984 0.040764
0 0.940579 0.274653 0.057447 0.055750
0 0.729464 0.017035 0.039995 0.034069
0 0.700248 0.159237 0.030450 0.031252
0 0.954690 0.121504 0.090620 0.120473
0 0.635147 0.786275 0.034809 0.033999
0 0.740801 0.626297 0.030923 0.030557
0 0.484975 0.094316 0.045788 0.043854
0 0.793058 0.614038 0.034504 0.034662
0 0.182852 0.536044 0.053286 0.053587
0 0.210399 0.930236 0.041612 0.040519
0 0.777615 0.340498 0.037362 0.036584
0 0.436704 0.461082 0.035583 0.033653
0 0.795432 0.707002 0.035404 0.035603
0 0.272703 0.887168 0.032617 0.032290
0 0.277703 0.366988 0.101758 0.098552
0 0.476452 0.318526 0.053232 0.052656
0 0.870974 0.941112 0.238340 0.117775
0 0.813475 0.955998 0.046017 0.043600
0 0.215469 0.424743 0.038518 0.036259
0 0.290491 0.240534 0.032439 0.032138
0 0.958616 0.055159 0.033731 0.034154
0 0.638954 0.856441 0.027221 0.027169
0 0.110832 0.900709 0.029573 0.028332
0 0.105735 0.475897 0.077330 0.072071
0 0.498837 0.557784 0.051947 0.050761
0 0.585091 0.142219 0.080380 0.080335
0 0.986277 0.592954 0.027447 0.028682
0 0.758723 0.149117 0.033163 0.032012
0 0.846968 0.818762 0.045588 0.043809
0 0.259263 0.227381 0.042937 0.041247
0 0.959992 0.813803 0.079877 0.171411
0 0.323145 0.011235 0.030370 0.022356
0 0.477199 0.988391 0.027809 0.022706
0 0.675752 0.794582 0.034454 0.034060
0 0.813733 0.053820 0.036386 0.035147
0 0.576375 0.989827 0.025520 0.020345
0 0.977374 0.326002 0.045253 0.126705
0 0.017606 0.888664 0.031277 0.030656
0 0.118322 0.771345 0.035177 0.035621
0 0.220467 0.886960 0.041604 0.041399
0 0.141193 0.800496 0.039047 0.040097
0 0.322004 0.064145 0.038869 0.037807
0 0.295350 0.193383 0.028084 0.027192
0 0.715161 0.896686 0.027326 0.027349
0 0.584622 0.177288 0.050800 0.049526
0 0.657725 0.417730 0.047992 0.047881
0 0.311384 0.455978 0.027411 0.027147
0 0.715223 0.726235 0.029835 0.029696
0 0.262906 0.221007 0.035225 0.035397
0 0.786828 0.688379 0.028198 0.027443
0 0.211087 0.139724 0.055157 0.054056
0 0.813335 0.352119 0.033437 0.033871
0 0.692275 0.204803 0.028860 0.028443
0 0.247993 0.447568 0.035481 0.035015
0 0.072746 0.918564 0.026744 0.026375
0 0.795947 0.887114 0.057172 0.056276
0 0.715073 0.106114 0.025498 0.024746
0 0.429868 0.013159 0.035758 0.025153
0 0.209742 0.049970 0.035076 0.036677
0 0.004894 0.330940 0.009789 0.029771
0 0.173954 0.396570 0.060124 0.058879