0 0.354744 0.745297 0.049754 0.040151
0 0.108620 0.873826 0.107289 0.092275
0 0.083997 0.508267 0.050583 0.041647
0 0.385100 0.773796 0.347892 0.261592
0 0.589359 0.588996 0.110832 0.091293
0 0.725957 0.141471 0.070530 0.062746
0 0.245316 0.164775 0.143176 0.123979
0 0.183103 0.919143 0.091895 0.079245
0 0.674302 0.809583 0.117405 0.091818
0 0.073852 0.944907 0.056847 0.047195
0 0.611203 0.031830 0.046979 0.040153
0 0.324103 0.501171 0.060041 0.049802
0 0.926551 0.645089 0.053317 0.042782
0 0.176610 0.209256 0.353221 0.402262
0 0.739254 0.508329 0.242060 0.213065
0 0.937015 0.069302 0.113607 0.090770
0 0.031426 0.410515 0.061967 0.065660
0 0.407615 0.404802 0.180566 0.154953
0 0.809377 0.886916 0.208585 0.164870
0 0.473649 0.638885 0.041829 0.032405
0 0.287352 0.263281 0.075138 0.065136
0 0.133204 0.121425 0.110402 0.088629
0 0.972237 0.131649 0.055525 0.124934
0 0.820396 0.953283 0.038401 0.029928
0 0.289390 0.646649 0.044201 0.036892
0 0.532190 0.679487 0.051278 0.040261
0 0.763842 0.056181 0.039943 0.033582
0 0.292594 0.374582 0.061145 0.053481
0 0.959179 0.364709 0.080462 0.207574
0 0.259339 0.588076 0.038794 0.032639
0 0.074417 0.809688 0.032432 0.029497
0 0.023278 0.022504 0.045517 0.044322
0 0.153855 0.990132 0.053181 0.019083
0 0.116136 0.651116 0.232272 0.313718
0 0.185501 0.824301 0.073033 0.064851
0 0.012275 0.201947 0.024352 0.069738
0 0.928944 0.961542 0.142113 0.076916
0 0.933832 0.466137 0.057723 0.049385
0 0.010924 0.645827 0.021848 0.085344
0 0.862724 0.784308 0.057948 0.044938
0 0.821452 0.991368 0.051979 0.017071
0 0.641845 0.693524 0.088903 0.067188
0 0.317459 0.598254 0.055588 0.044827
0 0.012027 0.795021 0.024054 0.102226
0 0.641178 0.892218 0.057554 0.045437
0 0.437699 0.836789 0.162883 0.125986
0 0.507933 0.200876 0.038155 0.034532
0 0.255372 0.017699 0.045293 0.033806
0 0.293367 0.713662 0.034179 0.028993
0 0.975392 0.893352 0.048418 0.061401
0 0.598122 0.335898 0.031052 0.026963
0 0.904655 0.978487 0.107623 0.043026
0 0.476191 0.441341 0.180001 0.141489
0 0.270563 0.410694 0.035919 0.030685
0 0.817068 0.989069 0.057501 0.021863
0 0.970776 0.712535 0.058448 0.109670
0 0.865315 0.779106 0.069097 0.054063
0 0.392187 0.550739 0.038480 0.031459
0 0.442685 0.290517 0.029952 0.025786
0 0.925017 0.115397 0.038494 0.032873
0 0.607735 0.485022 0.095430 0.080984
0 0.516932 0.425106 0.085190 0.074022
0 0.134212 0.973883 0.046773 0.039169
0 0.882382 0.340451 0.056358 0.048240
0 0.777539 0.753549 0.128719 0.113324
0 0.974664 0.896090 0.050673 0.087692
0 0.924988 0.855734 0.031140 0.026607
0 0.235139 0.554360 0.046259 0.038787
0 0.708421 0.632109 0.052109 0.041495