0 0.315198 0.472101 0.070366 0.062878
0 0.732697 0.198725 0.085971 0.078371
0 0.666576 0.674646 0.043769 0.037774
0 0.827833 0.808009 0.052147 0.044649
0 0.402832 0.907167 0.287162 0.185666
0 0.578706 0.756924 0.039342 0.035587
0 0.258199 0.617981 0.074278 0.065183
0 0.101917 0.219020 0.035840 0.034534
0 0.667567 0.332158 0.182438 0.166701
0 0.226364 0.151951 0.040230 0.038199
0 0.895950 0.849661 0.034600 0.032256
0 0.075645 0.249418 0.034483 0.034171
0 0.210779 0.034547 0.039595 0.037993
0 0.966677 0.742185 0.051082 0.046675
0 0.434005 0.744002 0.033572 0.030268
0 0.829073 0.259643 0.142503 0.122787
0 0.861075 0.058877 0.039064 0.034035
0 0.866812 0.395159 0.051507 0.042266
0 0.927392 0.950919 0.043484 0.039601
0 0.020024 0.808071 0.040047 0.083947
0 0.192640 0.750983 0.031095 0.027694
0 0.112825 0.818423 0.037157 0.032826
0 0.510724 0.587079 0.039176 0.034074
0 0.616874 0.665798 0.041410 0.038018
0 0.133862 0.441686 0.037150 0.033005
0 0.186221 0.049836 0.029474 0.028574
0 0.135630 0.531444 0.067926 0.059787
0 0.020003 0.618603 0.040006 0.054650
0 0.691634 0.338562 0.048155 0.045066
0 0.221657 0.737046 0.042859 0.038057
0 0.470490 0.396992 0.252020 0.229339
0 0.841589 0.735243 0.055148 0.047813
0 0.182835 0.462834 0.030887 0.027579
0 0.025890 0.511003 0.051780 0.089790
0 0.947226 0.514812 0.104132 0.372330
0 0.902247 0.698352 0.032896 0.030316
0 0.401285 0.689979 0.027759 0.025989
0 0.175596 0.375930 0.028843 0.025831
0 0.639583 0.942150 0.048910 0.042052
0 0.377691 0.986391 0.038535 0.027126
0 0.716499 0.946531 0.029155 0.026856
0 0.163288 0.106752 0.026177 0.024972
0 0.355451 0.574762 0.029516 0.027876
0 0.742498 0.105085 0.038762 0.033784
0 0.750297 0.461441 0.249862 0.215751
0 0.261147 0.104615 0.033878 0.033720
0 0.067197 0.861584 0.107208 0.087471
0 0.283578 0.080245 0.034059 0.033666
0 0.143133 0.763641 0.086825 0.076037
0 0.203379 0.432955 0.027646 0.026633
0 0.238304 0.710008 0.035584 0.031839
0 0.119835 0.115610 0.043343 0.040827
0 0.064214 0.716797 0.036314 0.031775
0 0.927522 0.310952 0.116496 0.100462
0 0.109348 0.689831 0.040883 0.037467
0 0.270068 0.678753 0.039299 0.031644
0 0.711295 0.338583 0.084087 0.071643
0 0.924662 0.324492 0.131747 0.116797
0 0.647052 0.594394 0.062064 0.056028
0 0.054405 0.753756 0.027818 0.025892
0 0.880353 0.982268 0.029653 0.027941
0 0.870639 0.519325 0.029897 0.028288
0 0.630520 0.969687 0.239365 0.060625
0 0.981895 0.843910 0.030593 0.026484
0 0.089093 0.486006 0.025017 0.023016
0 0.153625 0.083097 0.024971 0.024211
0 0.490600 0.290450 0.028496 0.026343
0 0.463582 0.253535 0.028909 0.027381
0 0.265776 0.005722 0.027497 0.011299
0 0.697191 0.066301 0.031348 0.028951
0 0.953245 0.297949 0.055266 0.049987
0 0.009773 0.492542 0.018963 0.036929
0 0.070150 0.138575 0.140085 0.277149
0 0.670763 0.705975 0.033522 0.031160
0 0.018079 0.926304 0.030748 0.027569
0 0.426141 0.070860 0.370279 0.141495
0 0.241799 0.702826 0.031071 0.028420
0 0.116048 0.291385 0.021255 0.021596