0 0.835189 0.342780 0.058873 0.057099
0 0.472907 0.425511 0.060985 0.055944
0 0.647165 0.608976 0.061248 0.058820
0 0.890828 0.275206 0.035801 0.034730
0 0.719329 0.264027 0.213304 0.201930
0 0.690447 0.581473 0.040756 0.039339
0 0.152672 0.682660 0.031484 0.030715
0 0.406531 0.016943 0.058114 0.033315
0 0.029469 0.013397 0.040978 0.026246
0 0.945771 0.160403 0.050878 0.049918
0 0.866044 0.469113 0.035192 0.035313
0 0.148076 0.045022 0.033732 0.031511
0 0.570624 0.527239 0.040350 0.039772
0 0.952334 0.035612 0.094352 0.070657
0 0.925683 0.053218 0.033029 0.032244
0 0.498198 0.090251 0.033967 0.033756
0 0.972778 0.281096 0.028180 0.028260
0 0.121823 0.807321 0.034686 0.034581
0 0.652781 0.669719 0.032750 0.031170
0 0.742466 0.501123 0.032445 0.031073
0 0.963532 0.581869 0.031591 0.029784
0 0.205047 0.214540 0.060601 0.056470
0 0.448045 0.050236 0.056317 0.055211
0 0.611529 0.644199 0.045000 0.041763
0 0.249651 0.405625 0.087191 0.083166
0 0.825554 0.706077 0.032262 0.030490
0 0.616400 0.842402 0.030043 0.029076
0 0.498238 0.304873 0.049078 0.047647
0 0.018357 0.501991 0.033456 0.032763
0 0.112468 0.312162 0.029408 0.027318
0 0.214304 0.707616 0.075224 0.072368
0 0.353661 0.401180 0.028901 0.027674
0 0.868835 0.814987 0.108653 0.103563
0 0.043856 0.587349 0.075663 0.072036
0 0.578935 0.019481 0.029512 0.029471
0 0.129332 0.503121 0.025802 0.025831
0 0.595155 0.007354 0.025230 0.014707
0 0.683473 0.344713 0.026057 0.024583
0 0.597156 0.287534 0.032578 0.030971
0 0.836725 0.476943 0.031875 0.030517
0 0.851166 0.546854 0.029142 0.028144
0 0.979710 0.154954 0.018256 0.019347