0 0.468975 0.417367 0.178540 0.139397
0 0.120128 0.937537 0.135042 0.111801
0 0.793231 0.465517 0.413539 0.337629
0 0.159488 0.601240 0.126223 0.097727
0 0.015819 0.718024 0.031638 0.031759
0 0.121510 0.286226 0.042688 0.032729
0 0.798801 0.841671 0.201705 0.156832
0 0.564520 0.122882 0.503639 0.242564
0 0.940312 0.616567 0.117662 0.109009
0 0.793877 0.264296 0.076129 0.054498
0 0.072421 0.324536 0.043189 0.032838
0 0.023587 0.168480 0.046808 0.080981
0 0.142755 0.891619 0.035712 0.027512
0 0.466311 0.832061 0.044987 0.034190
0 0.205415 0.702098 0.033825 0.028043
0 0.529713 0.500640 0.100612 0.074415
0 0.683657 0.909162 0.081426 0.063558
0 0.271640 0.401565 0.053391 0.042037
0 0.157815 0.365025 0.060913 0.045178
0 0.793221 0.977390 0.147159 0.045219
0 0.389467 0.231732 0.068380 0.058344
0 0.575109 0.360593 0.051211 0.040897
0 0.224946 0.608969 0.033533 0.028514
0 0.056200 0.236867 0.039454 0.029006
0 0.972087 0.991762 0.053117 0.016477
0 0.350862 0.099060 0.028443 0.023374
0 0.281366 0.178753 0.106500 0.086852
0 0.053318 0.368809 0.033927 0.026845
0 0.896873 0.056626 0.135189 0.096396