0 0.970472 0.131825 0.045246 0.044634
0 0.356291 0.055768 0.038344 0.037196
0 0.667236 0.232691 0.038055 0.037748
0 0.535426 0.822969 0.038871 0.038221
0 0.240550 0.820377 0.035331 0.034855
0 0.511498 0.259203 0.044866 0.042880
0 0.459447 0.102413 0.032284 0.031993
0 0.142032 0.059606 0.029692 0.028513
0 0.980523 0.517660 0.034196 0.033643
0 0.909936 0.204626 0.041616 0.040152
0 0.936420 0.222674 0.034422 0.034235
0 0.771998 0.035221 0.106753 0.070442
0 0.145782 0.568516 0.026376 0.026376
0 0.377677 0.171400 0.029862 0.029733
0 0.586567 0.981232 0.037366 0.035754
0 0.468807 0.910159 0.049685 0.047918
0 0.453470 0.950851 0.068838 0.066814
0 0.963920 0.423799 0.027451 0.027384
0 0.546172 0.414674 0.065798 0.063625
0 0.379701 0.785844 0.042212 0.041559
0 0.681750 0.086341 0.039879 0.039198
0 0.867695 0.193441 0.073448 0.073623
0 0.821979 0.178507 0.037885 0.037569
0 0.874942 0.644565 0.039808 0.038406
0 0.095704 0.223067 0.191409 0.299499
0 0.384513 0.845082 0.034391 0.033199
0 0.922380 0.257815 0.030491 0.031302
0 0.590986 0.103710 0.032318 0.030585
0 0.362377 0.811831 0.028911 0.028501
0 0.463108 0.863618 0.033240 0.032615
0 0.436981 0.352360 0.048838 0.047761
0 0.689011 0.171821 0.030033 0.030283
0 0.846270 0.015241 0.055692 0.030482
0 0.676790 0.383133 0.101145 0.095986
0 0.555378 0.925557 0.065430 0.068692
0 0.743848 0.163495 0.092475 0.089236
0 0.013926 0.987908 0.027356 0.023931
0 0.915616 0.315832 0.069490 0.069687
0 0.081925 0.357379 0.036147 0.037040
0 0.886346 0.102403 0.033747 0.032476
0 0.615714 0.265637 0.026202 0.025379
0 0.553319 0.417956 0.050583 0.049965
0 0.388104 0.777283 0.037737 0.033646
0 0.493934 0.318392 0.065417 0.064772
0 0.355018 0.742519 0.058535 0.058205
0 0.993778 0.374683 0.012444 0.019813