0 0.792328 0.475070 0.053404 0.052492
0 0.085719 0.568726 0.037963 0.037960
0 0.245954 0.715877 0.047562 0.046746
0 0.686385 0.735287 0.037105 0.037335
0 0.119958 0.364360 0.031193 0.029904
0 0.853405 0.440686 0.031024 0.030322
0 0.541583 0.790217 0.035053 0.035267
0 0.803955 0.065973 0.035423 0.034834
0 0.271062 0.756357 0.032751 0.031112
0 0.082573 0.990746 0.033225 0.017969
0 0.959319 0.402814 0.029863 0.029323
0 0.670912 0.568334 0.027369 0.027273
0 0.917881 0.252079 0.033039 0.032479
0 0.013680 0.425378 0.026971 0.044522
0 0.247967 0.150440 0.027038 0.025158
0 0.981304 0.854445 0.032010 0.030620
0 0.868859 0.323896 0.026319 0.025760
0 0.398765 0.090873 0.026323 0.026221
0 0.283481 0.816482 0.024651 0.023612
0 0.904823 0.052253 0.028106 0.028452
0 0.521419 0.932985 0.025582 0.025249
0 0.890896 0.280774 0.024860 0.024630
0 0.535277 0.915825 0.027124 0.026978
0 0.879061 0.470172 0.057184 0.055082
0 0.316489 0.006329 0.028039 0.012659