0 0.286268 0.541554 0.054124 0.052487
0 0.490884 0.603016 0.054314 0.053692
0 0.419955 0.352046 0.115303 0.110656
0 0.361884 0.957667 0.047309 0.046397
0 0.741707 0.463472 0.048669 0.048051
0 0.537535 0.017421 0.042493 0.034842
0 0.158140 0.418791 0.045599 0.043962
0 0.372171 0.893803 0.029199 0.029309
0 0.444730 0.832284 0.055967 0.054733
0 0.400889 0.849998 0.032895 0.032071
0 0.135800 0.390416 0.045566 0.044233
0 0.034739 0.372628 0.030237 0.029104
0 0.222198 0.947740 0.042374 0.040847
0 0.125995 0.618504 0.036295 0.035267
0 0.592162 0.574495 0.055293 0.051312
0 0.581135 0.909715 0.069959 0.069435
0 0.246751 0.296680 0.028360 0.028504
0 0.037961 0.178550 0.043928 0.043800
0 0.822005 0.941214 0.043754 0.043813
0 0.612210 0.951720 0.028566 0.028777
0 0.303734 0.621244 0.039632 0.039065
0 0.058296 0.573864 0.036291 0.034138
0 0.097146 0.304654 0.040398 0.038310
0 0.578802 0.541588 0.033732 0.032534
0 0.622971 0.221567 0.054090 0.049449
0 0.987623 0.630087 0.024754 0.038220
0 0.242327 0.569893 0.060637 0.057627
0 0.718155 0.839295 0.125611 0.126709
0 0.781304 0.205696 0.165683 0.160666
0 0.416017 0.808635 0.030748 0.030423
0 0.926543 0.414108 0.031265 0.031147
0 0.122899 0.842497 0.049356 0.048340
0 0.897728 0.619744 0.042668 0.042060
0 0.041763 0.463414 0.036091 0.029631
0 0.076081 0.546698 0.027114 0.026985
0 0.945539 0.665757 0.040290 0.039975
0 0.083182 0.364419 0.031584 0.030871
0 0.504942 0.250141 0.029761 0.027876
0 0.411624 0.593376 0.033903 0.034268
0 0.987285 0.177409 0.025431 0.035350
0 0.007035 0.405071 0.013815 0.033745
0 0.104243 0.333478 0.036402 0.035598
0 0.098311 0.035698 0.108237 0.071395
0 0.043172 0.480603 0.051320 0.051326
0 0.283842 0.595316 0.049901 0.046084
0 0.561382 0.311543 0.047470 0.046655
0 0.561940 0.246996 0.567366 0.493993
0 0.221518 0.196456 0.194290 0.197758
0 0.711876 0.925292 0.177619 0.146156
0 0.723057 0.100104 0.239439 0.200207
0 0.671824 0.103234 0.052178 0.050110
0 0.047680 0.248164 0.074006 0.069506
0 0.175082 0.735017 0.024992 0.024752
0 0.312613 0.981591 0.026363 0.027324
0 0.960809 0.706709 0.027696 0.027831
0 0.060134 0.858294 0.027348 0.026784
0 0.602010 0.267668 0.046878 0.040782
0 0.809353 0.304511 0.030262 0.029211
0 0.422808 0.447889 0.026955 0.025700
0 0.152464 0.154300 0.304019 0.305907
0 0.434565 0.621783 0.028791 0.028478
0 0.662662 0.335398 0.285242 0.280481
0 0.128524 0.039082 0.166796 0.078164