0 0.186587 0.619436 0.225785 0.231363
0 0.900602 0.821417 0.063311 0.061342
0 0.453655 0.217426 0.049252 0.047790
0 0.914498 0.954957 0.041060 0.038543
0 0.414510 0.057014 0.054317 0.055233
0 0.878821 0.904325 0.033075 0.032259
0 0.233923 0.216343 0.036154 0.035062
0 0.908992 0.349473 0.033976 0.032888
0 0.362888 0.552363 0.029973 0.029156
0 0.703261 0.680371 0.034046 0.031841
0 0.207829 0.635458 0.032360 0.030621
0 0.078664 0.139337 0.026875 0.026082
0 0.069033 0.303450 0.037328 0.036762
0 0.876717 0.356007 0.028636 0.026494
0 0.682558 0.987245 0.024616 0.023837
0 0.082002 0.021303 0.029082 0.028902
0 0.488709 0.055746 0.024060 0.023507
0 0.889690 0.671918 0.027008 0.027200
0 0.203164 0.483188 0.039901 0.040718
0 0.285690 0.315888 0.024775 0.024033