0 0.781104 0.883155 0.310682 0.233690
0 0.881836 0.740153 0.084122 0.075109
0 0.070639 0.894931 0.064299 0.060001
0 0.961079 0.246949 0.039950 0.037507
0 0.695575 0.409516 0.159790 0.135345
0 0.406260 0.935325 0.053372 0.046580
0 0.410779 0.366354 0.197528 0.178307
0 0.490859 0.842911 0.204888 0.178875
0 0.571560 0.963279 0.066585 0.054981
0 0.613986 0.412715 0.035317 0.033298
0 0.128128 0.875658 0.050044 0.044385
0 0.506045 0.573014 0.048679 0.043635
0 0.398976 0.787399 0.039103 0.033930
0 0.854595 0.521865 0.289411 0.271770
0 0.978206 0.854092 0.043408 0.040680
0 0.062493 0.765653 0.053542 0.050289
0 0.793266 0.393609 0.035332 0.032325
0 0.796403 0.079009 0.049933 0.047994
0 0.163727 0.774049 0.035211 0.031851
0 0.361706 0.254979 0.046695 0.041692
0 0.424834 0.636137 0.135563 0.117797
0 0.202840 0.416173 0.044417 0.041706
0 0.276590 0.806682 0.102140 0.088089
0 0.221925 0.294547 0.036847 0.034902
0 0.702749 0.496761 0.038295 0.034680
0 0.513617 0.121542 0.147763 0.144709
0 0.058175 0.231524 0.083956 0.078606
0 0.182686 0.851327 0.032375 0.029845
0 0.582047 0.666416 0.084253 0.074597
0 0.354815 0.831632 0.088307 0.076366
0 0.981564 0.712993 0.034374 0.031324
0 0.740575 0.622789 0.036771 0.030161
0 0.612619 0.988233 0.050525 0.022990
0 0.198962 0.056184 0.238786 0.109215
0 0.150680 0.211387 0.030772 0.028509
0 0.142081 0.091728 0.030842 0.029261
0 0.116777 0.509116 0.037700 0.036307
0 0.127623 0.305637 0.034884 0.032905
0 0.255304 0.344360 0.182149 0.161543
0 0.231356 0.983115 0.040198 0.033769
0 0.870932 0.105671 0.173395 0.165872
0 0.791547 0.636156 0.032980 0.030070
0 0.569109 0.299689 0.177905 0.171802
0 0.787776 0.271170 0.065128 0.060218
0 0.273015 0.654746 0.041743 0.035334
0 0.262746 0.648633 0.035953 0.032981
0 0.072146 0.353321 0.031247 0.028971
0 0.786122 0.056995 0.031030 0.030760
0 0.984453 0.662873 0.030744 0.057351
0 0.013647 0.441753 0.027294 0.038906
0 0.590023 0.468987 0.038670 0.034752
0 0.158884 0.603411 0.026351 0.026055
0 0.927390 0.589551 0.027483 0.025347
0 0.802236 0.010551 0.034735 0.021102
0 0.008415 0.714261 0.016637 0.033354
0 0.036658 0.834388 0.031373 0.030324
0 0.973463 0.044426 0.033161 0.033628
0 0.959242 0.744135 0.031391 0.030194
0 0.034037 0.299208 0.031886 0.029187
0 0.052222 0.520168 0.104445 0.189941
0 0.174338 0.536536 0.035553 0.033598