0 0.139074 0.550853 0.044812 0.044590
0 0.138258 0.974776 0.026993 0.027147
0 0.111848 0.429173 0.036098 0.034993
0 0.517429 0.761331 0.177473 0.274338
0 0.120560 0.392566 0.049206 0.048014
0 0.494031 0.099227 0.029152 0.029283
0 0.193082 0.734443 0.025451 0.025129
0 0.523195 0.053522 0.022448 0.022351
0 0.419125 0.490147 0.036264 0.035534
0 0.490898 0.959046 0.156946 0.081907
0 0.329508 0.982821 0.055364 0.034292
0 0.379861 0.733344 0.023646 0.023362
0 0.274376 0.446072 0.072712 0.070297
0 0.299595 0.546216 0.058521 0.058083
0 0.250713 0.717284 0.056413 0.055029
0 0.495006 0.168842 0.016952 0.017007