0 0.135992 0.736047 0.140037 0.126026
0 0.177377 0.645826 0.061035 0.055056
0 0.213743 0.388739 0.066098 0.056467
0 0.861457 0.696987 0.090763 0.076068
0 0.461688 0.142607 0.082750 0.069228
0 0.825023 0.128910 0.098036 0.085921
0 0.260583 0.184481 0.044874 0.038998
0 0.857361 0.743169 0.042555 0.035106
0 0.754682 0.092816 0.059699 0.050509
0 0.612525 0.175473 0.035126 0.030787
0 0.919578 0.939166 0.036813 0.031307
0 0.611199 0.861717 0.041576 0.034619
0 0.588553 0.084039 0.044825 0.038061
0 0.476177 0.016102 0.033755 0.029694
0 0.729189 0.303846 0.051846 0.042786
0 0.903642 0.547143 0.036612 0.031379
0 0.069965 0.122759 0.073153 0.066799
0 0.437051 0.415352 0.034897 0.029875
0 0.063782 0.187985 0.043516 0.038407
0 0.225783 0.846746 0.041203 0.035852
0 0.387477 0.228005 0.034614 0.031965
0 0.809392 0.806540 0.037638 0.030871
0 0.953712 0.965024 0.092575 0.069946
0 0.888719 0.258791 0.034733 0.031116
0 0.572628 0.189042 0.044376 0.036564
0 0.690821 0.130789 0.039622 0.034307
0 0.895995 0.810317 0.035832 0.031232
0 0.711674 0.295404 0.029393 0.026842
0 0.994231 0.050618 0.011537 0.029946
0 0.499606 0.592321 0.029115 0.025016
0 0.320693 0.916771 0.028103 0.026149
0 0.286594 0.087297 0.037709 0.033085
0 0.842445 0.915506 0.054130 0.046062
0 0.601908 0.783702 0.030902 0.027766
0 0.724041 0.298896 0.053273 0.037660
0 0.505800 0.149342 0.034161 0.030502
0 0.502314 0.149428 0.040585 0.036923
0 0.585701 0.350010 0.033616 0.030469
0 0.068535 0.617716 0.026900 0.024287
0 0.852735 0.983653 0.090806 0.032693
0 0.809819 0.670542 0.029117 0.026492
0 0.536360 0.968499 0.054240 0.051366
0 0.389441 0.591617 0.025895 0.024719
0 0.011606 0.012908 0.022937 0.023796
0 0.163927 0.061437 0.028498 0.026002