0 0.283254 0.060380 0.183475 0.120646
0 0.161513 0.548719 0.043837 0.036345
0 0.581635 0.978689 0.064428 0.042362
0 0.628492 0.366287 0.045662 0.036417
0 0.052824 0.417682 0.057843 0.044827
0 0.761405 0.684122 0.055665 0.038431
0 0.852336 0.650966 0.043900 0.035273
0 0.075823 0.795115 0.058623 0.043136
0 0.302361 0.805929 0.064080 0.049816
0 0.723599 0.304911 0.041515 0.033682
0 0.646578 0.300248 0.039066 0.031591
0 0.833619 0.568026 0.063593 0.050939
0 0.966163 0.384732 0.034200 0.030083
0 0.125604 0.466412 0.084986 0.070132
0 0.864526 0.721639 0.035647 0.028738
0 0.765997 0.524761 0.044328 0.035199
0 0.529912 0.300355 0.043968 0.034981
0 0.891700 0.026144 0.037567 0.030041
0 0.353837 0.774215 0.062368 0.048901
0 0.726818 0.435911 0.038943 0.030069
0 0.488514 0.981291 0.083680 0.037419
0 0.081779 0.590588 0.106614 0.085729
0 0.705131 0.765380 0.071928 0.059460
0 0.864293 0.762055 0.035757 0.029292
0 0.515428 0.096726 0.037469 0.029657
0 0.964865 0.458024 0.070270 0.089507
0 0.849453 0.379349 0.035367 0.029870
0 0.010274 0.183677 0.020549 0.049853
0 0.940892 0.929057 0.093534 0.073746
0 0.663630 0.570612 0.164847 0.135387
0 0.408439 0.415315 0.041544 0.035297
0 0.436314 0.397121 0.033793 0.029388
0 0.797971 0.745680 0.033341 0.027400
0 0.946038 0.922741 0.077370 0.062066
0 0.290981 0.387171 0.087611 0.071553
0 0.349110 0.174847 0.033246 0.027351
0 0.506975 0.899467 0.067063 0.054710
0 0.260207 0.342902 0.038585 0.032990
0 0.751233 0.447094 0.035757 0.029242
0 0.015210 0.626795 0.030419 0.064369
0 0.189190 0.182822 0.036921 0.032055
0 0.532368 0.340645 0.036279 0.031890
0 0.091114 0.986465 0.046046 0.027070
0 0.856031 0.794448 0.284133 0.272978
0 0.937055 0.623867 0.100467 0.084100
0 0.700295 0.494600 0.047929 0.034367
0 0.384161 0.302505 0.078623 0.065930
0 0.964463 0.452840 0.029418 0.027685