0 0.505528 0.536787 0.127594 0.120405
0 0.076229 0.167181 0.038167 0.033570
0 0.091306 0.690810 0.182611 0.264286
0 0.960824 0.869253 0.038822 0.036570
0 0.947993 0.947405 0.047614 0.046283
0 0.588674 0.012029 0.050221 0.023793
0 0.367431 0.803111 0.033157 0.029396
0 0.797987 0.417718 0.047157 0.039913
0 0.915815 0.795231 0.038291 0.037518
0 0.501751 0.714735 0.051438 0.047798
0 0.608072 0.158595 0.038048 0.033117
0 0.203914 0.238073 0.036549 0.031270
0 0.951612 0.897512 0.033061 0.031523
0 0.669225 0.667380 0.060741 0.057098
0 0.044732 0.639669 0.034438 0.029457
0 0.526289 0.965321 0.090029 0.069358
0 0.869996 0.338490 0.047688 0.040816
0 0.672588 0.802950 0.031574 0.030758
0 0.917289 0.917671 0.048024 0.042826
0 0.640732 0.935134 0.029251 0.027600
0 0.416295 0.418241 0.043973 0.038436
0 0.780917 0.040243 0.033978 0.029332
0 0.980112 0.921478 0.039776 0.070613
0 0.877076 0.933590 0.027756 0.027210
0 0.014980 0.365354 0.029730 0.041784
0 0.637495 0.984840 0.041396 0.030321
0 0.544669 0.368935 0.032656 0.028847
0 0.344776 0.737617 0.032300 0.029152
0 0.896314 0.374451 0.060377 0.053347
0 0.790690 0.970257 0.025934 0.025230
0 0.248445 0.058260 0.031121 0.027287
0 0.031596 0.486823 0.041298 0.035706
0 0.012759 0.835082 0.024871 0.073963
0 0.173076 0.336138 0.049115 0.044088
0 0.607078 0.867215 0.027710 0.026841
0 0.283140 0.193457 0.033183 0.027912
0 0.897549 0.969997 0.145002 0.060007
0 0.301963 0.809084 0.029218 0.027966
0 0.026204 0.861135 0.052284 0.054477
0 0.600534 0.897521 0.033203 0.031301
0 0.817042 0.284595 0.225100 0.184047
0 0.619085 0.637619 0.067788 0.061043
0 0.528552 0.886350 0.099741 0.092551