0 0.186989 0.873617 0.078944 0.068235
0 0.624605 0.034412 0.032619 0.028504
0 0.122220 0.117821 0.036987 0.031467
0 0.348467 0.185720 0.039341 0.030865
0 0.486082 0.711443 0.033150 0.031507
0 0.552615 0.763271 0.035562 0.033615
0 0.531760 0.600241 0.043490 0.038979
0 0.683186 0.912524 0.027745 0.025753
0 0.650466 0.750100 0.027259 0.023496
0 0.473742 0.273705 0.035360 0.028874
0 0.788601 0.836174 0.030850 0.029052
0 0.906108 0.959216 0.039716 0.037751
0 0.911159 0.963224 0.047892 0.043709
0 0.674243 0.708137 0.033656 0.032069
0 0.437157 0.706910 0.034748 0.030923
0 0.655861 0.731223 0.028812 0.026839
0 0.258093 0.205818 0.034977 0.028780
0 0.452805 0.770022 0.027706 0.025613
0 0.117130 0.283871 0.033831 0.030330
0 0.555754 0.720709 0.027707 0.026118
0 0.913987 0.968824 0.043264 0.040175
0 0.464066 0.689055 0.028897 0.025553
0 0.054128 0.514051 0.030720 0.026840
0 0.344894 0.758243 0.026999 0.024956
0 0.202389 0.047433 0.028683 0.024485
0 0.113348 0.459302 0.035036 0.030417
0 0.219521 0.565791 0.028996 0.025770
0 0.283466 0.789359 0.027505 0.025340
0 0.970847 0.986349 0.032755 0.026431
0 0.380638 0.690478 0.033378 0.029486
0 0.677909 0.879164 0.040667 0.038107
0 0.202548 0.187452 0.042223 0.032437
0 0.331583 0.695477 0.030610 0.028343
0 0.910044 0.991842 0.032627 0.016259
0 0.735541 0.639066 0.041037 0.038720