0 0.279949 0.062490 0.168767 0.124358
0 0.641445 0.969625 0.147306 0.060750
0 0.686486 0.457252 0.079488 0.060122
0 0.462913 0.086504 0.036276 0.029482
0 0.598338 0.860489 0.094846 0.076432
0 0.828021 0.044739 0.046290 0.037490
0 0.136457 0.325108 0.046544 0.036547
0 0.974105 0.802557 0.046868 0.037584
0 0.868171 0.035142 0.030607 0.027600
0 0.411298 0.363503 0.037841 0.029521
0 0.932927 0.348031 0.053132 0.043218
0 0.110976 0.694233 0.034502 0.029934
0 0.842750 0.093002 0.037863 0.031614
0 0.776395 0.740273 0.036082 0.030256
0 0.728373 0.792754 0.033800 0.027035
0 0.784076 0.058902 0.035274 0.030076
0 0.761196 0.073094 0.033507 0.027148
0 0.935228 0.448635 0.079763 0.065197
0 0.079936 0.623689 0.033571 0.027579
0 0.507809 0.680408 0.037653 0.029650
0 0.139802 0.008117 0.047791 0.016049
0 0.231833 0.875948 0.057936 0.048716
0 0.667654 0.574137 0.081432 0.065667
0 0.608929 0.279984 0.037254 0.030224
0 0.931402 0.913123 0.137197 0.133025
0 0.136730 0.879500 0.049965 0.043778
0 0.365882 0.611828 0.093508 0.073845
0 0.738190 0.195409 0.039076 0.032754
0 0.877786 0.483494 0.063149 0.052346
0 0.361893 0.265212 0.033427 0.026554
0 0.336926 0.791971 0.440499 0.322684
0 0.836051 0.247356 0.060052 0.048118
0 0.132766 0.730143 0.031037 0.025083
0 0.937269 0.721146 0.058904 0.046768
0 0.300373 0.251122 0.053825 0.045321
0 0.371046 0.796709 0.044689 0.034893
0 0.394496 0.866775 0.044364 0.038531
0 0.142600 0.764273 0.027768 0.025850
0 0.601151 0.527014 0.093241 0.072835