0 0.348444 0.799641 0.134856 0.102497
0 0.322374 0.343591 0.164096 0.118556
0 0.857763 0.192799 0.104467 0.078493
0 0.477068 0.874724 0.053150 0.039477
0 0.606012 0.099159 0.120915 0.095432
0 0.292594 0.469371 0.074589 0.060981
0 0.528585 0.078761 0.053924 0.040103
0 0.150174 0.704481 0.064268 0.044121
0 0.653581 0.029242 0.081131 0.058485
0 0.677577 0.232760 0.046160 0.033302
0 0.319376 0.422646 0.061435 0.045169
0 0.079216 0.555262 0.046767 0.033965
0 0.644977 0.640313 0.040245 0.031839
0 0.345191 0.582657 0.078395 0.060182
0 0.167495 0.631733 0.058673 0.043901
0 0.067715 0.240794 0.045985 0.034446
0 0.143868 0.495934 0.127859 0.091790
0 0.684564 0.500339 0.102165 0.067536
0 0.202177 0.681721 0.063466 0.049565
0 0.592553 0.519673 0.090414 0.072934
0 0.338942 0.681299 0.070067 0.049783
0 0.553645 0.388504 0.040522 0.030802
0 0.216444 0.830667 0.062023 0.047971
0 0.435318 0.833560 0.040216 0.029341
0 0.806840 0.536095 0.040219 0.029383
0 0.983805 0.166719 0.032355 0.076236
0 0.429470 0.583459 0.084134 0.063577
0 0.475062 0.040345 0.037757 0.029614
0 0.497114 0.130467 0.097483 0.075236
0 0.180565 0.141660 0.039049 0.029010
0 0.850261 0.478509 0.070303 0.054221
0 0.529687 0.869637 0.087223 0.067063
0 0.764336 0.566278 0.061060 0.046067
0 0.536174 0.216398 0.092515 0.072802
0 0.859482 0.516580 0.036169 0.027093
0 0.753239 0.887978 0.061285 0.046850
0 0.512071 0.015840 0.093185 0.031680
0 0.846872 0.380640 0.071423 0.054280
0 0.567751 0.302311 0.058016 0.044834
0 0.826979 0.626931 0.059508 0.044477
0 0.331716 0.897438 0.040156 0.030239
0 0.915282 0.288697 0.156553 0.124863
0 0.923608 0.024651 0.038244 0.033568
0 0.802821 0.394038 0.033683 0.026106
0 0.947267 0.836967 0.034911 0.029007
0 0.243834 0.424263 0.089216 0.068222
0 0.979370 0.017651 0.040673 0.033319
0 0.014612 0.687670 0.029224 0.027359
0 0.127502 0.918155 0.075418 0.057417
0 0.161826 0.491212 0.098410 0.073871
0 0.531802 0.794142 0.047655 0.039531
0 0.974522 0.861333 0.050956 0.132390
0 0.365052 0.110350 0.043831 0.032158
0 0.946224 0.737058 0.047654 0.035415
0 0.950879 0.027360 0.094671 0.054626
0 0.721141 0.942057 0.089937 0.068485
0 0.260827 0.052438 0.104047 0.082647
0 0.737314 0.646816 0.239067 0.166697
0 0.632923 0.913418 0.036665 0.027708
0 0.295173 0.639007 0.069027 0.048371
0 0.666578 0.881391 0.070850 0.047470
0 0.956844 0.271763 0.066761 0.054423
0 0.583337 0.366504 0.035782 0.027030
0 0.382363 0.704846 0.049156 0.037751
0 0.565422 0.827916 0.035399 0.027234