0 0.512363 0.256288 0.072726 0.071812
0 0.563349 0.970212 0.069712 0.059577
0 0.157255 0.341601 0.107722 0.105757
0 0.786608 0.270199 0.274818 0.260364
0 0.081466 0.596823 0.060030 0.058777
0 0.763523 0.298661 0.044147 0.042559
0 0.739727 0.073956 0.034628 0.032973
0 0.288137 0.902977 0.273777 0.194046
0 0.879824 0.018571 0.057700 0.036495
0 0.332486 0.605434 0.125999 0.128263
0 0.743479 0.340409 0.031816 0.030968
0 0.271793 0.233721 0.038166 0.037538
0 0.516038 0.065918 0.093738 0.090315
0 0.787907 0.446258 0.030345 0.030631
0 0.346934 0.496252 0.061307 0.058914
0 0.126333 0.049746 0.035073 0.033075
0 0.295974 0.524039 0.048004 0.047776
0 0.792712 0.022992 0.026735 0.026521
0 0.233712 0.403850 0.198616 0.204861
0 0.032525 0.850037 0.060096 0.061021
0 0.711324 0.514966 0.031207 0.030570
0 0.646209 0.931374 0.030940 0.030680
0 0.463214 0.496147 0.053442 0.052314
0 0.048759 0.986109 0.027882 0.024857
0 0.677807 0.597681 0.028017 0.027404
0 0.828512 0.590306 0.037319 0.036897
0 0.075415 0.163380 0.146965 0.151530
0 0.064784 0.821670 0.049687 0.048749
0 0.587463 0.064682 0.025387 0.024738
0 0.499504 0.511856 0.023193 0.022764
0 0.938272 0.155949 0.121903 0.311897
0 0.064123 0.664841 0.025740 0.025292
0 0.465730 0.284089 0.032335 0.032206
0 0.584227 0.541927 0.029152 0.029524
0 0.769282 0.051821 0.037568 0.037222
0 0.609532 0.058713 0.025532 0.025378
0 0.669739 0.450126 0.023916 0.023002
0 0.200125 0.437706 0.022612 0.022258
0 0.171996 0.058830 0.343992 0.117362
0 0.356449 0.420236 0.034464 0.035013
0 0.389189 0.543040 0.029674 0.030275
0 0.778602 0.904318 0.031248 0.030053
0 0.587378 0.538049 0.030022 0.030691