0 0.820642 0.013078 0.054516 0.025649
0 0.483874 0.590184 0.156863 0.127149
0 0.869164 0.683257 0.039322 0.029743
0 0.211572 0.134590 0.173475 0.130111
0 0.666562 0.717974 0.039770 0.029405
0 0.680936 0.054406 0.066220 0.047408
0 0.497871 0.165086 0.074700 0.060245
0 0.367988 0.195224 0.039670 0.032327
0 0.654379 0.014061 0.065103 0.028122
0 0.930637 0.520851 0.035226 0.028328
0 0.321083 0.247555 0.133034 0.101452
0 0.699554 0.680121 0.033573 0.026917
0 0.822077 0.145832 0.355845 0.288952
0 0.273485 0.572937 0.039316 0.028838
0 0.762125 0.158971 0.475749 0.317942
0 0.427172 0.426796 0.062065 0.046217
0 0.833242 0.754274 0.036735 0.027942
0 0.698865 0.248396 0.113301 0.094115
0 0.458811 0.014618 0.036212 0.027816