0 0.618742 0.616480 0.161243 0.153184
0 0.436340 0.279523 0.197782 0.188634
0 0.252316 0.265982 0.093200 0.087870
0 0.329128 0.960487 0.095705 0.078107
0 0.860636 0.848004 0.090349 0.088800
0 0.745476 0.027870 0.074149 0.055740
0 0.543584 0.115901 0.086374 0.082618
0 0.183856 0.689277 0.113905 0.107480
0 0.449613 0.885080 0.101980 0.095448
0 0.250327 0.528883 0.044032 0.041023
0 0.738022 0.268747 0.112438 0.110600
0 0.374002 0.137021 0.044098 0.042681
0 0.593453 0.779582 0.063735 0.060670
0 0.365237 0.647069 0.049043 0.046510
0 0.284529 0.450659 0.045645 0.041744
0 0.523416 0.869520 0.061819 0.059843
0 0.305998 0.657781 0.057919 0.055007
0 0.750927 0.658961 0.050314 0.047257
0 0.189002 0.881003 0.051910 0.049491
0 0.763146 0.479557 0.058803 0.057225
0 0.973020 0.683860 0.053959 0.060889
0 0.563335 0.926650 0.077328 0.072372
0 0.048796 0.899929 0.042116 0.040299
0 0.582419 0.877374 0.038023 0.035993
0 0.483266 0.741200 0.044799 0.042728
0 0.621051 0.507355 0.067838 0.063643
0 0.840971 0.134607 0.036935 0.035387
0 0.949264 0.891628 0.033067 0.031771
0 0.613268 0.956666 0.042980 0.039271
0 0.272401 0.025622 0.036008 0.035392
0 0.845438 0.098948 0.051207 0.047656
0 0.374115 0.423021 0.068012 0.063216
0 0.174679 0.499280 0.075677 0.073507
0 0.888196 0.022669 0.076678 0.045338
0 0.708052 0.791428 0.035087 0.033007
0 0.727453 0.130532 0.032161 0.031429
0 0.971170 0.175468 0.057659 0.063467
0 0.602805 0.464454 0.052867 0.050674
0 0.089675 0.836263 0.034000 0.032059
0 0.335886 0.033424 0.082306 0.066849
0 0.588036 0.716603 0.043973 0.040940
0 0.805001 0.298795 0.041116 0.040098
0 0.224204 0.818832 0.047659 0.045378
0 0.699530 0.363326 0.035947 0.033395
0 0.106593 0.957342 0.040477 0.038176
0 0.425892 0.093433 0.058261 0.056761
0 0.014875 0.801465 0.029394 0.039767
0 0.264881 0.410740 0.042214 0.041240
0 0.120095 0.913632 0.046206 0.042695
0 0.558959 0.741234 0.034335 0.032541
0 0.757427 0.561572 0.043784 0.043826
0 0.058044 0.759003 0.058456 0.053358
0 0.956886 0.956476 0.035171 0.033855
0 0.303126 0.808908 0.105509 0.100607
0 0.373142 0.080242 0.046196 0.046198
0 0.064366 0.275106 0.041427 0.039366
0 0.271020 0.823851 0.034023 0.031884
0 0.633687 0.064885 0.047320 0.046173
0 0.370044 0.479379 0.051963 0.047196
0 0.517295 0.461454 0.078111 0.076257
0 0.263485 0.954073 0.043091 0.040638
0 0.348771 0.802570 0.028774 0.027868
0 0.655991 0.469907 0.041329 0.038996
0 0.834072 0.762541 0.031543 0.029238
0 0.407102 0.956893 0.057921 0.054234
0 0.206293 0.756150 0.039689 0.037786
0 0.029320 0.011907 0.058639 0.022291
0 0.918161 0.343435 0.031678 0.029975
0 0.984748 0.819355 0.029982 0.077365
0 0.256260 0.072114 0.030950 0.030822
0 0.446804 0.383422 0.073596 0.069028
0 0.777457 0.581648 0.039295 0.036889
0 0.727973 0.912150 0.073605 0.071113
0 0.062420 0.772844 0.076739 0.073864
0 0.036062 0.540539 0.072124 0.360448
0 0.696090 0.879814 0.030686 0.029881
0 0.645986 0.145511 0.029710 0.029680
0 0.894204 0.420016 0.210757 0.486271
0 0.852711 0.904071 0.028923 0.028291
0 0.738391 0.691499 0.031927 0.030405
0 0.079280 0.790284 0.044494 0.043627
0 0.012470 0.751295 0.024109 0.026581
0 0.486103 0.669741 0.030677 0.030603
0 0.008531 0.990252 0.017062 0.019496
0 0.087911 0.107766 0.032044 0.031834
0 0.994744 0.905507 0.010512 0.039071
0 0.518318 0.591401 0.043227 0.041950
0 0.139530 0.945776 0.031943 0.030471
0 0.809638 0.893936 0.060002 0.057922
0 0.372222 0.687751 0.046627 0.043036
0 0.977509 0.870794 0.040434 0.038641
0 0.940869 0.839364 0.066852 0.062657
0 0.090372 0.224510 0.048707 0.047037
0 0.069054 0.024878 0.028244 0.027920
0 0.498173 0.924068 0.038012 0.035436
0 0.992327 0.323508 0.015295 0.028233
0 0.282158 0.705202 0.026190 0.025795
0 0.452547 0.312537 0.025893 0.025786
0 0.709092 0.974599 0.085725 0.050802
0 0.629009 0.899712 0.033992 0.030282
0 0.670462 0.716999 0.106213 0.101728
0 0.126193 0.909001 0.040618 0.037741
0 0.988182 0.119344 0.023637 0.027216
0 0.691189 0.477700 0.024637 0.024169
0 0.103489 0.277680 0.035106 0.034332
0 0.533468 0.676876 0.029229 0.028296
0 0.169050 0.084887 0.033736 0.033503
0 0.255995 0.743084 0.043412 0.041428