0 0.495394 0.614482 0.069313 0.061830
0 0.757421 0.209388 0.049600 0.045199
0 0.528355 0.583829 0.035195 0.030848
0 0.519469 0.655855 0.047209 0.040610
0 0.487572 0.671370 0.028289 0.024810
0 0.525785 0.499080 0.031011 0.027461
0 0.346045 0.648960 0.035289 0.033231
0 0.090145 0.964024 0.028321 0.026612
0 0.144268 0.807223 0.029657 0.028004
0 0.603447 0.900344 0.233463 0.199313
0 0.536560 0.040491 0.028571 0.028042
0 0.835310 0.313495 0.031593 0.029813
0 0.991563 0.810509 0.016384 0.027337
0 0.606470 0.617734 0.027718 0.025437
0 0.614132 0.676614 0.025425 0.023390
0 0.406729 0.125301 0.094388 0.087076
0 0.249624 0.545578 0.025516 0.024143