0 0.746958 0.286544 0.264933 0.222267
0 0.189861 0.127516 0.060338 0.048531
0 0.451855 0.630149 0.101233 0.083776
0 0.021710 0.238211 0.041133 0.033657
0 0.713273 0.351561 0.038358 0.032963
0 0.867544 0.642276 0.046476 0.041003
0 0.259234 0.967628 0.067643 0.057235
0 0.175829 0.449054 0.038228 0.030745
0 0.502170 0.721399 0.145284 0.123446
0 0.625485 0.382231 0.036982 0.033872
0 0.585870 0.364738 0.036568 0.030646
0 0.259524 0.448338 0.036098 0.029696
0 0.960552 0.832062 0.055595 0.048755
0 0.688219 0.801038 0.043540 0.035789
0 0.123522 0.084538 0.035655 0.027927
0 0.452460 0.762969 0.069580 0.058691
0 0.380637 0.584871 0.036163 0.030840
0 0.719541 0.010899 0.038089 0.021798
0 0.150789 0.206538 0.039811 0.033520
0 0.916496 0.870691 0.051317 0.043257
0 0.104255 0.294902 0.057593 0.048554
0 0.237956 0.099138 0.075611 0.063930
0 0.736447 0.788320 0.037777 0.031814