0 0.590714 0.577057 0.291952 0.229529
0 0.070942 0.210482 0.058482 0.045244
0 0.418102 0.211070 0.046498 0.037600
0 0.707166 0.381481 0.041446 0.033156
0 0.205198 0.406945 0.042471 0.034098
0 0.577152 0.934698 0.054079 0.044404
0 0.736264 0.293903 0.050822 0.038280
0 0.129828 0.791849 0.038427 0.028904
0 0.194572 0.336235 0.036873 0.030306
0 0.788929 0.828060 0.040106 0.032498
0 0.157368 0.358277 0.032900 0.025690
0 0.381445 0.860966 0.125422 0.095801
0 0.021221 0.406933 0.032494 0.027351
0 0.795822 0.613609 0.162571 0.145365
0 0.593221 0.804356 0.170407 0.136742
0 0.650564 0.207216 0.151092 0.124463
0 0.751337 0.377692 0.040799 0.032985
0 0.387350 0.583101 0.125499 0.096284
0 0.973913 0.343396 0.052051 0.144018
0 0.915005 0.637459 0.090371 0.073565
0 0.905198 0.521503 0.189603 0.208065
0 0.852052 0.994076 0.034621 0.011755
0 0.541155 0.922082 0.028046 0.023801
0 0.435441 0.663661 0.095351 0.068118
0 0.019979 0.953941 0.039959 0.089993
0 0.616031 0.716369 0.103025 0.075981
0 0.647107 0.945089 0.032664 0.027749
0 0.930526 0.124001 0.032755 0.028883
0 0.204734 0.053822 0.028640 0.025146
0 0.951178 0.985847 0.021172 0.021006
0 0.289184 0.733318 0.234990 0.175631
0 0.518134 0.075609 0.029323 0.026820
0 0.884807 0.309651 0.030083 0.024365
0 0.990447 0.846478 0.019107 0.031751
0 0.330236 0.789464 0.035914 0.029226
0 0.815694 0.739134 0.030787 0.026069
0 0.460051 0.789169 0.066821 0.045887
0 0.348682 0.644426 0.030004 0.024446
0 0.458587 0.097865 0.032590 0.029308