0 0.588742 0.089853 0.100320 0.096953
0 0.601479 0.249960 0.122876 0.120815
0 0.198601 0.272290 0.080223 0.079751
0 0.258534 0.069516 0.043856 0.042372
0 0.078609 0.864989 0.047849 0.047008
0 0.441187 0.603145 0.040298 0.039118
0 0.161933 0.210743 0.040585 0.039196
0 0.529415 0.152561 0.042040 0.040691
0 0.860731 0.712696 0.065269 0.066319
0 0.017510 0.242787 0.034692 0.035234
0 0.455829 0.457965 0.048409 0.045418
0 0.488176 0.516740 0.041627 0.040750
0 0.034582 0.752146 0.031891 0.030575
0 0.525196 0.864510 0.037185 0.038023
0 0.115508 0.988664 0.048335 0.022617
0 0.941016 0.804748 0.112647 0.110998
0 0.062447 0.353672 0.044411 0.041879
0 0.400939 0.559435 0.031970 0.031561
0 0.475474 0.178968 0.046963 0.045966
0 0.015960 0.055828 0.031919 0.040724
0 0.065005 0.815068 0.031476 0.030383
0 0.579702 0.556612 0.035154 0.035037
0 0.930979 0.584097 0.048368 0.048244
0 0.226878 0.931089 0.044472 0.044232
0 0.494621 0.157370 0.033566 0.032798
0 0.522162 0.048881 0.052875 0.049909
0 0.630354 0.343304 0.029730 0.028724
0 0.424966 0.320679 0.033564 0.034271
0 0.153106 0.798827 0.075202 0.075113
0 0.318026 0.579909 0.045292 0.045208
0 0.919111 0.631953 0.040973 0.040324
0 0.018295 0.552603 0.036440 0.038130
0 0.806871 0.676720 0.068652 0.071962
0 0.100298 0.412485 0.029926 0.029333
0 0.375643 0.051960 0.031361 0.030765
0 0.015352 0.347690 0.029957 0.033155
0 0.032056 0.530928 0.026779 0.027246
0 0.268544 0.288948 0.034390 0.033942
0 0.477847 0.053515 0.036338 0.036351
0 0.291095 0.712645 0.039371 0.040587
0 0.877453 0.372286 0.112612 0.109992
0 0.156578 0.808815 0.064254 0.060011
0 0.533271 0.674423 0.034539 0.035222
0 0.677502 0.627851 0.029654 0.030095
0 0.959217 0.562177 0.045800 0.045524
0 0.128153 0.666141 0.039272 0.040138
0 0.512552 0.773513 0.030604 0.031394
0 0.011341 0.323405 0.022666 0.033654
0 0.380836 0.716790 0.041936 0.041301
0 0.679960 0.856583 0.027833 0.027084
0 0.571246 0.027636 0.035096 0.033555
0 0.098760 0.043213 0.027194 0.026841
0 0.285339 0.048319 0.028121 0.027642
0 0.833209 0.059010 0.169764 0.115735
0 0.812002 0.467371 0.076716 0.075858
0 0.062158 0.564427 0.028766 0.029128
0 0.679849 0.413538 0.185955 0.177360
0 0.322837 0.839989 0.026405 0.025264
0 0.033125 0.691788 0.027467 0.027426
0 0.506175 0.542846 0.030021 0.029819
0 0.417074 0.696855 0.043901 0.043130
0 0.681565 0.037196 0.031344 0.030064
0 0.418420 0.109153 0.028834 0.027239
0 0.673402 0.588993 0.034414 0.034719
0 0.946663 0.666154 0.029813 0.029591
0 0.381885 0.722325 0.037485 0.038689
0 0.359332 0.032905 0.033177 0.032695
0 0.956720 0.205086 0.041634 0.040106
0 0.292314 0.555773 0.030715 0.031755
0 0.070039 0.654330 0.026331 0.025863
0 0.639204 0.622981 0.047928 0.051750
0 0.495975 0.653759 0.041372 0.041202
0 0.352114 0.416054 0.026542 0.026140
0 0.537383 0.678223 0.041919 0.039245
0 0.340790 0.289199 0.026141 0.025804
0 0.935416 0.441327 0.030577 0.030988
0 0.870859 0.066958 0.251683 0.131402
0 0.235753 0.625934 0.040808 0.041142
0 0.114923 0.463328 0.026114 0.027877
0 0.046400 0.645955 0.023925 0.023611
0 0.740078 0.010068 0.028606 0.020136
0 0.293557 0.310658 0.033167 0.032390
0 0.480456 0.272941 0.029834 0.028169
0 0.991508 0.491713 0.016983 0.058757
0 0.570182 0.718695 0.029229 0.029792
0 0.034554 0.289183 0.026640 0.026085
0 0.977191 0.654257 0.025826 0.026510
0 0.552089 0.693932 0.030208 0.029874
0 0.029323 0.272380 0.026287 0.025884
0 0.956878 0.485127 0.037952 0.037576