0 0.251901 0.944753 0.106343 0.104081
0 0.393667 0.276110 0.059233 0.057926
0 0.424749 0.126206 0.051604 0.051083
0 0.812903 0.416405 0.039404 0.038508
0 0.026654 0.062008 0.035221 0.033667
0 0.858756 0.723931 0.035267 0.034403
0 0.541524 0.498445 0.039993 0.041601
0 0.288270 0.753276 0.041380 0.040708
0 0.298788 0.474740 0.047817 0.047888
0 0.071520 0.506346 0.032815 0.032887
0 0.261692 0.436538 0.053486 0.052752
0 0.100235 0.460616 0.039739 0.038644
0 0.567819 0.447371 0.037027 0.036936
0 0.020643 0.202532 0.041287 0.100440
0 0.074086 0.927130 0.033001 0.031679
0 0.400577 0.708782 0.039352 0.037551
0 0.021400 0.907141 0.029165 0.028426
0 0.307865 0.247469 0.037150 0.038021
0 0.384408 0.389599 0.026886 0.026600
0 0.646738 0.987569 0.064370 0.024862
0 0.115111 0.022122 0.158195 0.044128
0 0.448113 0.427096 0.040154 0.039144
0 0.286065 0.841214 0.095585 0.094472
0 0.799642 0.849851 0.203849 0.216172
0 0.140414 0.109023 0.026130 0.026833
0 0.355975 0.870943 0.032608 0.032174
0 0.706697 0.523327 0.032597 0.031410
0 0.094829 0.514614 0.155777 0.148393
0 0.678888 0.905661 0.030350 0.030419
0 0.498689 0.146714 0.085378 0.084402
0 0.062709 0.443925 0.041922 0.041112
0 0.304733 0.988018 0.054839 0.023766
0 0.177681 0.574102 0.152300 0.154424
0 0.215362 0.292744 0.026705 0.026244
0 0.440549 0.986730 0.035931 0.026540
0 0.116351 0.199314 0.023113 0.023120
0 0.504864 0.553681 0.029045 0.028946
0 0.189590 0.761179 0.038556 0.037930
0 0.878400 0.225830 0.025011 0.024425
0 0.774805 0.433830 0.034949 0.034305
0 0.385727 0.146242 0.035754 0.035932
0 0.057426 0.641025 0.029954 0.030122
0 0.795783 0.372018 0.023397 0.023350
0 0.501139 0.669434 0.026014 0.025449
0 0.416149 0.511181 0.025903 0.026574
0 0.861386 0.167208 0.274480 0.327915
0 0.774709 0.139612 0.164066 0.151843
0 0.053733 0.391643 0.031558 0.031135
0 0.670703 0.954306 0.025484 0.024574
0 0.141759 0.237126 0.190696 0.199894
0 0.366304 0.840348 0.067524 0.066450
0 0.747872 0.133610 0.113147 0.118625
0 0.337466 0.184603 0.055264 0.054734
0 0.621399 0.061059 0.319630 0.122117
0 0.095055 0.658036 0.062883 0.062231