0 0.347851 0.853878 0.060736 0.045641
0 0.577328 0.760020 0.054209 0.044583
0 0.246149 0.798536 0.060515 0.045964
0 0.264992 0.832940 0.048137 0.035290
0 0.331431 0.800064 0.108238 0.079457
0 0.418877 0.829555 0.088880 0.064347
0 0.475250 0.069258 0.037655 0.027801
0 0.061110 0.615826 0.049634 0.039770
0 0.220757 0.110580 0.046444 0.033362
0 0.137203 0.887412 0.041357 0.033542
0 0.116021 0.916490 0.040557 0.029501
0 0.442083 0.017566 0.039041 0.030362
0 0.502278 0.126596 0.048599 0.035751
0 0.282782 0.530786 0.031137 0.022436
0 0.194452 0.923164 0.030160 0.024474
0 0.046278 0.985026 0.092555 0.029949
0 0.156497 0.303236 0.056751 0.044656
0 0.202457 0.204317 0.036253 0.029675
0 0.166465 0.926044 0.036852 0.028462
0 0.185633 0.823813 0.041264 0.030503
0 0.319723 0.750982 0.031225 0.024314
0 0.277929 0.349576 0.048115 0.035194
0 0.283856 0.342946 0.052371 0.040338
0 0.549460 0.222791 0.036062 0.027521
0 0.545427 0.011106 0.062001 0.021670
0 0.261499 0.892911 0.052251 0.037891
0 0.331318 0.633469 0.170541 0.125320
0 0.567212 0.851938 0.038463 0.028655
0 0.119177 0.321281 0.036027 0.029147
0 0.033351 0.987140 0.066702 0.025721
0 0.465667 0.219447 0.034204 0.027331
0 0.156674 0.630741 0.050566 0.040665
0 0.582558 0.166513 0.041866 0.032478
0 0.468893 0.014997 0.024892 0.019890
0 0.465029 0.934521 0.058684 0.037519