0 0.616255 0.415489 0.058308 0.045284
0 0.724474 0.770927 0.462977 0.351124
0 0.720227 0.965968 0.052763 0.040627
0 0.199902 0.185483 0.177620 0.140098
0 0.861931 0.266609 0.048624 0.036931
0 0.181496 0.905390 0.266288 0.189220
0 0.072653 0.424749 0.145299 0.210151
0 0.578923 0.981015 0.049671 0.037441
0 0.838778 0.071704 0.322445 0.143409
0 0.492197 0.180938 0.038223 0.031691
0 0.373845 0.200023 0.045892 0.034670
0 0.380936 0.846144 0.095357 0.079514
0 0.660106 0.516321 0.034460 0.026093
0 0.735079 0.991281 0.030271 0.017259
0 0.169162 0.570923 0.144079 0.126547
0 0.179936 0.613842 0.035091 0.032752
0 0.247380 0.028601 0.035536 0.030432
0 0.479745 0.866983 0.107650 0.090707
0 0.611712 0.144915 0.045744 0.033828
0 0.428144 0.943250 0.068690 0.057076
0 0.383201 0.007843 0.044422 0.015686
0 0.968747 0.399885 0.061915 0.111823
0 0.107126 0.358214 0.075043 0.066392
0 0.523502 0.521982 0.031411 0.026904
0 0.047385 0.815125 0.093673 0.328461
0 0.040363 0.361103 0.080726 0.086695
0 0.220764 0.611437 0.048121 0.042258
0 0.198906 0.613558 0.085764 0.073041
0 0.218707 0.269584 0.049602 0.038806