0 0.160254 0.167359 0.055005 0.051756
0 0.140854 0.549113 0.038902 0.035966
0 0.935468 0.016004 0.042606 0.031503
0 0.767975 0.774896 0.033869 0.032386
0 0.097364 0.539156 0.038011 0.036278
0 0.840697 0.684828 0.027764 0.027201
0 0.720556 0.874567 0.034727 0.032523
0 0.672645 0.695281 0.032549 0.031099
0 0.728173 0.978154 0.029173 0.027213
0 0.671032 0.614634 0.031542 0.031915
0 0.032955 0.348863 0.060327 0.055560
0 0.028561 0.158161 0.029886 0.028652
0 0.622912 0.924296 0.028949 0.027049
0 0.030164 0.428140 0.030657 0.028874
0 0.423609 0.175985 0.029699 0.029157
0 0.781774 0.855769 0.027988 0.027207
0 0.653168 0.880175 0.032121 0.030085
0 0.312247 0.765061 0.026017 0.026269
0 0.051749 0.136360 0.028502 0.027332
0 0.649718 0.884615 0.030010 0.029077
0 0.939108 0.520607 0.028356 0.027150
0 0.497324 0.564434 0.025451 0.023798
0 0.884075 0.629217 0.038349 0.037415
0 0.106156 0.744333 0.030174 0.029207
0 0.980383 0.734264 0.038754 0.038376
0 0.428212 0.980258 0.021744 0.021226
0 0.827466 0.792644 0.025117 0.023081
0 0.485239 0.265143 0.027353 0.026459