0 0.715856 0.529743 0.242172 0.235937
0 0.350557 0.969768 0.073640 0.060464
0 0.552727 0.927190 0.191883 0.145620
0 0.655480 0.354848 0.052594 0.050662
0 0.188232 0.399598 0.050223 0.047973
0 0.254022 0.902057 0.052391 0.049208
0 0.284776 0.561930 0.078998 0.080516
0 0.233207 0.790384 0.077795 0.076706
0 0.087409 0.284382 0.056064 0.052555
0 0.970232 0.980216 0.049196 0.039569
0 0.874118 0.559114 0.074349 0.071808
0 0.280099 0.099737 0.041081 0.039078
0 0.121166 0.594661 0.060012 0.057730
0 0.979375 0.654021 0.032113 0.031243
0 0.457681 0.371977 0.041481 0.040190
0 0.820383 0.286551 0.036743 0.034848
0 0.924272 0.739345 0.127414 0.119624
0 0.116129 0.440628 0.038727 0.038105
0 0.060581 0.441166 0.070546 0.069603
0 0.335934 0.534096 0.043224 0.041769
0 0.311186 0.772068 0.036329 0.035421
0 0.672608 0.723226 0.037491 0.036107
0 0.072646 0.618105 0.051392 0.047727
0 0.759419 0.845267 0.045007 0.041715
0 0.210323 0.604064 0.085816 0.083048
0 0.153726 0.511359 0.052052 0.049593
0 0.694909 0.771776 0.060430 0.057552
0 0.236053 0.558530 0.052168 0.051702
0 0.943112 0.613964 0.070061 0.068494
0 0.662677 0.834424 0.055354 0.053553
0 0.193157 0.269368 0.035891 0.034420
0 0.489927 0.165190 0.049195 0.047907
0 0.587596 0.358330 0.032416 0.031330
0 0.183373 0.842042 0.073637 0.070109
0 0.282425 0.360646 0.041318 0.040424
0 0.116749 0.925973 0.151162 0.133887
0 0.652879 0.928444 0.031510 0.031634
0 0.846694 0.878857 0.050404 0.048314
0 0.269516 0.006638 0.038265 0.012903
0 0.841504 0.828262 0.052882 0.049829
0 0.444355 0.497425 0.045387 0.044873
0 0.297636 0.925088 0.110548 0.108782
0 0.720236 0.388510 0.037278 0.035241
0 0.042925 0.650547 0.052635 0.049771
0 0.294724 0.822601 0.085539 0.083163
0 0.012915 0.575436 0.025829 0.051009
0 0.263522 0.252674 0.043471 0.040913
0 0.452878 0.422385 0.051031 0.048947
0 0.706398 0.909003 0.036828 0.035629
0 0.726895 0.804758 0.042874 0.041874
0 0.559294 0.420247 0.034269 0.033832
0 0.115986 0.482807 0.031324 0.030418
0 0.173750 0.982083 0.031996 0.030911
0 0.541326 0.653519 0.031525 0.031037
0 0.964721 0.678643 0.041177 0.038856
0 0.852511 0.423446 0.030463 0.029430
0 0.177427 0.745282 0.047316 0.045499
0 0.429155 0.834947 0.069277 0.067328
0 0.245475 0.857603 0.036415 0.035113
0 0.148327 0.550134 0.083364 0.078937
0 0.937780 0.850486 0.123301 0.279075
0 0.441158 0.288730 0.029917 0.029236
0 0.964047 0.504550 0.030252 0.030643
0 0.432008 0.620873 0.045361 0.042883
0 0.447459 0.824800 0.034380 0.034210
0 0.389604 0.553231 0.032716 0.032740
0 0.535027 0.868551 0.036981 0.037560
0 0.809790 0.420934 0.054107 0.051003
0 0.432948 0.796125 0.030782 0.028497
0 0.555964 0.940997 0.040730 0.039425
0 0.283624 0.744474 0.039501 0.038297
0 0.394914 0.794999 0.035354 0.034335
0 0.204357 0.323226 0.047093 0.044485
0 0.592471 0.595796 0.028205 0.026515
0 0.460313 0.168103 0.026916 0.026962
0 0.302638 0.484387 0.035636 0.034026
0 0.602875 0.708221 0.027879 0.026752
0 0.205505 0.529975 0.032940 0.032007
0 0.435659 0.615422 0.043241 0.045093
0 0.941140 0.527574 0.077160 0.072907
0 0.443585 0.088931 0.157603 0.144712
0 0.765438 0.219990 0.469123 0.439980
0 0.095216 0.106058 0.035453 0.034206
0 0.378569 0.386049 0.039984 0.038282
0 0.139475 0.988521 0.038166 0.022957
0 0.090066 0.248401 0.180132 0.361792
0 0.101931 0.136896 0.201629 0.206167
0 0.288104 0.917048 0.024969 0.024894
0 0.908288 0.332990 0.183424 0.196158
0 0.439743 0.606427 0.034787 0.033083
0 0.079180 0.988931 0.069656 0.022137
0 0.329246 0.712059 0.029765 0.028751
0 0.234203 0.518228 0.033183 0.035169
0 0.232877 0.508489 0.034203 0.035044
0 0.389507 0.870807 0.026075 0.025662
0 0.935055 0.524449 0.065805 0.060255
0 0.126011 0.686904 0.034649 0.033990
0 0.683898 0.800952 0.042647 0.043155
0 0.370077 0.333542 0.038627 0.038469
0 0.078773 0.774404 0.047901 0.048921
0 0.169394 0.555557 0.040708 0.039966