0 0.434529 0.642890 0.079013 0.078936
0 0.092840 0.271985 0.103866 0.101848
0 0.415161 0.182829 0.043653 0.042330
0 0.108818 0.167509 0.093088 0.091767
0 0.403107 0.463048 0.038679 0.037000
0 0.299930 0.154823 0.041881 0.040096
0 0.086341 0.706706 0.041458 0.040157
0 0.453583 0.589530 0.031970 0.030728
0 0.131766 0.961224 0.033146 0.031822
0 0.515367 0.123047 0.039684 0.038534
0 0.014693 0.518243 0.029386 0.040290
0 0.248856 0.262414 0.045577 0.044891
0 0.430251 0.830773 0.033039 0.032643
0 0.061868 0.356354 0.030880 0.029458
0 0.799101 0.261372 0.034981 0.033911
0 0.128839 0.871215 0.036909 0.035538
0 0.638387 0.770005 0.051936 0.052584
0 0.098434 0.386858 0.033649 0.032186
0 0.011079 0.072657 0.022111 0.044433
0 0.127850 0.737464 0.027830 0.026684
0 0.617797 0.679648 0.038394 0.037391
0 0.250691 0.303351 0.045455 0.044892
0 0.566418 0.767666 0.031725 0.031678
0 0.188679 0.256903 0.033014 0.033162
0 0.476264 0.960976 0.027019 0.026092
0 0.059449 0.555434 0.025859 0.025734
0 0.870640 0.786637 0.027663 0.027726
0 0.371704 0.992397 0.026947 0.015206
0 0.614179 0.267512 0.027919 0.027487
0 0.864198 0.814560 0.027118 0.027219
0 0.952692 0.975075 0.027436 0.026126
0 0.730368 0.603664 0.078227 0.078860
0 0.209698 0.392619 0.026714 0.026777
0 0.651170 0.712064 0.041911 0.045584
0 0.699081 0.533050 0.051589 0.052389
0 0.954454 0.726035 0.027090 0.027166
0 0.636148 0.809460 0.042894 0.041482
0 0.221990 0.721416 0.037212 0.034547
0 0.259354 0.143939 0.027596 0.027052
0 0.272656 0.359447 0.064805 0.066743
0 0.568787 0.542420 0.025628 0.025667
0 0.943744 0.524523 0.025882 0.025420
0 0.714298 0.162994 0.032626 0.031819
0 0.679745 0.465147 0.025050 0.024623
0 0.537604 0.023109 0.056333 0.045778
0 0.450917 0.700082 0.025879 0.025941
0 0.548525 0.741354 0.041383 0.039980
0 0.920712 0.550443 0.025173 0.024576
0 0.290010 0.068731 0.024418 0.022995