0 0.101743 0.554127 0.044249 0.033459
0 0.523728 0.034881 0.103330 0.069763
0 0.857102 0.967491 0.047943 0.036467
0 0.684497 0.243050 0.039382 0.030559
0 0.751405 0.864192 0.192983 0.146246
0 0.377868 0.122633 0.042488 0.030461
0 0.554349 0.325267 0.039978 0.030005
0 0.309009 0.213611 0.036469 0.026947
0 0.293533 0.985743 0.040652 0.028514
0 0.261223 0.828764 0.042622 0.030102
0 0.831504 0.075294 0.121791 0.094021
0 0.686745 0.982113 0.076312 0.035773
0 0.954164 0.957957 0.091671 0.083648
0 0.076264 0.018241 0.081436 0.036482
0 0.968347 0.010251 0.062513 0.020441
0 0.169140 0.636407 0.035253 0.025810
0 0.830325 0.941420 0.043763 0.034268
0 0.456004 0.252261 0.037221 0.027916
0 0.212908 0.027123 0.062089 0.048715