0 0.502410 0.517089 0.035920 0.035559
0 0.615897 0.712917 0.066979 0.063873
0 0.402681 0.036501 0.021906 0.021807
0 0.754194 0.462612 0.150195 0.143834
0 0.903360 0.816365 0.150309 0.140583
0 0.390182 0.345014 0.027832 0.027711
0 0.116283 0.798434 0.063899 0.062497
0 0.170107 0.548540 0.043142 0.042894
0 0.960455 0.436090 0.044950 0.044249
0 0.341438 0.130367 0.028660 0.027508
0 0.048718 0.473755 0.028281 0.028723
0 0.456910 0.605117 0.034970 0.034680
0 0.130047 0.382125 0.026830 0.026426
0 0.084807 0.539669 0.027078 0.026760
0 0.290788 0.874774 0.034750 0.033918
0 0.208403 0.807510 0.039039 0.038809
0 0.521357 0.551578 0.025666 0.024792
0 0.301749 0.087978 0.020668 0.020875
0 0.213844 0.156468 0.023950 0.023666
0 0.141968 0.930839 0.027000 0.027015
0 0.587034 0.670510 0.044435 0.040688
0 0.617518 0.985019 0.037821 0.029753
0 0.110256 0.938859 0.027804 0.027206
0 0.166905 0.595097 0.036219 0.036128
0 0.279434 0.470008 0.035872 0.035338
0 0.030397 0.885754 0.022005 0.022465
0 0.055866 0.904002 0.035482 0.034668
0 0.530429 0.174361 0.031092 0.030738
0 0.456894 0.072153 0.016951 0.017426
0 0.009755 0.945044 0.019510 0.024187
0 0.238295 0.268131 0.035060 0.034908
0 0.723872 0.096130 0.024828 0.024787
0 0.432858 0.752847 0.027733 0.026935
0 0.320915 0.732684 0.023293 0.022755
0 0.852406 0.192426 0.029708 0.029361
0 0.033126 0.988637 0.036850 0.022202
0 0.277086 0.339651 0.020895 0.020743
0 0.202026 0.545335 0.023089 0.022810
0 0.187672 0.838415 0.036574 0.035350
0 0.866340 0.044701 0.053830 0.051288
0 0.937882 0.459327 0.031658 0.030495
0 0.015259 0.185757 0.027058 0.025718
0 0.361125 0.351525 0.017791 0.017767
0 0.609271 0.443277 0.027081 0.026112
0 0.720046 0.405692 0.025648 0.024558
0 0.386772 0.494931 0.021052 0.021003
0 0.695144 0.633846 0.035222 0.033310
0 0.498315 0.338926 0.018902 0.019131
0 0.119443 0.610331 0.019306 0.019579
0 0.057359 0.990548 0.022084 0.018557
0 0.231159 0.559145 0.021330 0.021245
0 0.916334 0.187626 0.031414 0.029812
0 0.337897 0.447289 0.019870 0.019560
0 0.216158 0.838262 0.019251 0.019498
0 0.077054 0.416907 0.019011 0.019414
0 0.472601 0.143166 0.030597 0.030437
0 0.435213 0.515982 0.019603 0.019208
0 0.289750 0.652168 0.021899 0.021724
0 0.039797 0.680673 0.046192 0.046037
0 0.370010 0.053567 0.016391 0.016379
0 0.081138 0.653158 0.020181 0.019613
0 0.444998 0.422236 0.021744 0.021159
0 0.053166 0.688909 0.031068 0.032025
0 0.228696 0.862649 0.022179 0.021988
0 0.055914 0.771051 0.026032 0.025540
0 0.307927 0.268069 0.021543 0.021226
0 0.366381 0.620118 0.023114 0.022469
0 0.249234 0.776711 0.019058 0.018871
0 0.007170 0.772316 0.014319 0.022016
0 0.444300 0.291656 0.022749 0.022643
0 0.492637 0.968517 0.024206 0.023808
0 0.016857 0.348615 0.019596 0.019320
0 0.849772 0.098532 0.051767 0.050371
0 0.317802 0.355691 0.016409 0.016305
0 0.222604 0.931376 0.022875 0.022219
0 0.261702 0.794022 0.025932 0.026243
0 0.331430 0.655571 0.028706 0.027692
0 0.152693 0.079929 0.017288 0.017647
0 0.424789 0.402120 0.020123 0.020410
0 0.849383 0.296841 0.081288 0.073936
0 0.169447 0.121834 0.017694 0.017619
0 0.402395 0.762947 0.022819 0.022945
0 0.296796 0.726549 0.031197 0.031683
0 0.803930 0.262261 0.034373 0.032718
0 0.085461 0.624196 0.023032 0.023374
0 0.733134 0.196068 0.021545 0.021430
0 0.442251 0.230633 0.022522 0.022147
0 0.122670 0.172185 0.017411 0.017593
0 0.301015 0.982067 0.029293 0.029881
0 0.112175 0.136915 0.017600 0.017314
0 0.353029 0.299715 0.017420 0.018077
0 0.641289 0.545168 0.027299 0.026341
0 0.338247 0.371339 0.018842 0.018780
0 0.153234 0.745711 0.027877 0.027218
0 0.371213 0.471238 0.025119 0.025016
0 0.149145 0.647495 0.018763 0.018743
0 0.159565 0.494935 0.027537 0.028128
0 0.924848 0.022775 0.080495 0.045550
0 0.531997 0.608236 0.019323 0.018972
0 0.018873 0.369840 0.022867 0.022388
0 0.123379 0.674340 0.037775 0.035712
0 0.221275 0.122328 0.023295 0.022747
0 0.187055 0.500772 0.029482 0.029926
0 0.990805 0.133802 0.017901 0.038638
0 0.060362 0.625660 0.027368 0.027028
0 0.237630 0.460863 0.017452 0.017458
0 0.329596 0.183703 0.014583 0.014944
0 0.112326 0.679081 0.023967 0.025071
0 0.851587 0.160963 0.018674 0.018522
0 0.185223 0.860021 0.020492 0.020095
0 0.300377 0.785000 0.018016 0.018162
0 0.404360 0.926362 0.023526 0.023731
0 0.141039 0.990265 0.017618 0.017452
0 0.994598 0.388789 0.010803 0.019189
0 0.219861 0.989859 0.018827 0.018227
0 0.073694 0.398101 0.050768 0.051280
0 0.974578 0.299594 0.050845 0.080471
0 0.166990 0.823549 0.016928 0.016105
0 0.027514 0.958141 0.019706 0.019756
0 0.757069 0.949404 0.026814 0.025424
0 0.754051 0.007159 0.043793 0.014318
0 0.705123 0.808660 0.032041 0.031413
0 0.014675 0.877340 0.016788 0.018594
0 0.041478 0.677649 0.034750 0.036683
0 0.195531 0.838134 0.032758 0.028793
0 0.317614 0.625213 0.020612 0.020471
0 0.396972 0.430704 0.017252 0.017575
0 0.335412 0.991728 0.032926 0.016306
0 0.258376 0.642851 0.021075 0.021139
0 0.284491 0.574725 0.019287 0.019336
0 0.282068 0.532302 0.018376 0.018290
0 0.080170 0.087542 0.014878 0.015176
0 0.393348 0.789106 0.016781 0.016714
0 0.263370 0.375126 0.016526 0.016325