0 0.313304 0.444890 0.030740 0.030461
0 0.970051 0.597451 0.057721 0.058106
0 0.829176 0.528465 0.026457 0.026589
0 0.218225 0.285891 0.031906 0.031816
0 0.271878 0.531764 0.041558 0.041473
0 0.837271 0.428639 0.019903 0.019699
0 0.403602 0.083455 0.052393 0.051789
0 0.974984 0.424821 0.022615 0.022593
0 0.917419 0.424356 0.037056 0.036935
0 0.299135 0.747667 0.023553 0.023202
0 0.670786 0.441521 0.030915 0.031256
0 0.538979 0.539476 0.030958 0.030844
0 0.013996 0.395095 0.027584 0.040195
0 0.985894 0.218096 0.026361 0.026903
0 0.109521 0.565740 0.051032 0.051347
0 0.523126 0.717520 0.047293 0.046334
0 0.349923 0.469381 0.039550 0.038569
0 0.652520 0.330257 0.017837 0.017621
0 0.804928 0.942054 0.021942 0.021609
0 0.334939 0.289187 0.036314 0.035891
0 0.896505 0.891945 0.023646 0.023380
0 0.577772 0.857498 0.025858 0.025720
0 0.802621 0.377677 0.026804 0.026503
0 0.644300 0.787928 0.026360 0.026450
0 0.440392 0.099312 0.032417 0.032422
0 0.939269 0.228303 0.036837 0.036771
0 0.020315 0.274327 0.023701 0.023524
0 0.214128 0.992690 0.034302 0.014316
0 0.120567 0.774368 0.028098 0.027576
0 0.791484 0.249123 0.017324 0.017046
0 0.153182 0.556882 0.031528 0.030439
0 0.019718 0.246777 0.020452 0.020294
0 0.654835 0.384807 0.020161 0.020239
0 0.754457 0.059162 0.027819 0.027437
0 0.655715 0.089242 0.153804 0.139162
0 0.856729 0.386632 0.017009 0.017053