0 0.610535 0.663871 0.192187 0.179510
0 0.059936 0.335220 0.119872 0.191296
0 0.505344 0.092555 0.134964 0.123730
0 0.476171 0.757484 0.095129 0.083949
0 0.233645 0.874231 0.289578 0.251538
0 0.408011 0.184050 0.064161 0.058742
0 0.086596 0.140733 0.036147 0.035688
0 0.922923 0.501421 0.154154 0.167344
0 0.144777 0.257562 0.041225 0.040455
0 0.171886 0.296394 0.060880 0.058084
0 0.054952 0.607221 0.041585 0.038449
0 0.728142 0.478250 0.052605 0.043530
0 0.332679 0.542876 0.126083 0.115202
0 0.887905 0.401016 0.051504 0.047028
0 0.961296 0.115599 0.032131 0.031009
0 0.641803 0.830738 0.041515 0.039645
0 0.083630 0.037515 0.039210 0.037353
0 0.108649 0.733822 0.043963 0.042574
0 0.138407 0.952072 0.043573 0.038657
0 0.590155 0.376911 0.088864 0.078955
0 0.478285 0.569239 0.189021 0.176845
0 0.636516 0.419192 0.056654 0.047972
0 0.016159 0.045703 0.032318 0.090579
0 0.710097 0.876332 0.036636 0.034735
0 0.475685 0.173365 0.046574 0.040565
0 0.064612 0.763997 0.035751 0.033009
0 0.676874 0.314641 0.083013 0.073141
0 0.642276 0.253808 0.133078 0.117979
0 0.124620 0.746527 0.124468 0.116508
0 0.165582 0.691929 0.031922 0.030249
0 0.852539 0.770630 0.045661 0.043295
0 0.238041 0.503879 0.036526 0.036252
0 0.190883 0.151664 0.048070 0.049002
0 0.382767 0.772837 0.091654 0.079137
0 0.974818 0.305634 0.050364 0.124363
0 0.438362 0.150786 0.036510 0.033035
0 0.835770 0.509508 0.032440 0.029856
0 0.988498 0.404070 0.022678 0.049796
0 0.448948 0.408202 0.210605 0.174193
0 0.251624 0.991109 0.048471 0.017783
0 0.485185 0.936524 0.040587 0.036254
0 0.913346 0.817457 0.173308 0.340533
0 0.015166 0.902417 0.030333 0.127918
0 0.444702 0.295827 0.036399 0.034647
0 0.245945 0.191012 0.049653 0.049282
0 0.025522 0.752310 0.028787 0.026518
0 0.241419 0.047940 0.031181 0.030911
0 0.092853 0.009663 0.032097 0.019326
0 0.307013 0.626975 0.065931 0.059030
0 0.533174 0.090130 0.030207 0.028855
0 0.517134 0.367958 0.059187 0.051747
0 0.237817 0.200502 0.034720 0.033951
0 0.606971 0.012045 0.058521 0.023958
0 0.370791 0.403153 0.039756 0.036808
0 0.556866 0.861224 0.082788 0.078062
0 0.416618 0.836950 0.037606 0.036473
0 0.826136 0.103254 0.026798 0.026239
0 0.247300 0.181855 0.044380 0.041725
0 0.341802 0.345063 0.032063 0.029686
0 0.246159 0.338138 0.034185 0.033173
0 0.776052 0.621475 0.045414 0.042568