0 0.621087 0.431074 0.063956 0.062684
0 0.923735 0.266358 0.070560 0.067790
0 0.834220 0.141471 0.039000 0.038023
0 0.698728 0.028071 0.101743 0.055884
0 0.952694 0.605564 0.036157 0.035373
0 0.253066 0.518066 0.036449 0.035907
0 0.623380 0.510705 0.031884 0.030400
0 0.274634 0.073898 0.075141 0.075395
0 0.138211 0.418410 0.053113 0.053845
0 0.047564 0.045372 0.054945 0.055318
0 0.067736 0.393535 0.036221 0.035351
0 0.016685 0.017739 0.033264 0.035479
0 0.686282 0.594930 0.028620 0.028187
0 0.305925 0.891968 0.028883 0.027873
0 0.824502 0.053632 0.046802 0.044944
0 0.084566 0.100207 0.043751 0.043003
0 0.314972 0.815305 0.082732 0.080303
0 0.915447 0.149002 0.169106 0.259644
0 0.429744 0.624612 0.025514 0.025853
0 0.714519 0.156016 0.089574 0.087573
0 0.191167 0.462029 0.024765 0.024290
0 0.641127 0.076809 0.026209 0.025902
0 0.273528 0.545215 0.023544 0.023363
0 0.933298 0.520881 0.026790 0.026677