0 0.543701 0.857003 0.062989 0.062404
0 0.387800 0.180562 0.071552 0.069716
0 0.594422 0.460852 0.049078 0.048145
0 0.109094 0.694847 0.060076 0.059180
0 0.428238 0.547138 0.039117 0.038766
0 0.369502 0.266325 0.054353 0.052401
0 0.738076 0.774791 0.034202 0.033465
0 0.629386 0.043155 0.092004 0.084790
0 0.708615 0.176956 0.043381 0.043296
0 0.610334 0.124229 0.046484 0.045291
0 0.315085 0.909784 0.064459 0.064634
0 0.694132 0.411753 0.055152 0.054024
0 0.688655 0.506630 0.030366 0.030715
0 0.544325 0.407201 0.043557 0.041986
0 0.730049 0.400053 0.055804 0.055213
0 0.799846 0.520164 0.034694 0.034211
0 0.492104 0.980524 0.050539 0.038951
0 0.351673 0.861502 0.075155 0.073774
0 0.325972 0.534372 0.034231 0.033429
0 0.379435 0.076042 0.032570 0.030536
0 0.583761 0.081436 0.039004 0.039139
0 0.498382 0.760373 0.036027 0.034424
0 0.868058 0.239860 0.034476 0.033772
0 0.091228 0.976751 0.045026 0.043602
0 0.520138 0.795239 0.056011 0.055004
0 0.907957 0.898465 0.071032 0.069960
0 0.068276 0.922674 0.028844 0.027679
0 0.276750 0.644643 0.096773 0.095941
0 0.788361 0.068809 0.040372 0.038281
0 0.343649 0.149458 0.030996 0.029623
0 0.288430 0.548311 0.027850 0.027514
0 0.150605 0.166692 0.301211 0.325218
0 0.869772 0.437082 0.045294 0.044581
0 0.852754 0.987736 0.033541 0.024430
0 0.931037 0.969515 0.064977 0.057394
0 0.487801 0.418780 0.059435 0.057979
0 0.118974 0.484255 0.032222 0.031563
0 0.398034 0.784373 0.030562 0.030078
0 0.217986 0.274159 0.089541 0.090242
0 0.936672 0.963797 0.081654 0.070619
0 0.459576 0.012106 0.034485 0.024212
0 0.867290 0.937049 0.027674 0.027846
0 0.276177 0.870545 0.343048 0.258911
0 0.082754 0.658254 0.030875 0.030947
0 0.314635 0.793673 0.120021 0.119651
0 0.476969 0.152894 0.254203 0.255061
0 0.989496 0.050569 0.020947 0.035909
0 0.821355 0.771903 0.035838 0.036084
0 0.575861 0.510371 0.026040 0.025762
0 0.930113 0.640460 0.139773 0.463586
0 0.702736 0.661004 0.058967 0.059455
0 0.161672 0.050991 0.268369 0.101982
0 0.047168 0.754458 0.064166 0.065971
0 0.958823 0.426885 0.082354 0.382499
0 0.959668 0.208275 0.027637 0.027006
0 0.402570 0.004930 0.027657 0.009826
0 0.604159 0.688390 0.209937 0.213331