0 0.106608 0.749840 0.165767 0.159559
0 0.662771 0.920475 0.083243 0.082382
0 0.588053 0.423420 0.044980 0.044981
0 0.178858 0.128628 0.036213 0.035760
0 0.306292 0.514297 0.069570 0.065707
0 0.797687 0.813912 0.041665 0.039995
0 0.699895 0.527945 0.037315 0.037111
0 0.740027 0.588763 0.034244 0.032935
0 0.151067 0.960038 0.033046 0.031865
0 0.796144 0.512298 0.036380 0.035889
0 0.496533 0.456387 0.031781 0.032031
0 0.886449 0.935212 0.049664 0.046387
0 0.674567 0.133303 0.035033 0.034294
0 0.881509 0.022447 0.030688 0.029041
0 0.599502 0.023671 0.033184 0.032255
0 0.726247 0.560963 0.030682 0.029931
0 0.806579 0.066006 0.036818 0.036205
0 0.741552 0.856884 0.030010 0.028616
0 0.356271 0.073775 0.027301 0.026458
0 0.824873 0.650108 0.027382 0.026974
0 0.518253 0.391430 0.028956 0.028082
0 0.208733 0.440271 0.029933 0.030422
0 0.280747 0.570034 0.056088 0.055188
0 0.596976 0.089152 0.030136 0.029715
0 0.740883 0.673196 0.029556 0.027422
0 0.382175 0.778266 0.035352 0.034746
0 0.130677 0.290344 0.023451 0.022836
0 0.688088 0.061694 0.027772 0.027341
0 0.789502 0.908975 0.047290 0.043336
0 0.168312 0.987422 0.039205 0.025156
0 0.097666 0.243520 0.037511 0.037454
0 0.590658 0.973996 0.042153 0.038094
0 0.819724 0.604182 0.026099 0.025382
0 0.465799 0.747507 0.025965 0.025491
0 0.928943 0.060992 0.037667 0.037618
0 0.102887 0.197075 0.065563 0.065011
0 0.798973 0.906346 0.032128 0.031728