0 0.203356 0.602285 0.097553 0.095688
0 0.083486 0.162389 0.062288 0.061601
0 0.684136 0.214658 0.030575 0.030027
0 0.943207 0.379986 0.029380 0.028945
0 0.371922 0.798751 0.046498 0.045689
0 0.140921 0.713935 0.030266 0.029242
0 0.049328 0.527404 0.039801 0.038134
0 0.253486 0.028482 0.063053 0.056731
0 0.674835 0.718178 0.026657 0.026503
0 0.025925 0.183141 0.051830 0.159772
0 0.413424 0.695122 0.027523 0.026787
0 0.107865 0.887741 0.077042 0.073282
0 0.903782 0.187523 0.191052 0.375047
0 0.209855 0.917141 0.027395 0.025890
0 0.128675 0.128865 0.024523 0.025291
0 0.423280 0.048292 0.058640 0.058496
0 0.473496 0.461761 0.029725 0.028630
0 0.488076 0.774192 0.028859 0.027829
0 0.072601 0.790643 0.130773 0.129724
0 0.430517 0.576376 0.065194 0.061204
0 0.545326 0.040181 0.021884 0.021458
0 0.181784 0.753288 0.156770 0.149266
0 0.113920 0.577747 0.067069 0.062645
0 0.135766 0.147418 0.271532 0.293886
0 0.292190 0.866927 0.070744 0.069062
0 0.215012 0.006042 0.027596 0.011933
0 0.899569 0.519600 0.022538 0.022113
0 0.136471 0.526962 0.050177 0.048927
0 0.070682 0.452295 0.024742 0.023835
0 0.105978 0.424268 0.029289 0.027677
0 0.169484 0.781514 0.024169 0.024258
0 0.113062 0.305433 0.048221 0.046843
0 0.041292 0.974158 0.074880 0.051684
0 0.435418 0.583276 0.055607 0.052228