0 0.439690 0.732753 0.224511 0.220208
0 0.820088 0.749789 0.142297 0.140146
0 0.559528 0.306297 0.044509 0.041785
0 0.938607 0.167459 0.120432 0.119106
0 0.203975 0.985683 0.029755 0.027922
0 0.732412 0.698351 0.033792 0.032203
0 0.674487 0.740992 0.040224 0.037933
0 0.242507 0.483175 0.062714 0.060772
0 0.713140 0.153947 0.027841 0.028013
0 0.271578 0.045244 0.041067 0.038498
0 0.710630 0.007841 0.048464 0.015681
0 0.620760 0.934031 0.074295 0.075056
0 0.673598 0.594886 0.028012 0.026712
0 0.627975 0.818276 0.103239 0.096001
0 0.749948 0.905574 0.184697 0.179011
0 0.938881 0.088024 0.120211 0.175669
0 0.926528 0.869700 0.146945 0.234101
0 0.524194 0.442527 0.109216 0.106649
0 0.918384 0.498524 0.160900 0.277161
0 0.639220 0.983154 0.108876 0.033691
0 0.481727 0.098575 0.146625 0.145232
0 0.046460 0.007076 0.043718 0.013701
0 0.886677 0.220693 0.051984 0.048818
0 0.516237 0.977729 0.029227 0.027792
0 0.622614 0.422983 0.080073 0.077244
0 0.211463 0.560513 0.217308 0.206885
0 0.535378 0.849214 0.097995 0.101065
0 0.719274 0.790588 0.075141 0.072960
0 0.590649 0.743078 0.093163 0.088797
0 0.508853 0.848276 0.156242 0.139647
0 0.099824 0.454385 0.024230 0.024556
0 0.477229 0.986752 0.052128 0.026281