0 0.345904 0.411076 0.028601 0.029089
0 0.112077 0.600458 0.136746 0.127092
0 0.404286 0.378817 0.036879 0.036486
0 0.315758 0.134344 0.052388 0.052343
0 0.229275 0.397609 0.031645 0.031647
0 0.040263 0.503359 0.051543 0.050591
0 0.016128 0.532618 0.028476 0.028238
0 0.277149 0.570743 0.045328 0.041818
0 0.661909 0.068805 0.043069 0.041229
0 0.763037 0.807378 0.042477 0.036088
0 0.730160 0.498028 0.178230 0.157147
0 0.487987 0.879863 0.030674 0.029921
0 0.780515 0.842451 0.036900 0.033326
0 0.352293 0.097771 0.033015 0.033460
0 0.581851 0.317968 0.145301 0.137938
0 0.335683 0.586683 0.059740 0.054900
0 0.167257 0.120443 0.028851 0.028693
0 0.513644 0.598736 0.037330 0.035231
0 0.539983 0.842816 0.037376 0.035048
0 0.500485 0.233773 0.023491 0.023312
0 0.707796 0.704178 0.034189 0.031318
0 0.878921 0.266775 0.064049 0.062666
0 0.498489 0.449477 0.026216 0.025068
0 0.008203 0.746056 0.016406 0.021600
0 0.836223 0.808934 0.151162 0.138389
0 0.854790 0.337840 0.039203 0.040422
0 0.727561 0.191299 0.065008 0.064439
0 0.937216 0.608701 0.059950 0.052549
0 0.472395 0.473367 0.046642 0.045999
0 0.880954 0.082303 0.088789 0.084149
0 0.226073 0.951670 0.025043 0.024465
0 0.322639 0.591763 0.038648 0.035714
0 0.008904 0.581797 0.017807 0.020497
0 0.992637 0.670009 0.014473 0.032012
0 0.492203 0.172714 0.028987 0.028094
0 0.808624 0.630023 0.054560 0.044683
0 0.868812 0.936709 0.041406 0.034428
0 0.163919 0.946904 0.022866 0.022112