0 0.674046 0.591345 0.179180 0.178011
0 0.037947 0.426556 0.061969 0.058957
0 0.221004 0.927086 0.059820 0.057662
0 0.944497 0.821311 0.061169 0.060769
0 0.154669 0.662960 0.054376 0.052510
0 0.890215 0.881350 0.038960 0.038371
0 0.927616 0.889638 0.043683 0.044222
0 0.518741 0.270423 0.034690 0.034045
0 0.354374 0.581524 0.385745 0.432795
0 0.934903 0.703082 0.042113 0.041620
0 0.722057 0.741986 0.039358 0.038407
0 0.082502 0.540246 0.147741 0.144209
0 0.955953 0.405975 0.031360 0.030431
0 0.610648 0.085078 0.046913 0.045350
0 0.057770 0.043311 0.033074 0.032138
0 0.553272 0.327332 0.032574 0.031939
0 0.760573 0.832066 0.034899 0.034464
0 0.380087 0.016778 0.145241 0.033433
0 0.770566 0.260063 0.031584 0.031214
0 0.051844 0.765663 0.030771 0.030028
0 0.221750 0.386741 0.031316 0.029077
0 0.561780 0.490415 0.031000 0.029803
0 0.556674 0.515586 0.029426 0.027942
0 0.766741 0.464487 0.027959 0.027355
0 0.579584 0.950188 0.145163 0.099624
0 0.832406 0.986528 0.038252 0.026944
0 0.683697 0.715866 0.031977 0.031158
0 0.988742 0.641734 0.022517 0.075812
0 0.252835 0.176479 0.029817 0.029040
0 0.695231 0.737518 0.023948 0.023942
0 0.462090 0.911389 0.044624 0.041743
0 0.736328 0.154257 0.121018 0.122835
0 0.807990 0.303470 0.272791 0.254001
0 0.135888 0.110376 0.023242 0.023139
0 0.520805 0.359017 0.175744 0.162126
0 0.884928 0.446990 0.096148 0.093744
0 0.925215 0.364002 0.042580 0.041294
0 0.879590 0.255337 0.030398 0.028410
0 0.611264 0.138643 0.349117 0.271427
0 0.853653 0.927522 0.105370 0.097353
0 0.540453 0.456334 0.036519 0.035097
0 0.104438 0.832082 0.043382 0.041199
0 0.428917 0.218927 0.065040 0.059867
0 0.977538 0.096686 0.038907 0.039308
0 0.297809 0.209485 0.375153 0.390303
0 0.502850 0.993438 0.036950 0.013124
0 0.121433 0.811827 0.242865 0.350140
0 0.525556 0.345638 0.034524 0.032965
0 0.609448 0.745496 0.027160 0.027657
0 0.601450 0.808448 0.034910 0.034829
0 0.518533 0.469870 0.024609 0.024544
0 0.817158 0.422744 0.050317 0.051863
0 0.095735 0.930162 0.023155 0.023096