0 0.690502 0.354433 0.245809 0.239981
0 0.397861 0.163598 0.161141 0.159167
0 0.741224 0.540962 0.150054 0.149143
0 0.854895 0.688831 0.104174 0.100548
0 0.879855 0.602150 0.043866 0.043941
0 0.723647 0.753633 0.037660 0.038229
0 0.022757 0.356923 0.045514 0.053539
0 0.033825 0.709138 0.040747 0.040346
0 0.071547 0.887178 0.100194 0.097082
0 0.645214 0.901157 0.033453 0.032398
0 0.888648 0.874622 0.053252 0.052025
0 0.720333 0.797994 0.036514 0.036293
0 0.358894 0.236206 0.035854 0.035079
0 0.426798 0.288307 0.033583 0.032268
0 0.941159 0.586372 0.036942 0.037227
0 0.141880 0.116422 0.029450 0.028452
0 0.288843 0.048777 0.032647 0.032028
0 0.381577 0.261540 0.038475 0.037879
0 0.956863 0.833605 0.085978 0.181030
0 0.519466 0.143699 0.031888 0.030927
0 0.821237 0.318425 0.031284 0.030612
0 0.775612 0.904328 0.033490 0.033106
0 0.855965 0.413614 0.039241 0.038561
0 0.970438 0.486623 0.037891 0.037998
0 0.884141 0.465927 0.025748 0.025484
0 0.636355 0.551437 0.143200 0.133870
0 0.868959 0.547441 0.039048 0.037374
0 0.580259 0.371257 0.084633 0.081168
0 0.444443 0.930890 0.034965 0.033911
0 0.801660 0.952904 0.088495 0.085339
0 0.224421 0.984441 0.029629 0.029662
0 0.206320 0.695227 0.031511 0.030601
0 0.630086 0.042973 0.029481 0.028490
0 0.694642 0.084035 0.028956 0.028273
0 0.720261 0.920721 0.036637 0.035361
0 0.155283 0.652200 0.030804 0.029593
0 0.084514 0.478235 0.039818 0.038084
0 0.362937 0.608449 0.082667 0.082590
0 0.322484 0.641800 0.032012 0.031674
0 0.819107 0.385693 0.045650 0.044754
0 0.182432 0.794101 0.188831 0.178312
0 0.540634 0.660913 0.031961 0.030502
0 0.224492 0.548487 0.027040 0.026980
0 0.171355 0.536689 0.051017 0.050567
0 0.206464 0.435977 0.152625 0.146422
0 0.375679 0.087825 0.045329 0.045424
0 0.709978 0.084985 0.153436 0.156543
0 0.964803 0.973118 0.070394 0.053765
0 0.551838 0.008872 0.034685 0.017744
0 0.507823 0.478069 0.367071 0.321733
0 0.459902 0.267820 0.075708 0.075017
0 0.948753 0.711482 0.078401 0.076129
0 0.335044 0.471413 0.040361 0.038584
0 0.270049 0.073339 0.030977 0.030339
0 0.519936 0.329729 0.028173 0.029012
0 0.203510 0.725622 0.028181 0.027920
0 0.980022 0.231217 0.025944 0.025899
0 0.266718 0.420047 0.029585 0.028488
0 0.781466 0.869019 0.028086 0.027900
0 0.579150 0.912241 0.384950 0.175519
0 0.265200 0.565806 0.024732 0.024251
0 0.833815 0.888134 0.038311 0.038691
0 0.882363 0.116061 0.082090 0.080609
0 0.921184 0.781199 0.024407 0.023794
0 0.203843 0.037257 0.279016 0.074513
0 0.275941 0.702550 0.025429 0.025556
0 0.934444 0.527590 0.023860 0.024183
0 0.984464 0.515458 0.031072 0.050041
0 0.201507 0.371129 0.123712 0.117706
0 0.802369 0.092752 0.029346 0.029308
0 0.919518 0.159369 0.024199 0.023661
0 0.112492 0.542902 0.067643 0.065572