0 0.873981 0.084113 0.105603 0.089687
0 0.456603 0.765701 0.456913 0.367983
0 0.130690 0.883044 0.102564 0.086260
0 0.847868 0.513667 0.048811 0.040786
0 0.072231 0.097170 0.144463 0.179114
0 0.749673 0.745700 0.176863 0.152507
0 0.504397 0.144272 0.036029 0.031093
0 0.092628 0.388269 0.185256 0.230051
0 0.659356 0.492642 0.046708 0.037252
0 0.842357 0.259581 0.032661 0.028609
0 0.860426 0.714810 0.136282 0.119854
0 0.897122 0.834805 0.115741 0.089425
0 0.151284 0.762141 0.139409 0.119114
0 0.439467 0.197989 0.175665 0.154186
0 0.583449 0.217678 0.031477 0.027241
0 0.944298 0.538521 0.035340 0.030330
0 0.340260 0.407789 0.031859 0.027364
0 0.266687 0.497995 0.033369 0.028144
0 0.069309 0.650531 0.031677 0.027534
0 0.091537 0.521025 0.091791 0.077259
0 0.164483 0.416738 0.034108 0.027604
0 0.934763 0.780358 0.089742 0.069412
0 0.090749 0.441634 0.030961 0.028216
0 0.671960 0.918486 0.078750 0.060380
0 0.933970 0.018991 0.027009 0.025080
0 0.196848 0.267890 0.029926 0.026503
0 0.974869 0.610397 0.045840 0.035429
0 0.917254 0.659717 0.039658 0.031285
0 0.237397 0.515639 0.041153 0.033529
0 0.337859 0.346994 0.134572 0.113542
0 0.957418 0.948555 0.032901 0.027236
0 0.800211 0.083589 0.031463 0.027781
0 0.980318 0.713546 0.039240 0.064090
0 0.716565 0.048405 0.027430 0.025890
0 0.675255 0.912028 0.093893 0.072299
0 0.944181 0.700408 0.043799 0.036076
0 0.786285 0.827009 0.053903 0.041453
0 0.684493 0.595830 0.231767 0.191407
0 0.160618 0.747192 0.028761 0.027181