0 0.237707 0.672844 0.038068 0.035009
0 0.037765 0.876547 0.053528 0.051742
0 0.319460 0.057497 0.046225 0.039121
0 0.476628 0.809716 0.044499 0.042160
0 0.359817 0.589356 0.031506 0.028863
0 0.436699 0.445559 0.034582 0.031415
0 0.209730 0.229851 0.033192 0.031020
0 0.169990 0.067650 0.034909 0.032647
0 0.032264 0.814075 0.031174 0.030521
0 0.056576 0.618362 0.037185 0.032321
0 0.377250 0.217588 0.040805 0.036263
0 0.358919 0.017652 0.031149 0.028596
0 0.178311 0.655234 0.035208 0.029744
0 0.053838 0.716396 0.038085 0.034919
0 0.565031 0.890373 0.052933 0.048581
0 0.078168 0.661913 0.032724 0.030112
0 0.517358 0.275030 0.030256 0.028362
0 0.421452 0.548919 0.036354 0.033383
0 0.440056 0.991846 0.026248 0.016238
0 0.227739 0.190638 0.029321 0.026847
0 0.151488 0.343160 0.028797 0.027653
0 0.134958 0.775588 0.045286 0.044596
0 0.318013 0.913128 0.034856 0.032949
0 0.110104 0.796136 0.035906 0.033466
0 0.132815 0.847996 0.037752 0.034515
0 0.564033 0.504219 0.053222 0.037783
0 0.495335 0.161589 0.100699 0.091359
0 0.170814 0.201754 0.025579 0.023402
0 0.059779 0.167033 0.033133 0.029798
0 0.557605 0.501189 0.045038 0.032424
0 0.064559 0.352061 0.042978 0.039184
0 0.239185 0.792346 0.029116 0.026856
0 0.565696 0.093928 0.031478 0.030586
0 0.567530 0.984051 0.047521 0.031313
0 0.107920 0.584401 0.025031 0.023240
0 0.108847 0.791175 0.034545 0.033995
0 0.035774 0.592114 0.033927 0.031973
0 0.517178 0.047853 0.047722 0.047075
0 0.176137 0.436206 0.023437 0.021895
0 0.373251 0.497763 0.030051 0.029814