0 0.832290 0.576257 0.202324 0.188574
0 0.341549 0.448713 0.395036 0.381521
0 0.825681 0.312361 0.087252 0.082555
0 0.687038 0.636820 0.096221 0.087597
0 0.605160 0.106621 0.040819 0.039499
0 0.732191 0.349326 0.069892 0.066191
0 0.275742 0.787227 0.117981 0.113755
0 0.665610 0.520684 0.168682 0.156678
0 0.079965 0.153438 0.080727 0.077908
0 0.173079 0.681812 0.028794 0.027909
0 0.509321 0.618003 0.117965 0.114493
0 0.659331 0.735405 0.161298 0.152209
0 0.771310 0.172368 0.035464 0.033248
0 0.761283 0.839207 0.181445 0.166961
0 0.754381 0.081582 0.037027 0.034735
0 0.529021 0.069232 0.031588 0.030146
0 0.350021 0.783469 0.028470 0.027571
0 0.981702 0.642893 0.036597 0.082335
0 0.954429 0.677160 0.040702 0.038585
0 0.829111 0.166061 0.044302 0.040709
0 0.571014 0.670977 0.064136 0.061988
0 0.837838 0.758599 0.068274 0.064441
0 0.385344 0.984198 0.056943 0.031605
0 0.962927 0.257782 0.030968 0.030670
0 0.541426 0.980729 0.081337 0.038543
0 0.566089 0.085140 0.053935 0.052903
0 0.741470 0.287835 0.028145 0.027571
0 0.099656 0.675743 0.064249 0.062539
0 0.618257 0.429031 0.042875 0.041364
0 0.836988 0.440858 0.200823 0.191269
0 0.632598 0.703242 0.087261 0.081210
0 0.631025 0.891811 0.134184 0.126637
0 0.637902 0.308979 0.048314 0.045686
0 0.087829 0.979530 0.022263 0.022145
0 0.284128 0.010065 0.026354 0.020131
0 0.181303 0.021643 0.139041 0.043270
0 0.425493 0.674977 0.052139 0.049529
0 0.867303 0.431278 0.150946 0.141767
0 0.159386 0.650679 0.025388 0.024388
0 0.635078 0.828829 0.052007 0.048086
0 0.862495 0.248629 0.204080 0.187481
0 0.356297 0.662876 0.033098 0.030637