0 0.256393 0.078188 0.142324 0.138327
0 0.400411 0.084939 0.177551 0.165314
0 0.898623 0.267244 0.053288 0.053093
0 0.317039 0.151042 0.041572 0.041266
0 0.651330 0.033140 0.053272 0.052179
0 0.610065 0.962123 0.139837 0.075754
0 0.405691 0.930920 0.052531 0.051389
0 0.748250 0.105739 0.052059 0.051077
0 0.056686 0.844910 0.090083 0.084682
0 0.524150 0.762667 0.031353 0.030116
0 0.142455 0.245310 0.052500 0.049134
0 0.419665 0.897325 0.062949 0.061071
0 0.445013 0.645756 0.027547 0.027374
0 0.291384 0.754440 0.030262 0.029756
0 0.715734 0.835842 0.035519 0.035081
0 0.204206 0.294187 0.062238 0.058178
0 0.784786 0.039087 0.282381 0.078173
0 0.759516 0.449174 0.270893 0.261432
0 0.282093 0.933842 0.120341 0.119470
0 0.113715 0.757463 0.122196 0.115645
0 0.403461 0.049086 0.027393 0.027085
0 0.100901 0.069796 0.139447 0.124299
0 0.211767 0.536208 0.079584 0.077741
0 0.768220 0.860304 0.033495 0.032148
0 0.123409 0.064935 0.199223 0.127477
0 0.977043 0.063117 0.045914 0.116579
0 0.039474 0.649865 0.071529 0.070658
0 0.697434 0.986375 0.043245 0.027250
0 0.506046 0.223870 0.051674 0.052239
0 0.485544 0.295326 0.069921 0.070235
0 0.867469 0.873944 0.027290 0.026959
0 0.384020 0.059740 0.144019 0.095262
0 0.834149 0.923858 0.077584 0.076445
0 0.492995 0.890379 0.091595 0.089834
0 0.708292 0.063972 0.031120 0.029402
0 0.015012 0.972859 0.029804 0.054282
0 0.929710 0.723399 0.079601 0.078588
0 0.354229 0.414954 0.070015 0.070541
0 0.902796 0.951817 0.043605 0.040998
0 0.163663 0.041332 0.148518 0.082664
0 0.424177 0.822575 0.045618 0.044621
0 0.089028 0.879780 0.045065 0.040429
0 0.758750 0.806494 0.064010 0.063555
0 0.027899 0.346518 0.055797 0.064508
0 0.283634 0.397500 0.074600 0.069154
0 0.539186 0.936667 0.036378 0.034757
0 0.314585 0.009640 0.069357 0.019280
0 0.007722 0.027821 0.015444 0.052609
0 0.204733 0.359894 0.104671 0.099618
0 0.268041 0.445029 0.112783 0.112205
0 0.041048 0.560901 0.048247 0.047875
0 0.304214 0.010534 0.101459 0.020577
0 0.420664 0.453936 0.108824 0.104422
0 0.757249 0.980447 0.085511 0.039106
0 0.143948 0.049898 0.186598 0.099796
0 0.071385 0.140270 0.045625 0.042018
0 0.682049 0.853205 0.045379 0.045003