0 0.351773 0.880672 0.028762 0.027555
0 0.553171 0.981459 0.032374 0.030827
0 0.526423 0.842297 0.028040 0.027136
0 0.563531 0.126627 0.028550 0.026817
0 0.394619 0.647951 0.031544 0.028741
0 0.510800 0.980799 0.028150 0.026579
0 0.589733 0.880871 0.028046 0.026411
0 0.990700 0.417654 0.018599 0.024708
0 0.994208 0.338672 0.011585 0.050643
0 0.550737 0.868744 0.026943 0.025088
0 0.152162 0.695138 0.024717 0.024102
0 0.917938 0.222991 0.028836 0.027523
0 0.459007 0.740668 0.027780 0.027065
0 0.958430 0.765724 0.031300 0.030140