0 0.611841 0.113943 0.046871 0.045986
0 0.527029 0.672361 0.032545 0.031020
0 0.159448 0.453431 0.035064 0.032888
0 0.651766 0.129514 0.029323 0.028498
0 0.446268 0.897717 0.034964 0.032638
0 0.354517 0.506701 0.040593 0.039797
0 0.344845 0.033178 0.027659 0.026644
0 0.178867 0.425094 0.029282 0.028444
0 0.124874 0.093562 0.031723 0.031723
0 0.248249 0.386585 0.029023 0.027557
0 0.881366 0.012078 0.025461 0.024000
0 0.646510 0.566546 0.028827 0.028187
0 0.827903 0.234639 0.026113 0.024759
0 0.962400 0.270564 0.025936 0.024258
0 0.147530 0.428358 0.030611 0.029100
0 0.564589 0.417894 0.025662 0.024939
0 0.524761 0.595468 0.025290 0.024203
0 0.500470 0.831117 0.027954 0.026658
0 0.711978 0.227895 0.022571 0.022136
0 0.815725 0.313195 0.029441 0.028307
0 0.218376 0.037498 0.022248 0.022208
0 0.925054 0.869703 0.030444 0.030560
0 0.971294 0.991116 0.024817 0.017768
0 0.232514 0.794007 0.028554 0.025996
0 0.657702 0.427657 0.023539 0.023354
0 0.968681 0.128110 0.062639 0.099683
0 0.219263 0.638251 0.030939 0.029870