0 0.215998 0.380727 0.075485 0.061015
0 0.679766 0.147111 0.045106 0.036671
0 0.829559 0.057189 0.053350 0.040000
0 0.206243 0.647251 0.036199 0.031196
0 0.195963 0.280656 0.046042 0.035856
0 0.384345 0.138948 0.105789 0.087425
0 0.637617 0.108729 0.044508 0.035062
0 0.267936 0.331377 0.036778 0.029074
0 0.620935 0.895338 0.035759 0.029867
0 0.171861 0.855018 0.036715 0.030840
0 0.836020 0.956442 0.035280 0.029564
0 0.519924 0.749169 0.035795 0.030338
0 0.056497 0.867157 0.060029 0.054003
0 0.176411 0.101090 0.046194 0.037981
0 0.159850 0.133100 0.031703 0.025085
0 0.700882 0.837375 0.070444 0.054223
0 0.081780 0.912790 0.034040 0.029470
0 0.765289 0.181707 0.036253 0.029951
0 0.708949 0.462641 0.048205 0.038892
0 0.012310 0.591009 0.024012 0.025349
0 0.971321 0.952514 0.035148 0.029205
0 0.746621 0.965006 0.100919 0.069989
0 0.111744 0.651011 0.206324 0.165462
0 0.890882 0.108313 0.032050 0.026946
0 0.995080 0.109470 0.009688 0.032102
0 0.333587 0.701295 0.055233 0.049214
0 0.229782 0.787849 0.454286 0.424302