0 0.188715 0.249110 0.248944 0.239631
0 0.619082 0.729312 0.211070 0.210240
0 0.088224 0.443013 0.067658 0.067524
0 0.057946 0.094861 0.062141 0.061226
0 0.183567 0.115893 0.033699 0.032758
0 0.030471 0.960014 0.060941 0.079972
0 0.494325 0.935738 0.098828 0.092108
0 0.154220 0.664360 0.049646 0.048721
0 0.201998 0.445716 0.172110 0.163051
0 0.630201 0.099709 0.056598 0.053688
0 0.056061 0.163897 0.047358 0.046934
0 0.582177 0.169606 0.044527 0.043301
0 0.777719 0.486099 0.048140 0.046470
0 0.609788 0.476387 0.052306 0.050621
0 0.237385 0.063158 0.033279 0.031411
0 0.795972 0.806683 0.042645 0.040472
0 0.724319 0.395471 0.035076 0.034285
0 0.564371 0.975019 0.111255 0.049963
0 0.017836 0.327155 0.032332 0.031672
0 0.988887 0.234952 0.022226 0.044926
0 0.458537 0.367862 0.049625 0.046873
0 0.421297 0.177752 0.028290 0.028871
0 0.030392 0.420032 0.029074 0.027806
0 0.709967 0.666623 0.036448 0.035911
0 0.826505 0.013711 0.031253 0.026875
0 0.792461 0.253944 0.175778 0.172999
0 0.390963 0.146064 0.030813 0.029738
0 0.822811 0.097475 0.031931 0.030955
0 0.692778 0.975229 0.048369 0.046311
0 0.270205 0.616182 0.052035 0.051070
0 0.390187 0.901653 0.050376 0.047212
0 0.358346 0.515599 0.027343 0.027030
0 0.617129 0.959468 0.040044 0.039899
0 0.988311 0.508345 0.023252 0.044903
0 0.215428 0.249905 0.045558 0.042268
0 0.752346 0.800617 0.042637 0.040477
0 0.011647 0.452364 0.023293 0.037050
0 0.223006 0.635124 0.041182 0.040251
0 0.503506 0.059929 0.041224 0.041415
0 0.620734 0.713672 0.034924 0.033665
0 0.969418 0.340099 0.030646 0.028761
0 0.113684 0.831812 0.031366 0.029776
0 0.987158 0.912677 0.024069 0.024567
0 0.647079 0.257851 0.030779 0.030523
0 0.961901 0.579592 0.074933 0.073499
0 0.402032 0.754459 0.028318 0.027340
0 0.793900 0.395168 0.045375 0.043747
0 0.990147 0.345232 0.019705 0.027033
0 0.479393 0.606696 0.033573 0.032285
0 0.531350 0.297842 0.032378 0.029584
0 0.024133 0.798651 0.046077 0.047701
0 0.505542 0.054586 0.038619 0.036534
0 0.351786 0.838070 0.029495 0.028330
0 0.771022 0.732044 0.035435 0.034517
0 0.019545 0.042675 0.026285 0.025970
0 0.479484 0.722751 0.097836 0.101928
0 0.153717 0.148592 0.023121 0.022703
0 0.462185 0.052299 0.037685 0.035803
0 0.006184 0.708817 0.012236 0.031185
0 0.927785 0.835714 0.140005 0.327469
0 0.674563 0.782916 0.065790 0.063519
0 0.451949 0.976177 0.126637 0.047645