0 0.246273 0.788474 0.070979 0.054788
0 0.238271 0.742620 0.050546 0.037165
0 0.821698 0.186247 0.045724 0.032687
0 0.434863 0.606928 0.191842 0.149205
0 0.615522 0.301556 0.036770 0.027911
0 0.650508 0.147403 0.047357 0.037801
0 0.763975 0.072192 0.041196 0.029746
0 0.964178 0.028409 0.041907 0.032387
0 0.416885 0.749713 0.033529 0.026019
0 0.647222 0.636932 0.048291 0.039313
0 0.984235 0.993473 0.026736 0.012871
0 0.509768 0.375199 0.043860 0.033272
0 0.904148 0.454275 0.191703 0.164197
0 0.903168 0.347536 0.081324 0.055010
0 0.647813 0.933987 0.033700 0.029589
0 0.926461 0.082891 0.038226 0.030487
0 0.778509 0.605049 0.045288 0.038649
0 0.069474 0.179233 0.052963 0.040917
0 0.709053 0.044749 0.031765 0.025013
0 0.430186 0.539878 0.061114 0.047949
0 0.113885 0.011066 0.033213 0.021815
0 0.935853 0.789551 0.128295 0.110441
0 0.433900 0.546339 0.061917 0.049799