0 0.593698 0.484313 0.111189 0.090365
0 0.423791 0.904283 0.058721 0.045342
0 0.479418 0.707773 0.094107 0.074397
0 0.345070 0.767899 0.084610 0.065310
0 0.353411 0.691577 0.050206 0.037165
0 0.678650 0.556844 0.074908 0.057886
0 0.217628 0.442615 0.060400 0.045437
0 0.462468 0.808372 0.068648 0.056418
0 0.738053 0.971705 0.048651 0.039373
0 0.452051 0.657329 0.047081 0.034500
0 0.075657 0.666673 0.121992 0.087294
0 0.512961 0.749419 0.048370 0.040173
0 0.260103 0.726361 0.130093 0.093522
0 0.045399 0.606749 0.057390 0.044996
0 0.169839 0.456995 0.061776 0.049937
0 0.548332 0.556569 0.064798 0.049161
0 0.455941 0.818268 0.085772 0.067710
0 0.320351 0.630844 0.044907 0.035954
0 0.926258 0.899186 0.146508 0.196077
0 0.273814 0.948746 0.047925 0.038233
0 0.124804 0.837831 0.249607 0.303946
0 0.446464 0.831199 0.073383 0.057491
0 0.170541 0.092943 0.341082 0.184541
0 0.906681 0.790554 0.036219 0.029617
0 0.188711 0.759983 0.041741 0.033323
0 0.653689 0.981876 0.079015 0.036014
0 0.409825 0.958115 0.031847 0.026103
0 0.874747 0.265924 0.250505 0.201163
0 0.058436 0.667820 0.089840 0.068734
0 0.693058 0.909817 0.032736 0.028171