0 0.697102 0.919732 0.063595 0.049931
0 0.040232 0.537623 0.080304 0.096988
0 0.380523 0.789016 0.112462 0.095507
0 0.747863 0.616056 0.111341 0.091719
0 0.782884 0.527349 0.135352 0.113536
0 0.749380 0.232646 0.127648 0.094367
0 0.949710 0.285107 0.100579 0.105150
0 0.056404 0.678724 0.104408 0.093799
0 0.232180 0.353180 0.247548 0.195605
0 0.508370 0.884302 0.083490 0.063273
0 0.546972 0.159362 0.064024 0.052351
0 0.299087 0.117391 0.072888 0.058855
0 0.924337 0.503662 0.041578 0.032576
0 0.846720 0.799152 0.050917 0.040843
0 0.163359 0.879343 0.112841 0.094889
0 0.042930 0.737860 0.039540 0.035258
0 0.444206 0.649193 0.037780 0.031526
0 0.391078 0.880803 0.034014 0.027047
0 0.970802 0.628920 0.058397 0.052941
0 0.252478 0.064672 0.095016 0.076541
0 0.097743 0.837823 0.036696 0.031501
0 0.537312 0.016033 0.032570 0.027274
0 0.539473 0.039418 0.109079 0.075496
0 0.865597 0.263918 0.066618 0.050788
0 0.973392 0.811253 0.053216 0.142042
0 0.843518 0.395984 0.035479 0.029770
0 0.048291 0.822163 0.095113 0.355674
0 0.587146 0.689501 0.033094 0.028323
0 0.233859 0.988683 0.057702 0.022622
0 0.517781 0.527279 0.667485 0.636034
0 0.501084 0.043443 0.182164 0.086128
0 0.581481 0.899811 0.047142 0.036596
0 0.455669 0.841995 0.093146 0.072331
0 0.353960 0.174248 0.053493 0.046262
0 0.865445 0.257748 0.077043 0.062982
0 0.817059 0.958663 0.139228 0.082673
0 0.006316 0.375559 0.012285 0.033949
0 0.140994 0.285143 0.158368 0.136173
0 0.923640 0.690424 0.074645 0.060870
0 0.942268 0.208023 0.041153 0.034889
0 0.451754 0.469188 0.675965 0.584197
0 0.954775 0.113703 0.034899 0.030218
0 0.316017 0.042031 0.040576 0.033157
0 0.170522 0.066878 0.066483 0.054782