0 0.895414 0.245044 0.197519 0.181735
0 0.757473 0.129547 0.035392 0.030488
0 0.147400 0.205487 0.037953 0.031688
0 0.296466 0.836881 0.042583 0.034035
0 0.058280 0.034752 0.032205 0.029152
0 0.936125 0.469744 0.050795 0.043711
0 0.987083 0.634483 0.025834 0.073800
0 0.409241 0.718388 0.035646 0.029402
0 0.648927 0.885027 0.038354 0.030226
0 0.209817 0.300753 0.030512 0.026713
0 0.255924 0.850519 0.046388 0.038175
0 0.931534 0.909463 0.091808 0.082505
0 0.184441 0.979811 0.075264 0.040378
0 0.441192 0.855692 0.040768 0.035187
0 0.267818 0.707276 0.067670 0.060910
0 0.983874 0.562524 0.032234 0.056122
0 0.981512 0.939806 0.036977 0.120389
0 0.236215 0.757613 0.043983 0.037713
0 0.576960 0.899418 0.029883 0.026749
0 0.073534 0.347546 0.038777 0.033753
0 0.610926 0.780564 0.062365 0.055004
0 0.961665 0.440491 0.041557 0.036641
0 0.787165 0.851586 0.040470 0.034652
0 0.238658 0.066687 0.030876 0.029269
0 0.980944 0.694156 0.038113 0.042385
0 0.123726 0.989211 0.043616 0.021578