0 0.883630 0.982089 0.059985 0.035822
0 0.105503 0.840059 0.044253 0.034342
0 0.581695 0.917408 0.040370 0.030210
0 0.454950 0.229703 0.275992 0.232274
0 0.745357 0.784505 0.036268 0.027226
0 0.389980 0.989213 0.041189 0.021238
0 0.222878 0.008547 0.033623 0.017094
0 0.026661 0.011309 0.031625 0.022122
0 0.068993 0.333535 0.137189 0.124027
0 0.843924 0.520307 0.030624 0.025425
0 0.640904 0.160429 0.032008 0.026610
0 0.907068 0.474939 0.033909 0.026856
0 0.974193 0.817738 0.030579 0.023774
0 0.405893 0.633236 0.030573 0.023623
0 0.784777 0.288803 0.430445 0.443616
0 0.636766 0.871287 0.035176 0.026987
0 0.444511 0.763584 0.034428 0.023455
0 0.444393 0.242597 0.030151 0.022283
0 0.232265 0.353940 0.026625 0.022743