0 0.294907 0.404099 0.117790 0.106333
0 0.295043 0.033911 0.073745 0.066736
0 0.034161 0.131622 0.068322 0.086146
0 0.765361 0.574997 0.055646 0.053147
0 0.858652 0.611219 0.078295 0.072322
0 0.844478 0.149046 0.058344 0.054254
0 0.843066 0.250484 0.047200 0.045019
0 0.888659 0.798570 0.123275 0.108225
0 0.532873 0.220476 0.046810 0.043923
0 0.649282 0.883424 0.041387 0.036634
0 0.718371 0.510368 0.042073 0.039814
0 0.823228 0.350925 0.067101 0.067275
0 0.890066 0.327025 0.098171 0.095739
0 0.719239 0.653843 0.038975 0.036961
0 0.605941 0.447037 0.049704 0.045996
0 0.394039 0.917423 0.032858 0.030408
0 0.854396 0.391902 0.048213 0.046013
0 0.960299 0.367353 0.039517 0.038328
0 0.508545 0.801633 0.031568 0.028447
0 0.688033 0.874681 0.030130 0.028152
0 0.960508 0.093742 0.078225 0.187484
0 0.228544 0.464462 0.030712 0.028056
0 0.929613 0.975194 0.041164 0.038031
0 0.955996 0.766085 0.087058 0.093446
0 0.632087 0.323152 0.087786 0.084744
0 0.409610 0.504222 0.033520 0.031299
0 0.628244 0.102368 0.501959 0.200621
0 0.917841 0.894541 0.034846 0.032182
0 0.122607 0.876454 0.244480 0.247091
0 0.391246 0.137170 0.076144 0.069805
0 0.319056 0.674657 0.044906 0.042545
0 0.021942 0.348361 0.043545 0.129252
0 0.569459 0.877721 0.028389 0.025804
0 0.935729 0.199917 0.035447 0.033638
0 0.934674 0.658621 0.075459 0.068729
0 0.940388 0.626974 0.034854 0.029996
0 0.900384 0.950574 0.106073 0.092801
0 0.967006 0.765125 0.065989 0.075321
0 0.653600 0.723562 0.052254 0.049519
0 0.272670 0.857453 0.073825 0.068274
0 0.806467 0.285781 0.058682 0.057985
0 0.935798 0.665603 0.062326 0.056234
0 0.288209 0.826872 0.038412 0.037498
0 0.612923 0.718501 0.028337 0.027019
0 0.805029 0.301526 0.039842 0.036283
0 0.481462 0.239635 0.027323 0.026705
0 0.766402 0.337503 0.054891 0.055389
0 0.071662 0.175905 0.055087 0.048910
0 0.621673 0.991881 0.028786 0.016239
0 0.764144 0.346905 0.045158 0.044440
0 0.451509 0.781273 0.026308 0.024987
0 0.807719 0.278009 0.052424 0.046030
0 0.884059 0.469460 0.058390 0.057922
0 0.553858 0.473339 0.041920 0.039824
0 0.935842 0.275252 0.060017 0.058784
0 0.932869 0.270828 0.049379 0.050070
0 0.286753 0.741125 0.036608 0.034870