0 0.842214 0.963204 0.093825 0.073566
0 0.941883 0.322729 0.039130 0.039040
0 0.490030 0.130280 0.037963 0.036217
0 0.802168 0.660108 0.046685 0.042930
0 0.106401 0.657899 0.037158 0.035165
0 0.165225 0.904080 0.330450 0.191840
0 0.948362 0.048410 0.035641 0.035118
0 0.157248 0.269756 0.043101 0.038070
0 0.252149 0.621497 0.036474 0.034406
0 0.059840 0.060164 0.076433 0.068490
0 0.307902 0.162290 0.069882 0.064743
0 0.056870 0.195318 0.112446 0.209848
0 0.018575 0.025704 0.035131 0.031849
0 0.188293 0.019946 0.079620 0.039891
0 0.820746 0.453885 0.035030 0.035814
0 0.719494 0.167723 0.073842 0.072631
0 0.301844 0.290404 0.031501 0.029930
0 0.656559 0.829408 0.050496 0.047190
0 0.910631 0.199813 0.089433 0.090134
0 0.333594 0.438626 0.042511 0.040937
0 0.612097 0.322449 0.054861 0.055608
0 0.458034 0.013067 0.077436 0.025826
0 0.795863 0.409858 0.030696 0.030116
0 0.536474 0.266239 0.028294 0.027674
0 0.614907 0.640697 0.028566 0.027874
0 0.281160 0.198073 0.050365 0.045775
0 0.013392 0.382429 0.026783 0.051318
0 0.257460 0.423653 0.038454 0.035976
0 0.168257 0.404564 0.151253 0.140009
0 0.037247 0.733785 0.054645 0.053313
0 0.028188 0.335299 0.049538 0.046855