0 0.728081 0.880709 0.075271 0.057775
0 0.735349 0.570747 0.195759 0.163975
0 0.263570 0.574417 0.138203 0.105449
0 0.325607 0.836742 0.059016 0.044673
0 0.845520 0.682611 0.157310 0.117487
0 0.035139 0.499162 0.040955 0.033829
0 0.703837 0.720994 0.072889 0.053668
0 0.135318 0.037855 0.080168 0.061193
0 0.090917 0.912556 0.041542 0.032835
0 0.241507 0.471182 0.042753 0.033653
0 0.393996 0.361215 0.049775 0.040086
0 0.894662 0.916711 0.076682 0.057905
0 0.144996 0.589649 0.057389 0.043657
0 0.370630 0.572216 0.050340 0.036978
0 0.589908 0.154447 0.050500 0.037384
0 0.609656 0.343859 0.076253 0.058929
0 0.428888 0.211879 0.294422 0.232643
0 0.149465 0.680921 0.038696 0.029712
0 0.527692 0.495855 0.286130 0.205036
0 0.895576 0.304577 0.208847 0.172377
0 0.230154 0.124540 0.040731 0.030111
0 0.259699 0.236899 0.040731 0.031452
0 0.252372 0.146725 0.042026 0.032008
0 0.094323 0.782586 0.188645 0.208761
0 0.815982 0.608049 0.063677 0.046452
0 0.549271 0.209107 0.037912 0.027608
0 0.765231 0.662768 0.062153 0.050328
0 0.550782 0.131336 0.038777 0.030007
0 0.638791 0.889600 0.050787 0.036575
0 0.528641 0.731736 0.179462 0.139822
0 0.422414 0.209851 0.035760 0.026760
0 0.936400 0.224775 0.059607 0.044721
0 0.615049 0.899947 0.049978 0.035330
0 0.562023 0.642339 0.213717 0.148645
0 0.340194 0.529315 0.042700 0.030818
0 0.407220 0.990707 0.034787 0.018067
0 0.617479 0.895809 0.058027 0.043354
0 0.317479 0.509451 0.033939 0.026850
0 0.718834 0.936459 0.051836 0.038475
0 0.151336 0.820617 0.061579 0.046305
0 0.111971 0.280988 0.042450 0.033030
0 0.924907 0.634467 0.038151 0.029356
0 0.870420 0.854307 0.065905 0.047695
0 0.872347 0.748294 0.167555 0.122771
0 0.624922 0.385370 0.045139 0.031960
0 0.091833 0.118861 0.031837 0.027649
0 0.628788 0.779665 0.065937 0.053522
0 0.873330 0.372042 0.078230 0.057355
0 0.162928 0.175371 0.035800 0.028445
0 0.481939 0.043251 0.245016 0.086501
0 0.026737 0.254349 0.053378 0.065594
0 0.603344 0.091445 0.034887 0.027166
0 0.949320 0.843018 0.101359 0.148840
0 0.302293 0.894093 0.070670 0.055111
0 0.620828 0.163419 0.119793 0.100496
0 0.238421 0.910396 0.033020 0.027910
0 0.030013 0.663155 0.060026 0.079133
0 0.194621 0.953387 0.245089 0.093226
0 0.354410 0.700029 0.190885 0.148818
0 0.943665 0.981860 0.062608 0.036281
0 0.627936 0.892698 0.066620 0.042663
0 0.745616 0.251348 0.084744 0.060017
0 0.880553 0.367941 0.068215 0.046590
0 0.957270 0.683443 0.085460 0.073062
0 0.528464 0.853259 0.072188 0.056528
0 0.232816 0.806318 0.079757 0.061844
0 0.538319 0.712938 0.205053 0.160871
0 0.596620 0.638888 0.145357 0.106947