0 0.299383 0.208963 0.256099 0.215213
0 0.269590 0.850237 0.164500 0.137518
0 0.425793 0.153172 0.084113 0.069588
0 0.029449 0.279863 0.056839 0.052311
0 0.762138 0.224839 0.048982 0.044997
0 0.132160 0.238821 0.061491 0.049722
0 0.534104 0.039418 0.092229 0.077209
0 0.323458 0.926823 0.062258 0.050381
0 0.811215 0.414985 0.044345 0.037840
0 0.078553 0.307576 0.062685 0.052035
0 0.818503 0.187154 0.034066 0.029774
0 0.950301 0.442767 0.043566 0.041170
0 0.880847 0.068431 0.129232 0.109188
0 0.936293 0.586158 0.043807 0.041461
0 0.114402 0.678098 0.077906 0.068105
0 0.372153 0.795494 0.103681 0.096394
0 0.866972 0.632473 0.034613 0.031753
0 0.698067 0.038309 0.032886 0.027944
0 0.337295 0.471684 0.121548 0.098941
0 0.206413 0.953959 0.110367 0.092083
0 0.032395 0.877331 0.064201 0.113094
0 0.862506 0.544495 0.034019 0.033184
0 0.782576 0.838969 0.056030 0.052324
0 0.885002 0.458425 0.036008 0.033338
0 0.061917 0.814371 0.110925 0.096970
0 0.495233 0.126208 0.069179 0.060806
0 0.857250 0.510301 0.030654 0.029371
0 0.891847 0.976105 0.045782 0.042238
0 0.068510 0.978051 0.057249 0.043404
0 0.412508 0.017787 0.060872 0.035573
0 0.862020 0.990941 0.032935 0.017823
0 0.388887 0.315889 0.111678 0.086588
0 0.182839 0.600152 0.070792 0.059925
0 0.268626 0.984828 0.063015 0.030344
0 0.292711 0.754047 0.070449 0.061026
0 0.391052 0.986254 0.065870 0.027492
0 0.060911 0.226826 0.036365 0.031940
0 0.653610 0.931591 0.027855 0.026042
0 0.704951 0.639903 0.047226 0.042989
0 0.990613 0.710921 0.018585 0.042687
0 0.701155 0.092323 0.083486 0.070955
0 0.918925 0.424756 0.031926 0.028632
0 0.016070 0.610544 0.031890 0.043050
0 0.404248 0.873228 0.047050 0.041911
0 0.157014 0.630533 0.083263 0.070784
0 0.346720 0.012345 0.045122 0.024690
0 0.610460 0.174546 0.047822 0.042249
0 0.867397 0.421687 0.028584 0.025606
0 0.218017 0.007105 0.051335 0.014210
0 0.266624 0.343020 0.116899 0.086485
0 0.691014 0.921373 0.041014 0.040763
0 0.326175 0.993014 0.046064 0.013972
0 0.938826 0.070620 0.121344 0.140609
0 0.186571 0.744107 0.061008 0.049182