0 0.605686 0.141652 0.043942 0.032634
0 0.975267 0.490615 0.048608 0.055769
0 0.383459 0.841710 0.044367 0.032155
0 0.132185 0.744400 0.057013 0.045870
0 0.680918 0.814052 0.135556 0.098388
0 0.896714 0.190569 0.053128 0.043941
0 0.048783 0.812094 0.097566 0.076752
0 0.651151 0.438542 0.073812 0.059610
0 0.438464 0.943695 0.048631 0.037363
0 0.961508 0.243205 0.052441 0.042741
0 0.895447 0.874818 0.048721 0.037502
0 0.820963 0.537654 0.039510 0.032053
0 0.510200 0.766365 0.069932 0.052732
0 0.445166 0.368621 0.044969 0.032839
0 0.984165 0.212481 0.031359 0.033487
0 0.829706 0.200899 0.036562 0.028326
0 0.914683 0.532396 0.093443 0.074827
0 0.146532 0.103944 0.082961 0.062800
0 0.988711 0.169331 0.022578 0.023931
0 0.711469 0.024686 0.030226 0.024040
0 0.912541 0.085390 0.034927 0.027017
0 0.022417 0.231310 0.042462 0.031482
0 0.989428 0.190154 0.021144 0.025116
0 0.862656 0.111295 0.036526 0.028857
0 0.292606 0.249719 0.050074 0.035265
0 0.356224 0.978812 0.072255 0.042376
0 0.890935 0.129622 0.038934 0.029662
0 0.474411 0.923237 0.036426 0.028605
0 0.966607 0.293505 0.066316 0.074619
0 0.523174 0.900889 0.081896 0.060485
0 0.778082 0.509959 0.033524 0.025083
0 0.499201 0.279031 0.042051 0.031408
0 0.126603 0.835022 0.058286 0.036220
0 0.492484 0.384344 0.041696 0.029563
0 0.985285 0.699506 0.029022 0.025352
0 0.240953 0.970253 0.057948 0.046426
0 0.632975 0.657656 0.054468 0.042254
0 0.416060 0.889642 0.069316 0.052614
0 0.988211 0.350867 0.023398 0.054221
0 0.559886 0.068708 0.037650 0.027991
0 0.946656 0.875382 0.034459 0.024725
0 0.451876 0.090397 0.037403 0.031425
0 0.832870 0.792103 0.038516 0.031066
0 0.897685 0.261445 0.030036 0.025552
0 0.738535 0.015131 0.027684 0.024649
0 0.067507 0.073395 0.038229 0.027677
0 0.079006 0.948453 0.032782 0.024324
0 0.484029 0.357242 0.036610 0.026862
0 0.529642 0.903401 0.068870 0.049522
0 0.306937 0.577202 0.051945 0.035997
0 0.570606 0.741103 0.033540 0.026280
0 0.670391 0.962689 0.085241 0.063500
0 0.969734 0.304836 0.060086 0.050013
0 0.376785 0.514029 0.052875 0.036391
0 0.187754 0.382653 0.045436 0.031112
0 0.138073 0.782957 0.039128 0.030469
0 0.227150 0.646796 0.079037 0.056225
0 0.365729 0.372639 0.047118 0.037097
0 0.708410 0.205799 0.032962 0.025058
0 0.904002 0.517574 0.054140 0.041006
0 0.740358 0.859996 0.047974 0.033361
0 0.125259 0.239710 0.034160 0.026304
0 0.788299 0.534089 0.028945 0.026330
0 0.222861 0.198137 0.085312 0.060414
0 0.814901 0.265103 0.034358 0.024608
0 0.334243 0.806865 0.034013 0.023174
0 0.952431 0.276968 0.048450 0.038654
0 0.778370 0.085692 0.026490 0.020429
0 0.963979 0.104564 0.039661 0.033310
0 0.614682 0.707832 0.038708 0.030337
0 0.989152 0.184944 0.021696 0.031419
0 0.352608 0.916352 0.064415 0.047474
0 0.117511 0.326983 0.052802 0.040975
0 0.460618 0.316433 0.033681 0.023252