0 0.073667 0.811472 0.040461 0.038173
0 0.035385 0.122259 0.070770 0.080469
0 0.670037 0.779443 0.041100 0.039331
0 0.779269 0.589474 0.046509 0.044888
0 0.951473 0.633739 0.044774 0.043047
0 0.026338 0.382863 0.035611 0.034342
0 0.051354 0.789193 0.040068 0.039354
0 0.132145 0.787280 0.040382 0.038698
0 0.037682 0.843521 0.032564 0.032197
0 0.609945 0.366441 0.032444 0.031834
0 0.749528 0.646788 0.031905 0.030963
0 0.829329 0.838521 0.044037 0.043798
0 0.847205 0.637343 0.030611 0.029146
0 0.974092 0.372110 0.028960 0.028252
0 0.260672 0.022626 0.033383 0.030644
0 0.207256 0.889886 0.039071 0.038055
0 0.048282 0.876391 0.029435 0.028255
0 0.412952 0.911471 0.032676 0.030666
0 0.936272 0.017988 0.066444 0.035835
0 0.407845 0.062276 0.027610 0.027306
0 0.661955 0.872414 0.026468 0.025876
0 0.614067 0.526856 0.029991 0.028463
0 0.156355 0.537012 0.038212 0.037134
0 0.907368 0.182795 0.078859 0.080579
0 0.498511 0.141711 0.039853 0.036272
0 0.052629 0.116445 0.034753 0.035191
0 0.338437 0.888326 0.042878 0.038225
0 0.138961 0.187953 0.063082 0.059357
0 0.628245 0.392101 0.035137 0.033726
0 0.170096 0.191013 0.129689 0.116941
0 0.398391 0.475513 0.091266 0.086412
0 0.144192 0.853319 0.025936 0.025338
0 0.761851 0.526060 0.052778 0.050898
0 0.229689 0.307289 0.049798 0.045204
0 0.981162 0.604523 0.026596 0.026351
0 0.738458 0.009336 0.032263 0.018673
0 0.846055 0.113043 0.029725 0.028807
0 0.085373 0.388807 0.026071 0.025819
0 0.103154 0.763689 0.026600 0.025512
0 0.048355 0.619804 0.057071 0.053394
0 0.228261 0.007074 0.038954 0.013845
0 0.314873 0.165275 0.046589 0.044389
0 0.270326 0.757045 0.031163 0.028656
0 0.230686 0.008915 0.041786 0.017829