0 0.161681 0.410763 0.132104 0.117532
0 0.468982 0.618311 0.052269 0.045889
0 0.806941 0.765323 0.039767 0.036663
0 0.248863 0.172708 0.034979 0.030834
0 0.524123 0.883885 0.034619 0.030900
0 0.217026 0.851783 0.048516 0.045533
0 0.089421 0.117935 0.034706 0.029795
0 0.097583 0.045185 0.033495 0.028405
0 0.212305 0.132597 0.028730 0.025051
0 0.170402 0.762884 0.030144 0.028094
0 0.604652 0.890458 0.031376 0.028339
0 0.552683 0.842117 0.056355 0.053876
0 0.890572 0.499185 0.036341 0.032650
0 0.798773 0.660444 0.029492 0.026424
0 0.846418 0.877960 0.035847 0.032124
0 0.009720 0.934660 0.019441 0.047572
0 0.659982 0.005188 0.023797 0.010375