0 0.772500 0.405075 0.221720 0.208567
0 0.498630 0.765307 0.308006 0.272399
0 0.873374 0.689745 0.042326 0.038770
0 0.888399 0.241531 0.053892 0.051114
0 0.423835 0.117420 0.036572 0.034520
0 0.768352 0.486015 0.038243 0.037942
0 0.042927 0.391378 0.033129 0.029835
0 0.805931 0.784450 0.048260 0.044565
0 0.378582 0.207947 0.030498 0.028642
0 0.928542 0.027453 0.029112 0.027537
0 0.765653 0.194396 0.032368 0.030496
0 0.736824 0.540490 0.035532 0.032952
0 0.432754 0.201274 0.030171 0.027816
0 0.881769 0.410137 0.039136 0.036302
0 0.470391 0.283409 0.028523 0.027472
0 0.923457 0.724394 0.035928 0.034970
0 0.929038 0.939188 0.141382 0.121623
0 0.906617 0.110436 0.033354 0.031115
0 0.972789 0.666919 0.054421 0.085580
0 0.079121 0.600188 0.028000 0.025829
0 0.642421 0.490483 0.028950 0.026464
0 0.130574 0.742100 0.030079 0.026588
0 0.727599 0.683410 0.029898 0.027516
0 0.814705 0.824783 0.034377 0.031275
0 0.366847 0.560739 0.043185 0.039151
0 0.287300 0.580640 0.048799 0.043217
0 0.754174 0.800943 0.051878 0.046762
0 0.130572 0.149355 0.024832 0.024380
0 0.476554 0.571929 0.054183 0.049088
0 0.973570 0.648592 0.052384 0.134502
0 0.713944 0.829355 0.035088 0.031875
0 0.708218 0.555433 0.029444 0.027481
0 0.440508 0.251695 0.025794 0.024504
0 0.935741 0.575114 0.075603 0.071953
0 0.049135 0.267210 0.025153 0.023747