0 0.585766 0.203224 0.256917 0.238099
0 0.177243 0.111206 0.089129 0.083952
0 0.925111 0.316236 0.037896 0.034863
0 0.061714 0.053134 0.057317 0.052646
0 0.235375 0.387428 0.092004 0.085179
0 0.284941 0.856078 0.070208 0.062531
0 0.404582 0.909756 0.058029 0.051078
0 0.122963 0.733776 0.081610 0.075212
0 0.609587 0.076954 0.040506 0.038194
0 0.621769 0.551813 0.058261 0.051081
0 0.163971 0.193718 0.045197 0.040715
0 0.197841 0.802840 0.060818 0.054097
0 0.297819 0.070826 0.256555 0.138114
0 0.719287 0.393054 0.042576 0.039299
0 0.582613 0.872091 0.074100 0.064453
0 0.494589 0.465013 0.037050 0.033383
0 0.581592 0.676220 0.058484 0.051126
0 0.091676 0.249340 0.045017 0.041344
0 0.405957 0.595102 0.066150 0.059813
0 0.532901 0.394999 0.125592 0.118469
0 0.269564 0.480840 0.061806 0.055265
0 0.545083 0.709965 0.055807 0.048143
0 0.372407 0.872104 0.032464 0.028423
0 0.448925 0.157839 0.033868 0.033703
0 0.743912 0.707466 0.084961 0.072445
0 0.269806 0.892464 0.036589 0.032785
0 0.853924 0.082256 0.032101 0.031166
0 0.424654 0.659850 0.047698 0.044262
0 0.042117 0.280038 0.039449 0.037533
0 0.110211 0.784924 0.035819 0.031292
0 0.807963 0.287681 0.032168 0.029402
0 0.769311 0.522822 0.051748 0.046355
0 0.086446 0.188593 0.045498 0.043285
0 0.916497 0.147551 0.035344 0.034978
0 0.932833 0.669169 0.037209 0.033481
0 0.517921 0.336654 0.043534 0.042879
0 0.781053 0.172936 0.039105 0.038226
0 0.083580 0.938258 0.033299 0.030627
0 0.150126 0.899144 0.028790 0.028590
0 0.791154 0.444337 0.035491 0.031543
0 0.860770 0.980731 0.049421 0.038187
0 0.054729 0.727259 0.038576 0.034945
0 0.328581 0.728692 0.040375 0.033336
0 0.605978 0.249501 0.032855 0.030913
0 0.406593 0.208996 0.028342 0.027474
0 0.015007 0.178024 0.029305 0.028388
0 0.405193 0.792808 0.029696 0.026620
0 0.447994 0.235769 0.029934 0.029030
0 0.184557 0.738596 0.028033 0.026300
0 0.487480 0.533484 0.059337 0.053643
0 0.735723 0.847986 0.048666 0.044642
0 0.499417 0.567498 0.028624 0.026646
0 0.941439 0.914442 0.046774 0.044836
0 0.318621 0.341202 0.050275 0.045180
0 0.216579 0.525638 0.028457 0.026624
0 0.639305 0.099153 0.027179 0.026631
0 0.268668 0.169010 0.026918 0.025682
0 0.538314 0.654386 0.034826 0.030002
0 0.407018 0.821606 0.031399 0.029274
0 0.593564 0.466187 0.056998 0.050737
0 0.682065 0.257246 0.024449 0.023492
0 0.412173 0.115504 0.027725 0.028648
0 0.894773 0.128051 0.028436 0.027460
0 0.575460 0.562424 0.036918 0.034550
0 0.438642 0.192967 0.038945 0.035930
0 0.148129 0.022816 0.034447 0.031448
0 0.096568 0.249366 0.037530 0.034666
0 0.550041 0.974098 0.045909 0.042923
0 0.033265 0.780819 0.031669 0.027865
0 0.059305 0.759911 0.053223 0.048487
0 0.234736 0.586321 0.030802 0.028356
0 0.245483 0.622010 0.026139 0.024777
0 0.488311 0.344719 0.038285 0.036241
0 0.720668 0.958999 0.035918 0.034069
0 0.474236 0.713459 0.065408 0.057561
0 0.094621 0.562105 0.048558 0.044583
0 0.704951 0.465267 0.029585 0.027075
0 0.685367 0.566977 0.044328 0.038403
0 0.070217 0.385549 0.138826 0.171851
0 0.593751 0.471772 0.049295 0.045733