0 0.366871 0.489247 0.075142 0.073938
0 0.811868 0.842337 0.269936 0.263482
0 0.156489 0.547164 0.090101 0.087606
0 0.234034 0.127964 0.333483 0.251057
0 0.533511 0.830905 0.079262 0.075434
0 0.658335 0.971429 0.038901 0.037836
0 0.544666 0.755557 0.055389 0.054365
0 0.843381 0.484703 0.115265 0.113352
0 0.947813 0.462261 0.040846 0.039251
0 0.383081 0.607498 0.063035 0.061932
0 0.603971 0.836157 0.069655 0.067147
0 0.103492 0.797930 0.033364 0.032497
0 0.939262 0.770169 0.041952 0.040283
0 0.249901 0.559270 0.047644 0.045755
0 0.081198 0.591638 0.081618 0.079076
0 0.859741 0.134107 0.027681 0.027989
0 0.922638 0.027718 0.027668 0.027494
0 0.310661 0.797721 0.035117 0.033911
0 0.924638 0.436390 0.031008 0.029806
0 0.713039 0.258476 0.028303 0.028179
0 0.500704 0.681746 0.051057 0.049042
0 0.563878 0.907902 0.093847 0.091734
0 0.341013 0.747317 0.030417 0.029768
0 0.083323 0.949481 0.052612 0.051634
0 0.804328 0.657537 0.059540 0.057164
0 0.035889 0.928874 0.066737 0.070340
0 0.642562 0.640271 0.128251 0.120859
0 0.468501 0.407404 0.100248 0.095645
0 0.284464 0.343123 0.080771 0.078124
0 0.179805 0.961518 0.127216 0.076877
0 0.820171 0.984896 0.042187 0.030041
0 0.374965 0.966021 0.060841 0.061905
0 0.077600 0.952845 0.061806 0.062149
0 0.511446 0.484723 0.051809 0.050596
0 0.078263 0.862877 0.057267 0.054148
0 0.927781 0.139634 0.023956 0.024758
0 0.624555 0.140175 0.153171 0.143861
0 0.098186 0.988810 0.059581 0.021914
0 0.574709 0.931092 0.068550 0.065996
0 0.095430 0.471153 0.071686 0.073978
0 0.731999 0.763027 0.064524 0.060597
0 0.595874 0.568346 0.071186 0.071510
0 0.555736 0.897406 0.079843 0.075780
0 0.209487 0.729729 0.050510 0.049497
0 0.976595 0.861289 0.046720 0.052090
0 0.873116 0.080256 0.022861 0.022008
0 0.513969 0.477761 0.064316 0.065371