0 0.867904 0.414704 0.067169 0.049045
0 0.761138 0.174750 0.042011 0.030289
0 0.778760 0.416964 0.117531 0.085559
0 0.201920 0.615317 0.037439 0.030280
0 0.882080 0.168723 0.080669 0.053618
0 0.982457 0.509340 0.035086 0.087889
0 0.334581 0.194683 0.101462 0.072691
0 0.402695 0.068304 0.078806 0.067120
0 0.596106 0.148099 0.064897 0.048743
0 0.933244 0.072812 0.088550 0.068882
0 0.788453 0.807828 0.064886 0.048957
0 0.542503 0.923075 0.060626 0.042863
0 0.590117 0.570898 0.370828 0.300710
0 0.689573 0.186042 0.100217 0.068184
0 0.669103 0.177321 0.072155 0.049551
0 0.648863 0.719370 0.065904 0.045982
0 0.417617 0.216106 0.052197 0.042338
0 0.989822 0.261965 0.020356 0.032518
0 0.502197 0.873307 0.072875 0.050585
0 0.814019 0.950920 0.267206 0.098161
0 0.875724 0.241394 0.056635 0.040792
0 0.541090 0.928887 0.069361 0.055535
0 0.664955 0.949685 0.050681 0.038435
0 0.031888 0.008487 0.058172 0.016974