0 0.765549 0.245168 0.048485 0.049078
0 0.328246 0.678920 0.036752 0.035276
0 0.489577 0.895949 0.033933 0.033652
0 0.013967 0.316014 0.027862 0.037581
0 0.981388 0.321636 0.037223 0.053929
0 0.912921 0.112685 0.038519 0.038727
0 0.582320 0.657852 0.028602 0.027618
0 0.630788 0.496241 0.038227 0.036620
0 0.842971 0.106548 0.036062 0.034784
0 0.235450 0.303881 0.046272 0.042481
0 0.491899 0.795411 0.026156 0.025877
0 0.799644 0.423073 0.030618 0.030836
0 0.987129 0.242606 0.025579 0.050249
0 0.611299 0.241689 0.039909 0.038592
0 0.724206 0.058035 0.047544 0.046273
0 0.409515 0.573064 0.029299 0.028101
0 0.446470 0.155183 0.047397 0.047542
0 0.985043 0.581415 0.029553 0.050862
0 0.862983 0.624113 0.039381 0.038998
0 0.864379 0.585670 0.031595 0.031869
0 0.897268 0.621660 0.032723 0.032826
0 0.677747 0.490195 0.057368 0.055190
0 0.818720 0.482923 0.051277 0.052382
0 0.990695 0.157253 0.018278 0.028433
0 0.873743 0.440878 0.043636 0.043717
0 0.861216 0.476676 0.033601 0.033755
0 0.770637 0.649461 0.055741 0.053011
0 0.437877 0.602671 0.031370 0.031317
0 0.369154 0.286604 0.029039 0.027619
0 0.581646 0.934750 0.040237 0.038964
0 0.692771 0.045773 0.026015 0.025415
0 0.858154 0.512453 0.027033 0.026377
0 0.748315 0.932886 0.047625 0.048990
0 0.348260 0.308750 0.033806 0.030972
0 0.350392 0.080028 0.031428 0.031557
0 0.561694 0.801711 0.025168 0.025554
0 0.670788 0.320608 0.027654 0.028040
0 0.382222 0.884457 0.031775 0.030853
0 0.564949 0.310462 0.055559 0.053329
0 0.643695 0.288268 0.033770 0.032636
0 0.664816 0.986158 0.040644 0.027683
0 0.599935 0.203299 0.034155 0.034563
0 0.767696 0.883721 0.039878 0.040429
0 0.519852 0.107911 0.040145 0.040682
0 0.293891 0.306857 0.080092 0.076461
0 0.866092 0.241593 0.027803 0.028295
0 0.973364 0.822627 0.024159 0.023868
0 0.782006 0.725580 0.053874 0.053238
0 0.068698 0.682402 0.026540 0.026021
0 0.240306 0.664581 0.033739 0.032954
0 0.783154 0.101673 0.027791 0.026502
0 0.539852 0.931697 0.028539 0.027385
0 0.053301 0.085992 0.045347 0.041231
0 0.697208 0.852962 0.029227 0.028335
0 0.737420 0.025785 0.029070 0.029665
0 0.275524 0.577366 0.541118 0.436894
0 0.521616 0.470014 0.023642 0.022836
0 0.031958 0.386679 0.026368 0.025657
0 0.675679 0.451743 0.032874 0.031317
0 0.727172 0.929454 0.087684 0.085461
0 0.605632 0.973508 0.053334 0.051503
0 0.567019 0.373459 0.039127 0.038349
0 0.334707 0.106191 0.039627 0.036679
0 0.966527 0.007377 0.046675 0.014753
0 0.512709 0.382907 0.040476 0.038121
0 0.486400 0.419240 0.061432 0.059823
0 0.386049 0.349792 0.038932 0.036034
0 0.032170 0.709080 0.063470 0.150519
0 0.855534 0.967008 0.027987 0.028009