0 0.300069 0.767262 0.074381 0.073953
0 0.190316 0.599670 0.042049 0.041088
0 0.976438 0.848486 0.036061 0.034483
0 0.048518 0.970395 0.034539 0.033776
0 0.582699 0.855846 0.041215 0.041394
0 0.973513 0.901727 0.052974 0.062175
0 0.390598 0.559240 0.033152 0.032776
0 0.454487 0.081028 0.036197 0.035514
0 0.014679 0.216223 0.029357 0.041965
0 0.221046 0.968425 0.041200 0.039584
0 0.230362 0.845235 0.045707 0.048228
0 0.171091 0.651618 0.038748 0.038460
0 0.447723 0.025137 0.045500 0.044386
0 0.164120 0.919219 0.049386 0.049343
0 0.388834 0.608661 0.027192 0.026885
0 0.063755 0.536922 0.051303 0.051208
0 0.194270 0.681736 0.036699 0.036895
0 0.339996 0.816790 0.045491 0.044727
0 0.588466 0.807877 0.048447 0.047027
0 0.488362 0.890882 0.046644 0.047030
0 0.312748 0.834949 0.032264 0.031596
0 0.588702 0.684502 0.028940 0.029027
0 0.514725 0.043112 0.027225 0.026284
0 0.133109 0.624595 0.055500 0.055238
0 0.670867 0.245795 0.023333 0.023270
0 0.578551 0.896480 0.030494 0.029768
0 0.016745 0.542046 0.031922 0.032772
0 0.029640 0.582028 0.042198 0.042969
0 0.350803 0.990156 0.035885 0.019687
0 0.259428 0.704737 0.062101 0.060007
0 0.012381 0.613626 0.024762 0.044171
0 0.626322 0.555712 0.024020 0.023426
0 0.217612 0.894450 0.052380 0.049488
0 0.396154 0.864144 0.100572 0.099724
0 0.330141 0.138030 0.023664 0.023802
0 0.419719 0.412906 0.025839 0.026044
0 0.161717 0.619446 0.030816 0.030718
0 0.253335 0.701050 0.049660 0.048497
0 0.407644 0.768539 0.036967 0.036088
0 0.738394 0.245286 0.023684 0.022246
0 0.257089 0.790478 0.026858 0.028592
0 0.076436 0.649300 0.059322 0.054871
0 0.387211 0.921125 0.034257 0.035000
0 0.261317 0.725362 0.047469 0.045084