0 0.536122 0.820889 0.108390 0.096340
0 0.211583 0.716985 0.048807 0.041631
0 0.306037 0.756452 0.040069 0.034153
0 0.715902 0.735959 0.029654 0.028654
0 0.736446 0.238737 0.067668 0.062251
0 0.570235 0.027127 0.036270 0.032393
0 0.178126 0.265797 0.178134 0.156036
0 0.539682 0.294163 0.065083 0.056030
0 0.089307 0.365253 0.093281 0.081433
0 0.321038 0.944260 0.147382 0.110009
0 0.890926 0.091528 0.086910 0.072381
0 0.044527 0.056127 0.027903 0.027013
0 0.448491 0.313464 0.116611 0.102163
0 0.970470 0.526159 0.026054 0.024136
0 0.601763 0.537474 0.276607 0.224547
0 0.730332 0.300883 0.116658 0.098938
0 0.376345 0.763506 0.029288 0.026224
0 0.178419 0.117459 0.063469 0.057044
0 0.396748 0.593498 0.042861 0.036047
0 0.643892 0.044220 0.098106 0.084154
0 0.343337 0.525637 0.068468 0.057326
0 0.865902 0.095808 0.066797 0.057966
0 0.772771 0.378043 0.073716 0.066000
0 0.120456 0.563084 0.095073 0.083086
0 0.778676 0.878617 0.027310 0.024795
0 0.914151 0.431081 0.084528 0.069145
0 0.449895 0.256048 0.152922 0.132673
0 0.603435 0.933532 0.037036 0.033124
0 0.325148 0.212528 0.121010 0.110311
0 0.575404 0.100213 0.048448 0.044161
0 0.655906 0.076137 0.071040 0.062450
0 0.798949 0.090683 0.047616 0.044482
0 0.613123 0.972045 0.045323 0.039662
0 0.473836 0.984238 0.066711 0.031525
0 0.734910 0.084549 0.092127 0.082494
0 0.885695 0.787582 0.082631 0.074465
0 0.438824 0.464263 0.046061 0.038889
0 0.150573 0.745396 0.095231 0.081079
0 0.919221 0.212799 0.072853 0.067404
0 0.426970 0.714296 0.067418 0.056050
0 0.791548 0.017974 0.051378 0.035703