0 0.209409 0.751645 0.080231 0.061362
0 0.223918 0.287438 0.043560 0.032476
0 0.264425 0.208441 0.052338 0.037818
0 0.172111 0.227519 0.057581 0.038898
0 0.844156 0.321811 0.059195 0.046952
0 0.305726 0.361264 0.043058 0.031181
0 0.304579 0.112286 0.040247 0.030214
0 0.040357 0.949622 0.034790 0.026878
0 0.608809 0.506381 0.033430 0.026291
0 0.581904 0.079386 0.040097 0.030878
0 0.372127 0.495952 0.033976 0.025532
0 0.838496 0.374389 0.045615 0.033681
0 0.840272 0.368993 0.049862 0.041684
0 0.813646 0.297740 0.041791 0.034621
0 0.076460 0.275803 0.032604 0.022817
0 0.721669 0.559662 0.029732 0.023551
0 0.765464 0.792559 0.027837 0.022920