0 0.159573 0.819117 0.086748 0.079792
0 0.653536 0.191247 0.049479 0.047913
0 0.304299 0.683169 0.048272 0.047625
0 0.514616 0.205309 0.038932 0.037184
0 0.302117 0.764161 0.039397 0.037313
0 0.188012 0.142238 0.053843 0.051838
0 0.263297 0.533901 0.035996 0.034101
0 0.314538 0.596693 0.046518 0.045271
0 0.264548 0.643527 0.039428 0.038470
0 0.437640 0.928769 0.031557 0.029816
0 0.263812 0.360668 0.039011 0.037783
0 0.394764 0.594530 0.030163 0.029156
0 0.157633 0.454841 0.028505 0.027904
0 0.691102 0.937702 0.031621 0.029496
0 0.613558 0.111834 0.031257 0.030192
0 0.266132 0.279715 0.044217 0.042290
0 0.376986 0.091198 0.039778 0.038719
0 0.748445 0.323728 0.027410 0.024532
0 0.517775 0.836483 0.030050 0.027724
0 0.570731 0.232029 0.027387 0.026825
0 0.702547 0.346813 0.027894 0.025050
0 0.345486 0.856283 0.027917 0.026743
0 0.875757 0.740498 0.025976 0.023772
0 0.731359 0.677584 0.023961 0.022663
0 0.145278 0.521269 0.027689 0.026521
0 0.393281 0.961871 0.025472 0.024236
0 0.135685 0.361357 0.027955 0.027169
0 0.086362 0.110926 0.172723 0.218956
0 0.300812 0.641183 0.038802 0.036336
0 0.177957 0.722388 0.029266 0.028549
0 0.252341 0.012388 0.067265 0.024499
0 0.303768 0.154608 0.028075 0.027224
0 0.018339 0.441820 0.026187 0.025050
0 0.742426 0.375889 0.024191 0.019838
0 0.595662 0.740263 0.032273 0.031448
0 0.990979 0.969894 0.018043 0.041978
0 0.223614 0.693950 0.076679 0.073483
0 0.236594 0.014167 0.102624 0.027951
0 0.193998 0.276378 0.027527 0.026248