0 0.767061 0.401013 0.242396 0.240979
0 0.362880 0.311446 0.135418 0.125463
0 0.920110 0.978364 0.047402 0.042192
0 0.657778 0.774522 0.184995 0.172126
0 0.361771 0.117022 0.045947 0.041387
0 0.760416 0.359314 0.057444 0.054198
0 0.074483 0.690229 0.044946 0.041610
0 0.452936 0.371676 0.046540 0.041610
0 0.811902 0.861042 0.043406 0.040194
0 0.353996 0.385530 0.036110 0.031761
0 0.029689 0.973220 0.034659 0.032419
0 0.148592 0.389584 0.034582 0.033291
0 0.561567 0.359511 0.039504 0.035157
0 0.515653 0.485002 0.039610 0.035809
0 0.472501 0.145142 0.031793 0.029779
0 0.141370 0.777274 0.036915 0.035267
0 0.047015 0.251576 0.094030 0.163163
0 0.050555 0.460021 0.035760 0.034258
0 0.111250 0.442093 0.032052 0.031930
0 0.476183 0.328375 0.032892 0.030233
0 0.499791 0.686188 0.061901 0.055907
0 0.239628 0.476607 0.038341 0.036401
0 0.697367 0.916632 0.066323 0.057915
0 0.512200 0.916484 0.325190 0.167032
0 0.158260 0.345224 0.040587 0.038184
0 0.771329 0.126158 0.029157 0.028484
0 0.893430 0.948766 0.032258 0.029559
0 0.479030 0.626192 0.045137 0.039314
0 0.176544 0.428527 0.030194 0.028858
0 0.712330 0.243753 0.028494 0.027063
0 0.088342 0.595196 0.168464 0.157360
0 0.448927 0.515752 0.029779 0.029364
0 0.888498 0.991538 0.035292 0.016923
0 0.462721 0.851748 0.091455 0.081324
0 0.508111 0.050406 0.129029 0.100465
0 0.560931 0.929002 0.231437 0.141996
0 0.842143 0.879074 0.037285 0.034748
0 0.256904 0.262871 0.032630 0.030278
0 0.517870 0.433468 0.111773 0.099900
0 0.734932 0.538939 0.027773 0.026995
0 0.990105 0.101814 0.019789 0.026763
0 0.362185 0.717391 0.078796 0.071858
0 0.805100 0.983579 0.085724 0.032721
0 0.158957 0.512299 0.311585 0.433837
0 0.548186 0.383555 0.028138 0.026537
0 0.781349 0.654502 0.264328 0.225121
0 0.406087 0.961427 0.116338 0.077014
0 0.272251 0.547313 0.084233 0.083867
0 0.418511 0.908075 0.120384 0.108642