0 0.094160 0.299920 0.035408 0.034110
0 0.082395 0.905729 0.034493 0.033664
0 0.707574 0.214807 0.062688 0.061791
0 0.012410 0.635188 0.024821 0.050108
0 0.246563 0.426886 0.035122 0.034714
0 0.831573 0.555545 0.122805 0.107774
0 0.225627 0.745880 0.034788 0.033208
0 0.051179 0.855442 0.028274 0.027149
0 0.370203 0.769648 0.033229 0.030933
0 0.688155 0.793372 0.135508 0.126899
0 0.473784 0.220511 0.048754 0.045597
0 0.757343 0.992134 0.031545 0.015733
0 0.471762 0.345124 0.334359 0.359009
0 0.015081 0.828843 0.026650 0.027047
0 0.619811 0.374073 0.027488 0.026323
0 0.992944 0.016929 0.013850 0.029403
0 0.635260 0.631439 0.074044 0.070726
0 0.018274 0.561806 0.030340 0.030507
0 0.101023 0.937129 0.027604 0.026810
0 0.952863 0.679162 0.090908 0.092223
0 0.849517 0.063006 0.057878 0.052745
0 0.028401 0.188776 0.055689 0.061292
0 0.071352 0.678115 0.026902 0.026598
0 0.595719 0.524751 0.081667 0.079738
0 0.837392 0.098062 0.140811 0.135753
0 0.534044 0.737308 0.209219 0.183231
0 0.432757 0.320605 0.422756 0.398093