0 0.891057 0.145246 0.207718 0.238890
0 0.585573 0.412856 0.045522 0.045286
0 0.897952 0.439110 0.046595 0.045959
0 0.705673 0.481792 0.055006 0.052925
0 0.932973 0.354300 0.063320 0.064261
0 0.499524 0.258706 0.051508 0.050388
0 0.391806 0.616152 0.245841 0.240869
0 0.864852 0.686419 0.033035 0.032569
0 0.237912 0.315923 0.038853 0.038071
0 0.313112 0.083461 0.075746 0.073751
0 0.822569 0.714773 0.033606 0.033059
0 0.269910 0.537248 0.067186 0.066452
0 0.879052 0.489788 0.033690 0.033382
0 0.384785 0.841102 0.343922 0.317288
0 0.324407 0.838842 0.043008 0.042034
0 0.502128 0.478814 0.039100 0.038114
0 0.081352 0.177482 0.054430 0.051918
0 0.782158 0.423428 0.033621 0.032077
0 0.713745 0.088017 0.058279 0.056577
0 0.848470 0.418161 0.033968 0.033633
0 0.078002 0.923770 0.033434 0.032457
0 0.888675 0.584060 0.028532 0.028539
0 0.323747 0.731763 0.108020 0.101387
0 0.852465 0.038738 0.234581 0.075986
0 0.427344 0.714225 0.050143 0.046844
0 0.771179 0.530105 0.048101 0.047816
0 0.774412 0.273767 0.112457 0.108386
0 0.263833 0.438901 0.095776 0.095711
0 0.241877 0.146684 0.034691 0.034005
0 0.683389 0.633348 0.086379 0.086581
0 0.521867 0.294720 0.033043 0.031923
0 0.474785 0.129164 0.030424 0.029980
0 0.414224 0.058941 0.035422 0.034909
0 0.980004 0.551076 0.037771 0.039191
0 0.149876 0.146980 0.103056 0.099412
0 0.052119 0.070493 0.104238 0.134957
0 0.741760 0.841119 0.028678 0.027713
0 0.835612 0.642481 0.028449 0.027690
0 0.670024 0.204179 0.038748 0.036481
0 0.500332 0.638383 0.030262 0.030144
0 0.130530 0.703692 0.056458 0.055646
0 0.885783 0.083702 0.030111 0.029998
0 0.015276 0.226011 0.028833 0.029203
0 0.957527 0.985370 0.040030 0.029261
0 0.589221 0.362353 0.028939 0.028592
0 0.570058 0.149844 0.030809 0.029989
0 0.548764 0.312704 0.036675 0.035145
0 0.655523 0.726145 0.043128 0.041942
0 0.820948 0.378282 0.029974 0.028597
0 0.922992 0.279970 0.056177 0.055440
0 0.589648 0.219948 0.028061 0.027966
0 0.057916 0.108295 0.109294 0.104474
0 0.762560 0.286289 0.131217 0.125118
0 0.387566 0.471461 0.081231 0.076939
0 0.084603 0.013687 0.080411 0.027293
0 0.548083 0.161171 0.027683 0.025933
0 0.596249 0.095039 0.066031 0.062576
0 0.519117 0.977488 0.067879 0.044529
0 0.448935 0.496402 0.044884 0.042727
0 0.667103 0.075609 0.029608 0.028256
0 0.309951 0.011981 0.080526 0.023962
0 0.928558 0.849331 0.053458 0.052994
0 0.489571 0.515938 0.034146 0.032393
0 0.663702 0.118197 0.067994 0.067482
0 0.006457 0.477365 0.012885 0.047540
0 0.383060 0.867383 0.025915 0.026068
0 0.912938 0.388930 0.027849 0.027409
0 0.004859 0.878526 0.009546 0.033536
0 0.350735 0.027217 0.036148 0.035809
0 0.739085 0.317313 0.123714 0.113616
0 0.492519 0.522548 0.045240 0.044964
0 0.657508 0.276709 0.083610 0.082549