0 0.330292 0.153288 0.220058 0.200260
0 0.720368 0.226241 0.062006 0.058761
0 0.105785 0.129397 0.211570 0.257128
0 0.305763 0.542809 0.138569 0.130833
0 0.132092 0.859675 0.050461 0.044722
0 0.535155 0.795825 0.078727 0.069407
0 0.814408 0.767814 0.091919 0.081235
0 0.122668 0.385840 0.083541 0.076740
0 0.654023 0.708537 0.055474 0.048460
0 0.468067 0.238059 0.040245 0.037757
0 0.777276 0.507152 0.047342 0.041112
0 0.350853 0.945994 0.187829 0.108012
0 0.746122 0.615267 0.055021 0.047190
0 0.462479 0.422883 0.036064 0.032676
0 0.615833 0.835205 0.065933 0.060017
0 0.766397 0.434210 0.037376 0.034695
0 0.561613 0.865589 0.081033 0.072383
0 0.905441 0.518643 0.061961 0.057702
0 0.801141 0.978151 0.074842 0.043699
0 0.622462 0.392265 0.049416 0.045672
0 0.890874 0.950049 0.058090 0.048155
0 0.685077 0.653219 0.079788 0.070635
0 0.203526 0.762875 0.403349 0.412186
0 0.011992 0.339711 0.023983 0.056838
0 0.527479 0.450312 0.044860 0.040670
0 0.678243 0.561433 0.051912 0.046077
0 0.349292 0.036774 0.026735 0.025528
0 0.807783 0.189900 0.044283 0.042160
0 0.803729 0.134255 0.033460 0.031593
0 0.022056 0.441369 0.044112 0.075767
0 0.720925 0.943353 0.056505 0.049402
0 0.890794 0.856046 0.033043 0.027915
0 0.987923 0.424510 0.023951 0.037574
0 0.672715 0.937872 0.057953 0.050356
0 0.952201 0.568113 0.092857 0.082678
0 0.925890 0.818353 0.066703 0.052878
0 0.317043 0.378683 0.123289 0.110193
0 0.972634 0.809691 0.041204 0.037784
0 0.488453 0.604720 0.029120 0.027546
0 0.479538 0.919132 0.100568 0.084131
0 0.700877 0.489167 0.053516 0.045417
0 0.746572 0.926965 0.109633 0.094683
0 0.494628 0.114328 0.030196 0.028390
0 0.427710 0.646325 0.044786 0.039618
0 0.763247 0.246872 0.036490 0.033768
0 0.589902 0.269024 0.041457 0.038062
0 0.325815 0.026985 0.039232 0.036106
0 0.669907 0.944561 0.053662 0.045194
0 0.743028 0.395948 0.023724 0.023631
0 0.586221 0.366714 0.034547 0.033018
0 0.682015 0.878504 0.090022 0.072868
0 0.252346 0.338861 0.028074 0.026808
0 0.632362 0.558005 0.032629 0.028650
0 0.620165 0.915718 0.048638 0.040414
0 0.437345 0.489152 0.034634 0.031604
0 0.954856 0.459410 0.090065 0.091738