0 0.517796 0.801990 0.302660 0.241485
0 0.816910 0.801472 0.084972 0.064988
0 0.696998 0.612350 0.057232 0.045591
0 0.399965 0.019555 0.046768 0.037679
0 0.824654 0.518409 0.040458 0.031961
0 0.612417 0.121091 0.054163 0.045565
0 0.493706 0.493723 0.046876 0.037955
0 0.820461 0.654706 0.085302 0.071943
0 0.035529 0.910172 0.037091 0.031689
0 0.346873 0.565352 0.046624 0.036914
0 0.736058 0.446012 0.108882 0.088081
0 0.536295 0.194653 0.172607 0.164185
0 0.403081 0.979651 0.050374 0.038996
0 0.100119 0.964999 0.042134 0.035886
0 0.937792 0.045610 0.031670 0.029688
0 0.498746 0.052700 0.033197 0.030271
0 0.416275 0.671882 0.050188 0.038886
0 0.967781 0.944794 0.055759 0.047811
0 0.715758 0.332871 0.036019 0.030105
0 0.360045 0.159316 0.130021 0.112969
0 0.877668 0.814110 0.037607 0.032645
0 0.588838 0.177179 0.078453 0.073192
0 0.307856 0.976416 0.148619 0.047167
0 0.455375 0.441850 0.040681 0.034197
0 0.316069 0.374167 0.067321 0.053188
0 0.687444 0.211811 0.031513 0.029754
0 0.108593 0.328395 0.044197 0.037539
0 0.035774 0.662615 0.032164 0.027240
0 0.551400 0.382486 0.147270 0.126446
0 0.179391 0.129590 0.358782 0.256322
0 0.367043 0.292500 0.129416 0.106349
0 0.992588 0.708122 0.014731 0.032993
0 0.785527 0.619721 0.033475 0.027700
0 0.735763 0.648773 0.037333 0.032569
0 0.912464 0.964634 0.086564 0.065316
0 0.326847 0.197552 0.097399 0.089167
0 0.436573 0.990594 0.064167 0.018791