0 0.059264 0.596377 0.061771 0.061666
0 0.086104 0.478882 0.112319 0.109084
0 0.549415 0.959694 0.051785 0.049702
0 0.814234 0.932472 0.048166 0.049655
0 0.525491 0.687225 0.057741 0.056962
0 0.539643 0.024823 0.041568 0.039559
0 0.071068 0.722963 0.101681 0.101089
0 0.404177 0.425423 0.050023 0.049330
0 0.219643 0.286418 0.051150 0.050640
0 0.022582 0.860389 0.043855 0.046916
0 0.156348 0.626361 0.040254 0.039119
0 0.039903 0.675013 0.031694 0.031706
0 0.430755 0.699860 0.069164 0.067155
0 0.133185 0.984331 0.042921 0.031339
0 0.615332 0.266015 0.037434 0.038035
0 0.394021 0.620471 0.041551 0.040797
0 0.183049 0.965461 0.030742 0.029806
0 0.342717 0.882512 0.085784 0.082077
0 0.883956 0.898715 0.036029 0.035688
0 0.416751 0.955001 0.047907 0.046855
0 0.702573 0.942968 0.037497 0.037418
0 0.188410 0.916699 0.063088 0.061830
0 0.526444 0.067428 0.042509 0.042430
0 0.439759 0.068159 0.056762 0.056329
0 0.019222 0.515328 0.033472 0.032666
0 0.666141 0.527636 0.032416 0.031405
0 0.225645 0.750750 0.033494 0.032770
0 0.115795 0.622190 0.040115 0.038155
0 0.022655 0.772899 0.045311 0.076452
0 0.544953 0.144069 0.054304 0.053410
0 0.043240 0.955341 0.034610 0.035671
0 0.501748 0.637440 0.066386 0.068744
0 0.545776 0.106106 0.042337 0.039428
0 0.390389 0.026387 0.032877 0.032540
0 0.384533 0.391552 0.037225 0.037045
0 0.549219 0.983349 0.093138 0.032992
0 0.306223 0.097050 0.030900 0.031124
0 0.603091 0.521506 0.037301 0.037777
0 0.117563 0.011723 0.045896 0.023445
0 0.294391 0.983041 0.026116 0.025952
0 0.319465 0.943153 0.045534 0.047472
0 0.332072 0.883701 0.067975 0.065925
0 0.355233 0.873625 0.062454 0.064047
0 0.985433 0.216462 0.022852 0.022034
0 0.586594 0.086772 0.039798 0.040684
0 0.241965 0.778644 0.027677 0.027763
0 0.269319 0.926640 0.069014 0.071967
0 0.123107 0.791949 0.096537 0.094596
0 0.027722 0.549209 0.055444 0.077608
0 0.111813 0.527327 0.032335 0.031397
0 0.886730 0.179671 0.027448 0.027829
0 0.571598 0.252585 0.043227 0.041629
0 0.963365 0.118278 0.022534 0.021802
0 0.620098 0.853605 0.040820 0.040665
0 0.020010 0.333890 0.031669 0.031046
0 0.557851 0.984177 0.065204 0.031646
0 0.116217 0.016099 0.050600 0.032197
0 0.339558 0.913188 0.032757 0.030474
0 0.566840 0.984916 0.048325 0.030169
0 0.050306 0.982725 0.025532 0.025343
0 0.373229 0.101996 0.034095 0.033725
0 0.811246 0.973234 0.339501 0.052380
0 0.722285 0.963544 0.032175 0.031969
0 0.226789 0.985446 0.023115 0.023982
0 0.363813 0.889352 0.031704 0.028767
0 0.360768 0.874615 0.049406 0.053472
0 0.281209 0.876831 0.025536 0.025280
0 0.449660 0.258004 0.034657 0.037631
0 0.804124 0.127383 0.020036 0.020062
0 0.660365 0.100590 0.023750 0.023340