0 0.494650 0.863066 0.282295 0.265029
0 0.523012 0.298141 0.033661 0.033276
0 0.156953 0.531240 0.044008 0.042928
0 0.365914 0.338949 0.060333 0.060051
0 0.931564 0.771880 0.046444 0.045259
0 0.888782 0.689229 0.044223 0.043786
0 0.591164 0.355240 0.046701 0.046540
0 0.483571 0.601672 0.088455 0.086052
0 0.066462 0.529880 0.132924 0.178605
0 0.381096 0.417270 0.075840 0.074882
0 0.067836 0.014067 0.040987 0.028066
0 0.568385 0.197372 0.028082 0.027860
0 0.266873 0.617250 0.046979 0.045263
0 0.295362 0.391700 0.041408 0.040555
0 0.588435 0.489876 0.033099 0.033476
0 0.537449 0.658842 0.063619 0.060865
0 0.320445 0.878090 0.083647 0.081414
0 0.323464 0.156339 0.094976 0.092067
0 0.034841 0.313934 0.069159 0.116280
0 0.718536 0.965424 0.037852 0.037777
0 0.215526 0.983983 0.029327 0.027738
0 0.185877 0.808928 0.031004 0.029213
0 0.022813 0.176172 0.028927 0.028474
0 0.111054 0.056904 0.033447 0.032571
0 0.107963 0.401845 0.035183 0.033536
0 0.062104 0.324742 0.044559 0.045303
0 0.052443 0.247684 0.029671 0.030205
0 0.040896 0.467799 0.073955 0.072447
0 0.969222 0.683209 0.027552 0.026875
0 0.254920 0.505759 0.030447 0.030035
0 0.435130 0.630376 0.048399 0.045465
0 0.267453 0.135598 0.029565 0.028773
0 0.820197 0.456532 0.046345 0.046815
0 0.109719 0.446438 0.027922 0.027629
0 0.681673 0.979677 0.050282 0.039668
0 0.425366 0.698412 0.031417 0.030246
0 0.742985 0.626836 0.035200 0.033982
0 0.022018 0.347153 0.043620 0.053510
0 0.961829 0.424892 0.026909 0.027292
0 0.431003 0.627500 0.040988 0.036945
0 0.697556 0.274811 0.604889 0.549622
0 0.918812 0.453194 0.026076 0.024913
0 0.439990 0.988638 0.032812 0.022261
0 0.965564 0.610299 0.027242 0.027282
0 0.177100 0.839841 0.104422 0.097196
0 0.727760 0.925822 0.034190 0.032687
0 0.927611 0.650523 0.025440 0.025223
0 0.666177 0.987625 0.068571 0.024127
0 0.445714 0.265673 0.022849 0.022712
0 0.121095 0.208365 0.027957 0.031104
0 0.120785 0.682592 0.026167 0.025722
0 0.081808 0.836707 0.034650 0.031119
0 0.713993 0.842419 0.031643 0.031623
0 0.919478 0.483283 0.037431 0.037108
0 0.834755 0.240654 0.027194 0.026945