0 0.265348 0.392551 0.082706 0.081227
0 0.737726 0.420867 0.058982 0.059444
0 0.180598 0.191152 0.041654 0.040638
0 0.765432 0.471604 0.048581 0.045903
0 0.776016 0.744176 0.041814 0.040713
0 0.547953 0.473427 0.047966 0.047280
0 0.228553 0.927892 0.035411 0.033874
0 0.647834 0.604110 0.047410 0.046842
0 0.598844 0.301254 0.036145 0.034996
0 0.774896 0.626653 0.037650 0.037315
0 0.759041 0.544149 0.035007 0.032961
0 0.978377 0.636481 0.043237 0.069476
0 0.454076 0.942559 0.035707 0.034820
0 0.045154 0.171965 0.044138 0.041890
0 0.815935 0.181361 0.368131 0.357903
0 0.713375 0.598096 0.034127 0.033001
0 0.128262 0.486540 0.059157 0.055540
0 0.580287 0.008423 0.027270 0.016845
0 0.607034 0.954283 0.106863 0.091433
0 0.064241 0.223842 0.038819 0.037778
0 0.742364 0.768487 0.031215 0.030020
0 0.206595 0.870506 0.049228 0.046873
0 0.250326 0.869109 0.024966 0.023478
0 0.459175 0.769631 0.027422 0.026849
0 0.243234 0.155068 0.028882 0.028362
0 0.325511 0.858373 0.027631 0.027105
0 0.259338 0.555472 0.028582 0.028911
0 0.066942 0.661758 0.029530 0.027950
0 0.186949 0.248088 0.027840 0.027483
0 0.358140 0.233071 0.026485 0.025738
0 0.703529 0.550739 0.038373 0.035624
0 0.253621 0.897112 0.055689 0.050679
0 0.609281 0.447929 0.037070 0.036062
0 0.938854 0.589761 0.087790 0.085480
0 0.062644 0.938246 0.028859 0.028803
0 0.235631 0.903213 0.029594 0.029304
0 0.367152 0.213805 0.025219 0.024085
0 0.258655 0.894613 0.043895 0.041418
0 0.340079 0.072004 0.360479 0.142294
0 0.813346 0.009098 0.035983 0.018197
0 0.771257 0.967260 0.031147 0.031176
0 0.804174 0.473167 0.033903 0.028896
0 0.803398 0.477766 0.039962 0.038016
0 0.803107 0.487424 0.049346 0.052756
0 0.361027 0.896348 0.060204 0.059636
0 0.051060 0.201932 0.029435 0.029324
0 0.297729 0.340316 0.034422 0.034191
0 0.277354 0.076525 0.485679 0.150173