0 0.349688 0.815205 0.266917 0.234093
0 0.426298 0.112610 0.056129 0.043970
0 0.884666 0.228926 0.055005 0.046548
0 0.754662 0.813188 0.044358 0.035079
0 0.848623 0.706546 0.048160 0.041592
0 0.175503 0.964069 0.043502 0.038317
0 0.535442 0.331610 0.046626 0.036683
0 0.916940 0.784285 0.038827 0.034081
0 0.816944 0.754626 0.047602 0.039010
0 0.780848 0.614115 0.035150 0.030498
0 0.788466 0.967176 0.106123 0.065049
0 0.149672 0.063569 0.044935 0.040637
0 0.291827 0.276932 0.032486 0.027563
0 0.036274 0.772676 0.028726 0.027430
0 0.778575 0.967006 0.079869 0.060362
0 0.006164 0.919574 0.012328 0.031611
0 0.866443 0.756237 0.040136 0.034963
0 0.895618 0.010913 0.057291 0.021729
0 0.815617 0.848309 0.033876 0.029843
0 0.249516 0.021319 0.109224 0.042638
0 0.420571 0.226717 0.056021 0.045546
0 0.491983 0.662495 0.130594 0.118829
0 0.165105 0.214295 0.028603 0.025368
0 0.364430 0.010412 0.075202 0.020752
0 0.176147 0.024120 0.054300 0.045300