0 0.104322 0.686337 0.077440 0.070569
0 0.323202 0.589049 0.069490 0.062062
0 0.909155 0.948526 0.043979 0.040956
0 0.138753 0.461797 0.047502 0.042661
0 0.766568 0.797628 0.049378 0.045168
0 0.432999 0.827098 0.035707 0.034074
0 0.108895 0.214541 0.037541 0.035160
0 0.746256 0.845534 0.046184 0.042062
0 0.150537 0.255696 0.035307 0.032082
0 0.032400 0.328695 0.036808 0.034511
0 0.048400 0.712019 0.031497 0.027825
0 0.296480 0.679975 0.030973 0.028429
0 0.018651 0.366907 0.030684 0.028333
0 0.053084 0.414429 0.029573 0.028460
0 0.017109 0.010257 0.030488 0.020514
0 0.087626 0.974634 0.042307 0.037482
0 0.513630 0.810682 0.075035 0.068619
0 0.891974 0.907505 0.216053 0.183292
0 0.564678 0.101480 0.024957 0.023927
0 0.474127 0.012523 0.035472 0.024893
0 0.865093 0.712519 0.026054 0.023572
0 0.190495 0.874889 0.025977 0.024431
0 0.319387 0.712806 0.029115 0.027117
0 0.609660 0.914747 0.030660 0.029511
0 0.861574 0.258281 0.025047 0.023802
0 0.265040 0.742687 0.031120 0.030184
0 0.529226 0.705213 0.071761 0.064470
0 0.612796 0.743907 0.024474 0.023520
0 0.963370 0.179078 0.021768 0.020873
0 0.515328 0.985453 0.083386 0.029094
0 0.526927 0.553852 0.063902 0.058737
0 0.212332 0.415254 0.068863 0.064900