0 0.511813 0.111952 0.074824 0.054803
0 0.849912 0.288969 0.041345 0.033512
0 0.901573 0.740428 0.057446 0.046807
0 0.466372 0.314247 0.041797 0.033601
0 0.264401 0.027363 0.145948 0.054726
0 0.920511 0.788912 0.046011 0.039057
0 0.297359 0.828535 0.033893 0.027694
0 0.717225 0.522472 0.068816 0.058673
0 0.057707 0.749635 0.037318 0.029930
0 0.673755 0.264733 0.033921 0.025876
0 0.080726 0.888304 0.031967 0.025106
0 0.643942 0.919168 0.031241 0.025383
0 0.973238 0.109959 0.029785 0.024088
0 0.455981 0.687728 0.043892 0.034040
0 0.475061 0.193885 0.033462 0.025979
0 0.352652 0.209037 0.029133 0.023058
0 0.339621 0.824962 0.029209 0.023939
0 0.482702 0.150077 0.029614 0.025511
0 0.803347 0.681225 0.028299 0.022120