0 0.648387 0.211039 0.032456 0.031184
0 0.656941 0.153593 0.041962 0.040011
0 0.248742 0.295605 0.031555 0.030585
0 0.865163 0.572678 0.034550 0.032323
0 0.838092 0.551321 0.033115 0.031615
0 0.685528 0.087913 0.029386 0.027657
0 0.159773 0.768181 0.039859 0.037398
0 0.280559 0.259114 0.031338 0.030732
0 0.349774 0.045893 0.028099 0.026618
0 0.146752 0.075463 0.034421 0.031338
0 0.248063 0.215955 0.026402 0.025077
0 0.113148 0.743968 0.030049 0.030720
0 0.627466 0.625433 0.025384 0.024753
0 0.044002 0.059877 0.025667 0.025059
0 0.690623 0.797404 0.026422 0.025378
0 0.118832 0.515370 0.026720 0.026249