0 0.957216 0.121286 0.085517 0.085130
0 0.315432 0.945030 0.067196 0.058498
0 0.060679 0.100888 0.035061 0.035235
0 0.046619 0.017736 0.039648 0.035087
0 0.319918 0.377255 0.053310 0.048560
0 0.034695 0.425396 0.036617 0.036525
0 0.339113 0.903056 0.047321 0.041949
0 0.298748 0.542085 0.044036 0.041447
0 0.891722 0.807055 0.091508 0.082828
0 0.506936 0.755006 0.390270 0.322795
0 0.843090 0.206475 0.031392 0.030110
0 0.098287 0.681633 0.047303 0.041352
0 0.207041 0.381506 0.034338 0.032584
0 0.160235 0.440951 0.038247 0.036401
0 0.365152 0.399778 0.040839 0.037776
0 0.226559 0.514349 0.052733 0.051914
0 0.119580 0.534054 0.041425 0.037994
0 0.941647 0.988553 0.068263 0.022580
0 0.329610 0.455905 0.032032 0.031114
0 0.499770 0.236525 0.457726 0.395045
0 0.730782 0.592328 0.057751 0.055661
0 0.822038 0.721460 0.053848 0.051010
0 0.867339 0.772687 0.084683 0.079585
0 0.492171 0.049887 0.321689 0.099774
0 0.112810 0.560991 0.033435 0.031157
0 0.066634 0.263622 0.022698 0.022074
0 0.093908 0.860457 0.187489 0.279086
0 0.043630 0.181612 0.034118 0.034114
0 0.011577 0.438863 0.023154 0.031505
0 0.095343 0.728438 0.065787 0.058332
0 0.119866 0.221610 0.024820 0.024148
0 0.771096 0.162280 0.037585 0.037354
0 0.181341 0.184162 0.132431 0.120174
0 0.640331 0.398240 0.028078 0.027174
0 0.969023 0.955795 0.036976 0.036194
0 0.764597 0.804923 0.141314 0.139959
0 0.317459 0.612533 0.028090 0.026616
0 0.210769 0.339262 0.167219 0.161611
0 0.196454 0.647661 0.164858 0.153438
0 0.661520 0.887701 0.083601 0.078580
0 0.118022 0.400703 0.025797 0.025563
0 0.868003 0.714561 0.044186 0.040403
0 0.127131 0.775070 0.111072 0.103385
0 0.889933 0.340537 0.026687 0.026252
0 0.393214 0.982761 0.035344 0.031452
0 0.125423 0.377946 0.025424 0.025982
0 0.865337 0.679962 0.049059 0.043305
0 0.983575 0.741926 0.032850 0.109312
0 0.432937 0.301685 0.036043 0.033033
0 0.459880 0.041690 0.283148 0.083380
0 0.979885 0.839450 0.040230 0.066987
0 0.102092 0.201211 0.024075 0.023010