0 0.340402 0.978127 0.066557 0.043746
0 0.784192 0.554892 0.175896 0.136926
0 0.294679 0.498817 0.114728 0.084566
0 0.077338 0.846475 0.097011 0.072647
0 0.424231 0.042817 0.078784 0.056924
0 0.859254 0.813453 0.272770 0.227097
0 0.802141 0.960495 0.109827 0.078987
0 0.071080 0.490465 0.138661 0.117461
0 0.387712 0.105492 0.046808 0.035855
0 0.697434 0.070016 0.047936 0.034694
0 0.202090 0.569789 0.052586 0.038412
0 0.082702 0.227985 0.165404 0.273428
0 0.216632 0.651251 0.166667 0.134707
0 0.482769 0.445947 0.503084 0.328013
0 0.774170 0.351805 0.058201 0.045418
0 0.921147 0.650219 0.127752 0.097271
0 0.697157 0.605287 0.054097 0.041054
0 0.020836 0.539093 0.041658 0.081165
0 0.456206 0.966792 0.039539 0.031647
0 0.380423 0.445507 0.041527 0.032894
0 0.347553 0.060470 0.063659 0.047503
0 0.147704 0.930165 0.049855 0.037398
0 0.320166 0.022483 0.052821 0.041309
0 0.756796 0.644295 0.037798 0.029050
0 0.942323 0.494934 0.043016 0.034530
0 0.783248 0.436026 0.058462 0.040559
0 0.782183 0.470649 0.070674 0.050019
0 0.104077 0.099385 0.063679 0.050291
0 0.168302 0.257186 0.042919 0.032679
0 0.612823 0.261683 0.055498 0.041134
0 0.047555 0.008660 0.051608 0.017262
0 0.782575 0.462701 0.082176 0.060728
0 0.337002 0.100679 0.050372 0.037462
0 0.817989 0.302914 0.062491 0.047391
0 0.392269 0.188135 0.073469 0.058336
0 0.920491 0.967325 0.037426 0.030358
0 0.153467 0.762118 0.070813 0.051526
0 0.060189 0.399313 0.068166 0.052092
0 0.395421 0.446596 0.567791 0.316057
0 0.204564 0.727493 0.033664 0.026594
0 0.349988 0.238995 0.073830 0.054220
0 0.082554 0.803819 0.056582 0.042445
0 0.873043 0.700704 0.047659 0.032384
0 0.157718 0.763979 0.058771 0.040087
0 0.057045 0.044248 0.086170 0.071405
0 0.792946 0.913808 0.066990 0.054762
0 0.662756 0.374456 0.040968 0.032184
0 0.857038 0.155054 0.068814 0.047049
0 0.398773 0.552894 0.124609 0.093242
0 0.945981 0.937940 0.060496 0.050876
0 0.325215 0.114361 0.043458 0.029663
0 0.667873 0.920980 0.120014 0.080058
0 0.768396 0.393192 0.052672 0.039110
0 0.936929 0.524289 0.031942 0.025643
0 0.709947 0.137434 0.029393 0.025362
0 0.294892 0.749346 0.037461 0.026332
0 0.247257 0.324182 0.057327 0.041667
0 0.345505 0.233234 0.089861 0.065661
0 0.051079 0.594398 0.102056 0.085402
0 0.914158 0.233951 0.171684 0.143812
0 0.153057 0.927754 0.063713 0.042577