0 0.445389 0.469592 0.057871 0.046512
0 0.320919 0.648666 0.170407 0.137830
0 0.903681 0.111089 0.045017 0.034981
0 0.342062 0.489202 0.071485 0.053034
0 0.318929 0.533076 0.035309 0.026704
0 0.197149 0.873790 0.079675 0.072541
0 0.223807 0.832324 0.048515 0.040610
0 0.455796 0.398111 0.107763 0.088614
0 0.115030 0.478693 0.053091 0.045138
0 0.582309 0.653240 0.054906 0.040914
0 0.647603 0.443834 0.035936 0.029498
0 0.412822 0.058028 0.046079 0.036835
0 0.456616 0.986999 0.039149 0.025785
0 0.672400 0.906129 0.075098 0.064318
0 0.957938 0.150249 0.032521 0.027041
0 0.310267 0.929060 0.042502 0.034422
0 0.711465 0.007821 0.033941 0.015641
0 0.525074 0.822940 0.077763 0.066294
0 0.574510 0.598693 0.054734 0.042095
0 0.712742 0.977708 0.125158 0.044583
0 0.854342 0.280456 0.032200 0.024658
0 0.548467 0.572580 0.031438 0.025863
0 0.617380 0.969904 0.084978 0.060191
0 0.380048 0.538415 0.083272 0.066929
0 0.359893 0.752158 0.098279 0.079661
0 0.945733 0.943797 0.108530 0.108694
0 0.503095 0.988641 0.051769 0.022719
0 0.826131 0.399317 0.043480 0.038153
0 0.145849 0.616391 0.180572 0.143365