0 0.924655 0.387012 0.085153 0.082465
0 0.788673 0.697836 0.078541 0.078620
0 0.795516 0.041790 0.046271 0.046856
0 0.784581 0.338810 0.043062 0.043711
0 0.760563 0.446883 0.041954 0.041575
0 0.970413 0.268754 0.051884 0.050520
0 0.031584 0.141751 0.055333 0.055664
0 0.069108 0.204014 0.091589 0.090451
0 0.178585 0.651925 0.037958 0.037515
0 0.895708 0.663324 0.049436 0.048465
0 0.085468 0.554938 0.047031 0.045848
0 0.226064 0.298099 0.032880 0.032510
0 0.835466 0.964208 0.035615 0.035175
0 0.347504 0.546247 0.038609 0.038543
0 0.523837 0.856366 0.046834 0.045348
0 0.949368 0.071778 0.046989 0.046158
0 0.858186 0.472946 0.030403 0.030578
0 0.401442 0.645511 0.037440 0.036661
0 0.625107 0.241873 0.233422 0.221154
0 0.968127 0.643332 0.063232 0.145718
0 0.183943 0.433922 0.042882 0.043230
0 0.165213 0.708260 0.033020 0.032033
0 0.766395 0.298806 0.032835 0.031629
0 0.044870 0.698244 0.032496 0.031677
0 0.082551 0.613840 0.031144 0.031138
0 0.316510 0.477910 0.036533 0.036266
0 0.618662 0.805966 0.073769 0.073818
0 0.036996 0.793871 0.033017 0.032791
0 0.037634 0.516789 0.033557 0.033335
0 0.159379 0.318687 0.037901 0.037190
0 0.146476 0.586003 0.039647 0.039089
0 0.548680 0.616444 0.295343 0.301773
0 0.764928 0.776675 0.035789 0.035075
0 0.164750 0.054532 0.034047 0.033279
0 0.514367 0.161914 0.065362 0.064327
0 0.173386 0.239857 0.039699 0.039618
0 0.700936 0.578994 0.034722 0.034587
0 0.876997 0.515080 0.030473 0.029813
0 0.097047 0.235665 0.029140 0.028909
0 0.190333 0.030955 0.043971 0.042954
0 0.848397 0.669893 0.027768 0.028058
0 0.104543 0.530757 0.030847 0.030308
0 0.549970 0.121932 0.069605 0.069860
0 0.091149 0.790853 0.053585 0.053684
0 0.088201 0.150817 0.048509 0.047409
0 0.520126 0.890501 0.033316 0.032777
0 0.689126 0.293243 0.052849 0.051791
0 0.681219 0.559604 0.028688 0.027931
0 0.488708 0.562746 0.028071 0.027799
0 0.179216 0.187838 0.029428 0.028486
0 0.146110 0.014640 0.069979 0.029280
0 0.250241 0.554134 0.029480 0.030498
0 0.310021 0.451511 0.042794 0.041786
0 0.007417 0.029976 0.014834 0.045930
0 0.131569 0.127407 0.041974 0.042064
0 0.658422 0.018113 0.050532 0.035965
0 0.678167 0.067807 0.066432 0.067934
0 0.576575 0.987081 0.036293 0.025838
0 0.913318 0.263602 0.030258 0.030201
0 0.945422 0.770221 0.025407 0.025387
0 0.330432 0.581391 0.041496 0.040464
0 0.175068 0.282366 0.029093 0.029817
0 0.100755 0.102650 0.028981 0.028761
0 0.368004 0.684937 0.027226 0.026157
0 0.381928 0.610244 0.042607 0.043508
0 0.875396 0.551586 0.054868 0.057551
0 0.080920 0.290502 0.048233 0.047590
0 0.910159 0.093208 0.037240 0.036090
0 0.147225 0.162830 0.030379 0.029743
0 0.224426 0.156944 0.026996 0.027119
0 0.060751 0.328067 0.056719 0.054940
0 0.186609 0.725844 0.027997 0.026860
0 0.088142 0.144658 0.060746 0.057581
0 0.463538 0.301908 0.027163 0.027270
0 0.218306 0.012221 0.040396 0.024441
0 0.924386 0.022571 0.031542 0.031659
0 0.243404 0.981845 0.070286 0.036311
0 0.393382 0.443600 0.074256 0.075710
0 0.648047 0.322855 0.022822 0.022942
0 0.857120 0.701356 0.066129 0.066204
0 0.637116 0.601861 0.041347 0.040592
0 0.716520 0.993082 0.032955 0.013835
0 0.212706 0.406676 0.030122 0.030406
0 0.877663 0.334366 0.027330 0.027356
0 0.029361 0.583486 0.058723 0.064798
0 0.357545 0.656412 0.026054 0.026821
0 0.789635 0.217657 0.025510 0.025065
0 0.378550 0.603598 0.054874 0.055131
0 0.297151 0.027817 0.027915 0.028092
0 0.920300 0.491177 0.112527 0.112569
0 0.749904 0.120996 0.113202 0.110235
0 0.045538 0.917814 0.091075 0.162199
0 0.581609 0.184226 0.072684 0.073395
0 0.045539 0.030968 0.029595 0.027995
0 0.824333 0.329243 0.050553 0.049643
0 0.077915 0.302574 0.067733 0.070234
0 0.016787 0.055893 0.027093 0.027135