0 0.829293 0.642503 0.173590 0.163255
0 0.373704 0.492979 0.425467 0.414175
0 0.030432 0.889192 0.041948 0.040745
0 0.153732 0.529496 0.307463 0.360864
0 0.586276 0.894847 0.064689 0.060684
0 0.076724 0.771575 0.029883 0.028747
0 0.336644 0.939654 0.033354 0.030603
0 0.894772 0.669199 0.038139 0.037183
0 0.589083 0.702807 0.088641 0.087824
0 0.045369 0.781597 0.025954 0.025455
0 0.667236 0.288042 0.055809 0.056560
0 0.397661 0.462250 0.026638 0.026478
0 0.859744 0.006363 0.043655 0.012330
0 0.662767 0.011839 0.021604 0.020332
0 0.930437 0.080015 0.024608 0.024073
0 0.514534 0.771955 0.036428 0.034509
0 0.601647 0.853549 0.037490 0.036273
0 0.519181 0.081813 0.021554 0.021474
0 0.815676 0.303602 0.038328 0.037235