0 0.462215 0.623588 0.044940 0.043525
0 0.292886 0.419551 0.041015 0.039847
0 0.342637 0.703521 0.028717 0.027495
0 0.914037 0.656200 0.171926 0.328300
0 0.056212 0.011691 0.036426 0.023383
0 0.936118 0.085638 0.041304 0.040262
0 0.057777 0.255408 0.032444 0.032310
0 0.691255 0.273881 0.034071 0.031888
0 0.357229 0.077723 0.039114 0.035680
0 0.727007 0.140135 0.078516 0.076306
0 0.412328 0.138246 0.034936 0.036140
0 0.022219 0.859234 0.026022 0.025583
0 0.007166 0.920614 0.014332 0.031885
0 0.624926 0.783990 0.024790 0.024754
0 0.901714 0.272273 0.048932 0.047992
0 0.365122 0.056293 0.033469 0.031061
0 0.328321 0.680270 0.026872 0.026846
0 0.612844 0.957567 0.027708 0.027396
0 0.749945 0.825339 0.027952 0.027821
0 0.264328 0.849664 0.025192 0.024532
0 0.379844 0.015161 0.025955 0.025275
0 0.245420 0.351116 0.027981 0.025435
0 0.887001 0.304597 0.223262 0.378477
0 0.637545 0.764439 0.031117 0.030454
0 0.090522 0.585273 0.025189 0.025412
0 0.152370 0.988852 0.024919 0.022068
0 0.397345 0.440066 0.024789 0.025154
0 0.830303 0.155916 0.115825 0.105455