0 0.873006 0.462476 0.085663 0.080474
0 0.095542 0.215370 0.059765 0.057740
0 0.609651 0.895239 0.036921 0.035736
0 0.434581 0.376119 0.049740 0.049030
0 0.187060 0.691813 0.032238 0.030897
0 0.309239 0.241910 0.043105 0.040371
0 0.330952 0.944914 0.033437 0.029696
0 0.546327 0.394204 0.063086 0.061125
0 0.531730 0.700977 0.030743 0.028578
0 0.157647 0.203264 0.036809 0.034979
0 0.981380 0.039721 0.033950 0.031862
0 0.213150 0.237372 0.026693 0.025848
0 0.455062 0.926324 0.029463 0.026434
0 0.128087 0.860519 0.035246 0.032033
0 0.378733 0.454677 0.030525 0.030552
0 0.334178 0.721456 0.038760 0.035462
0 0.098779 0.866190 0.026623 0.025113
0 0.306568 0.381506 0.042825 0.041760
0 0.404428 0.360906 0.026786 0.026468
0 0.991727 0.438776 0.016220 0.032767
0 0.214737 0.460363 0.047934 0.045422
0 0.293605 0.078203 0.031026 0.029154
0 0.209494 0.376579 0.036962 0.034166
0 0.969528 0.580732 0.029582 0.030791
0 0.515714 0.040985 0.024636 0.024357
0 0.743381 0.585998 0.065194 0.062837
0 0.952959 0.423469 0.025605 0.024271
0 0.523479 0.903426 0.025869 0.025902