0 0.855141 0.222075 0.177349 0.167674
0 0.493136 0.474877 0.093169 0.090523
0 0.192656 0.460665 0.041851 0.040745
0 0.134851 0.299723 0.055720 0.053749
0 0.410963 0.746413 0.044915 0.043604
0 0.406058 0.213418 0.038967 0.037984
0 0.531952 0.531146 0.037988 0.035841
0 0.099585 0.652077 0.063265 0.058747
0 0.816088 0.849689 0.034340 0.033041
0 0.914592 0.345569 0.148636 0.139052
0 0.238006 0.430253 0.028770 0.027614
0 0.170007 0.127015 0.026684 0.026877
0 0.063655 0.368950 0.028537 0.027277
0 0.806352 0.916011 0.036169 0.035371
0 0.023506 0.452593 0.029750 0.028287
0 0.623817 0.025541 0.066505 0.050780
0 0.560473 0.387186 0.055482 0.055918
0 0.039314 0.743415 0.037680 0.036349
0 0.275563 0.900607 0.057956 0.060664
0 0.024450 0.385202 0.026650 0.027537
0 0.357445 0.088770 0.111241 0.109837
0 0.963112 0.430163 0.073724 0.156103
0 0.972013 0.982173 0.053673 0.035655
0 0.789551 0.312647 0.126898 0.113300
0 0.705771 0.096930 0.223363 0.193354
0 0.041013 0.199308 0.028488 0.027869
0 0.814905 0.800170 0.036085 0.035243
0 0.220425 0.948315 0.067501 0.067207
0 0.398405 0.809811 0.115321 0.106275
0 0.989021 0.678718 0.021957 0.029619
0 0.842522 0.965735 0.093214 0.068529
0 0.940475 0.864705 0.062665 0.058847
0 0.151294 0.708984 0.027642 0.026309
0 0.941799 0.522327 0.079574 0.078256
0 0.875988 0.903771 0.077127 0.081654
0 0.939664 0.910260 0.069852 0.065967
0 0.409426 0.933706 0.097476 0.092112
0 0.253771 0.620606 0.091530 0.084371
0 0.656191 0.339688 0.117218 0.114351
0 0.443970 0.078705 0.026874 0.026276
0 0.613063 0.408689 0.044781 0.041076