0 0.088808 0.460340 0.071690 0.070231
0 0.289751 0.548818 0.048495 0.046698
0 0.746283 0.644527 0.056548 0.055501
0 0.406276 0.109769 0.052041 0.049283
0 0.130048 0.873845 0.041725 0.039673
0 0.028529 0.542781 0.057059 0.058891
0 0.265995 0.283280 0.055896 0.053593
0 0.939873 0.440217 0.030180 0.029755
0 0.220418 0.193738 0.034495 0.033580
0 0.371901 0.267516 0.079247 0.075984
0 0.027174 0.363348 0.054349 0.070742
0 0.018772 0.727957 0.031531 0.030003
0 0.891731 0.209282 0.033279 0.032319
0 0.053395 0.707296 0.038993 0.036792
0 0.941118 0.636083 0.035625 0.034179
0 0.592607 0.303403 0.042488 0.042374
0 0.169450 0.331752 0.040736 0.038553
0 0.355309 0.201883 0.027192 0.025670
0 0.984897 0.641914 0.029493 0.029440
0 0.226756 0.132226 0.054716 0.052439
0 0.831458 0.142282 0.080943 0.075891
0 0.558721 0.665485 0.028807 0.028234
0 0.667086 0.188872 0.027351 0.026518
0 0.740901 0.475474 0.026435 0.025529
0 0.650415 0.085955 0.076342 0.074123
0 0.802878 0.498406 0.170379 0.170394
0 0.843769 0.901907 0.061909 0.057431
0 0.481299 0.792072 0.029649 0.029600
0 0.550985 0.494588 0.069370 0.068849
0 0.500780 0.502791 0.030814 0.030475
0 0.661774 0.902458 0.028588 0.027757
0 0.440337 0.550520 0.033727 0.033614
0 0.981458 0.839650 0.037083 0.051017
0 0.008119 0.981746 0.015983 0.035991
0 0.940042 0.565489 0.118254 0.128598
0 0.865589 0.633682 0.024010 0.023356
0 0.536409 0.566414 0.116500 0.114401
0 0.599027 0.387484 0.083122 0.078404
0 0.274404 0.074868 0.024074 0.023457
0 0.153452 0.008992 0.035629 0.017717
0 0.086253 0.500853 0.031782 0.029258
0 0.792623 0.284003 0.026289 0.025102
0 0.946035 0.236666 0.065621 0.066591
0 0.666990 0.339026 0.025927 0.024886
0 0.370425 0.761522 0.026328 0.025584
0 0.137913 0.027466 0.023142 0.022232
0 0.359221 0.396269 0.040650 0.041078
0 0.168777 0.992224 0.023482 0.015552
0 0.135018 0.404823 0.045352 0.041032
0 0.368485 0.946613 0.068931 0.067769
0 0.029547 0.791612 0.028361 0.026995
0 0.021612 0.217084 0.041914 0.060582
0 0.223907 0.815405 0.093202 0.088375
0 0.278070 0.202515 0.028791 0.027934