0 0.639972 0.327542 0.077546 0.062732
0 0.105385 0.653676 0.060911 0.049931
0 0.498510 0.862831 0.041681 0.033377
0 0.864219 0.538552 0.269640 0.244347
0 0.162477 0.488030 0.054440 0.044875
0 0.853421 0.080334 0.059372 0.044279
0 0.554345 0.794043 0.094856 0.073537
0 0.303703 0.778680 0.068523 0.054018
0 0.511494 0.302068 0.053318 0.041600
0 0.982357 0.064807 0.035286 0.033038
0 0.210107 0.715912 0.056779 0.047426
0 0.405138 0.955927 0.052847 0.042172
0 0.713349 0.333743 0.078714 0.062697
0 0.099084 0.979930 0.064598 0.039892
0 0.338299 0.324423 0.057731 0.044365
0 0.490053 0.150674 0.038613 0.030670
0 0.390830 0.372865 0.038465 0.031337
0 0.198754 0.911681 0.047442 0.042867
0 0.416753 0.056293 0.054454 0.043038
0 0.836612 0.419835 0.090836 0.070773
0 0.402141 0.217214 0.043132 0.034440
0 0.960352 0.912025 0.079296 0.114988
0 0.299312 0.660475 0.057259 0.043608
0 0.711789 0.164004 0.054430 0.041485
0 0.211936 0.712600 0.140558 0.129209
0 0.777923 0.618419 0.042113 0.031849
0 0.082598 0.331917 0.165196 0.342563
0 0.434259 0.663597 0.140596 0.105281
0 0.860799 0.817499 0.086369 0.070994
0 0.979301 0.798825 0.035941 0.029345
0 0.515481 0.214689 0.053741 0.040903
0 0.126805 0.362544 0.040508 0.032126
0 0.531433 0.067879 0.037792 0.026473
0 0.290743 0.624864 0.053626 0.043556
0 0.661672 0.463756 0.061463 0.047367
0 0.789986 0.011191 0.044674 0.022166
0 0.943233 0.029846 0.034399 0.027956
0 0.885232 0.373607 0.048322 0.035106
0 0.678170 0.876983 0.049766 0.036875
0 0.214262 0.845706 0.038286 0.033251
0 0.037957 0.344462 0.039397 0.033474
0 0.315280 0.874923 0.170698 0.146081
0 0.905398 0.396508 0.047211 0.034368
0 0.887008 0.705983 0.156090 0.123722
0 0.383097 0.170830 0.043749 0.035615
0 0.891453 0.134479 0.040543 0.030613
0 0.701838 0.010301 0.049891 0.020603
0 0.721860 0.401692 0.118314 0.097075
0 0.443329 0.589821 0.112146 0.083868
0 0.306305 0.505662 0.038313 0.030510
0 0.941165 0.779301 0.091219 0.066117
0 0.294857 0.013451 0.033834 0.026532
0 0.450035 0.360511 0.044104 0.032534
0 0.612393 0.224795 0.041585 0.033419
0 0.819163 0.962482 0.048183 0.038747
0 0.423052 0.434169 0.037292 0.030886
0 0.362770 0.884889 0.082007 0.068019
0 0.974320 0.456326 0.048956 0.041308
0 0.447048 0.820848 0.160185 0.126793
0 0.488120 0.905158 0.072755 0.052487
0 0.167857 0.955469 0.044308 0.037277
0 0.987389 0.340004 0.025141 0.062963
0 0.065916 0.930501 0.080398 0.069859
0 0.302395 0.361552 0.030263 0.025463
0 0.456668 0.736148 0.036205 0.031043
0 0.734892 0.637278 0.250243 0.208012
0 0.989136 0.305867 0.021170 0.025580
0 0.744943 0.817703 0.031762 0.025708
0 0.817673 0.957239 0.044944 0.033281
0 0.784052 0.334961 0.036769 0.031008
0 0.610523 0.838101 0.058519 0.048003
0 0.697667 0.106455 0.051030 0.040586
0 0.400462 0.460674 0.036411 0.028137
0 0.554151 0.429587 0.055492 0.042615
0 0.178267 0.822857 0.034442 0.029805
0 0.283331 0.444260 0.032729 0.029060
0 0.774675 0.096188 0.035671 0.028886
0 0.377707 0.009381 0.028782 0.018762
0 0.566390 0.863099 0.095247 0.066242
0 0.018535 0.741435 0.037071 0.097896
0 0.593628 0.481394 0.041839 0.030871
0 0.798247 0.637751 0.378789 0.289152
0 0.010333 0.949381 0.020563 0.101239
0 0.752147 0.777669 0.057827 0.045465
0 0.869648 0.135506 0.035507 0.029254