0 0.863681 0.435676 0.083290 0.065116
0 0.806673 0.844523 0.047850 0.036719
0 0.860571 0.075787 0.051501 0.039639
0 0.766143 0.837519 0.039975 0.030346
0 0.552305 0.203439 0.173537 0.136472
0 0.849454 0.719900 0.057447 0.040196
0 0.754510 0.549007 0.256451 0.178558
0 0.350752 0.699303 0.036051 0.029809
0 0.947699 0.309524 0.034255 0.025810
0 0.218778 0.682954 0.302237 0.243128
0 0.550789 0.660396 0.035007 0.027991
0 0.984572 0.198839 0.030856 0.032850
0 0.505642 0.102321 0.036068 0.029295
0 0.361081 0.117019 0.032084 0.024339
0 0.641549 0.683414 0.030207 0.025159
0 0.171657 0.967548 0.033639 0.027872
0 0.441921 0.006235 0.033980 0.012154
0 0.936512 0.734882 0.113371 0.096689
0 0.012515 0.367754 0.025029 0.032573
0 0.204537 0.662885 0.028454 0.023804
0 0.582521 0.375024 0.029762 0.024102
0 0.255358 0.211324 0.029770 0.024363
0 0.033455 0.351571 0.027633 0.023071
0 0.742723 0.795500 0.514554 0.409000
0 0.137692 0.678003 0.025934 0.021837
0 0.408123 0.377906 0.035147 0.027067
0 0.481423 0.686336 0.036030 0.028878