0 0.105707 0.371690 0.057243 0.040957
0 0.178917 0.165138 0.082036 0.060044
0 0.602607 0.070375 0.044360 0.033125
0 0.927847 0.153862 0.144128 0.118406
0 0.232418 0.121028 0.057025 0.041504
0 0.640919 0.226757 0.274729 0.203155
0 0.307288 0.195919 0.197615 0.142350
0 0.117231 0.896255 0.044423 0.030252
0 0.791278 0.693557 0.039104 0.028602
0 0.057858 0.236572 0.115717 0.119385
0 0.495618 0.186239 0.171468 0.143004
0 0.874990 0.398026 0.035300 0.030000
0 0.779449 0.006806 0.044423 0.013395
0 0.564591 0.409896 0.133800 0.093205
0 0.564824 0.034280 0.055443 0.037743
0 0.416585 0.141909 0.094443 0.073335
0 0.964828 0.836514 0.070343 0.109700
0 0.780059 0.844811 0.090638 0.067995
0 0.712928 0.488059 0.225156 0.167102
0 0.248333 0.761423 0.145450 0.123705
0 0.143212 0.679242 0.031640 0.025144
0 0.041537 0.152099 0.055685 0.041524
0 0.877014 0.989711 0.033424 0.020015
0 0.913442 0.731247 0.079569 0.055870
0 0.914173 0.718426 0.098257 0.082899
0 0.097463 0.074022 0.194925 0.148044
0 0.025027 0.083804 0.046662 0.039748
0 0.627459 0.216055 0.222234 0.174645
0 0.251455 0.633551 0.033226 0.026125
0 0.132508 0.191748 0.056158 0.041449
0 0.991113 0.741212 0.017775 0.038124
0 0.965432 0.820601 0.069136 0.073997
0 0.109131 0.787514 0.031026 0.025731
0 0.604177 0.595822 0.049724 0.037191