0 0.332416 0.225161 0.144072 0.128312
0 0.600491 0.169088 0.163537 0.160995
0 0.916139 0.793118 0.084456 0.076941
0 0.286628 0.546575 0.069165 0.064318
0 0.705546 0.333796 0.174879 0.163280
0 0.873578 0.137770 0.043414 0.041055
0 0.831490 0.721406 0.049774 0.044654
0 0.416367 0.274737 0.052010 0.047650
0 0.318721 0.043252 0.122045 0.086004
0 0.796687 0.622087 0.051905 0.046182
0 0.164951 0.507432 0.187578 0.179143
0 0.048372 0.044236 0.079667 0.073859
0 0.030215 0.910653 0.030795 0.028690
0 0.154263 0.147987 0.236364 0.224464
0 0.541920 0.505755 0.038868 0.034554
0 0.279643 0.499753 0.042954 0.040139
0 0.240289 0.937189 0.039158 0.037625
0 0.933151 0.350625 0.083807 0.078256
0 0.697089 0.251416 0.116648 0.108829
0 0.534250 0.785306 0.554494 0.429388
0 0.016406 0.240747 0.032745 0.038459
0 0.697415 0.010400 0.035690 0.020343
0 0.855963 0.313840 0.079098 0.070721
0 0.669559 0.584754 0.097715 0.077467
0 0.225628 0.855053 0.073408 0.070459
0 0.679173 0.463923 0.032972 0.030106
0 0.851342 0.389511 0.087853 0.076428
0 0.362851 0.027967 0.051080 0.045212
0 0.860417 0.166881 0.040746 0.037197
0 0.503605 0.514916 0.052178 0.044334
0 0.048533 0.007980 0.052296 0.015356
0 0.475249 0.451439 0.053015 0.047878
0 0.384265 0.156511 0.048581 0.043854
0 0.784600 0.096437 0.065352 0.063168
0 0.147966 0.013808 0.031290 0.027332
0 0.446554 0.133783 0.029631 0.027479
0 0.465767 0.883803 0.054294 0.048612
0 0.017333 0.761589 0.034666 0.054602
0 0.049504 0.546597 0.056898 0.049846
0 0.035522 0.533938 0.043823 0.040838
0 0.360595 0.413243 0.042768 0.038486
0 0.962205 0.608889 0.075591 0.091942
0 0.494911 0.011450 0.050208 0.022900
0 0.548272 0.459222 0.037155 0.034940
0 0.055003 0.550745 0.049027 0.044321
0 0.388394 0.085884 0.077189 0.069254
0 0.748598 0.058536 0.034494 0.031606
0 0.585566 0.553656 0.065740 0.053144
0 0.132823 0.791123 0.034523 0.031380
0 0.051927 0.945348 0.033715 0.032248
0 0.846310 0.915020 0.055692 0.049730
0 0.893347 0.889519 0.058206 0.051812
0 0.517629 0.459273 0.029679 0.026382
0 0.225661 0.847232 0.086976 0.090398
0 0.528174 0.552592 0.036580 0.033134
0 0.108763 0.827155 0.026081 0.025650
0 0.819488 0.071352 0.040888 0.039932
0 0.282185 0.440574 0.486831 0.459815
0 0.960798 0.733423 0.041632 0.039493
0 0.600332 0.024445 0.026160 0.024091
0 0.569786 0.577582 0.055024 0.043554
0 0.185277 0.887417 0.040474 0.038329
0 0.580263 0.561834 0.068350 0.059095
0 0.642377 0.031879 0.084449 0.063664
0 0.993767 0.212368 0.012437 0.028726
0 0.847493 0.023574 0.029085 0.028124
0 0.439833 0.788312 0.100802 0.092954
0 0.429370 0.025568 0.091967 0.050755
0 0.212938 0.989823 0.048677 0.020158