0 0.170574 0.684612 0.075523 0.074462
0 0.658759 0.428628 0.038618 0.037190
0 0.733471 0.425056 0.038644 0.037960
0 0.227708 0.862809 0.058431 0.057629
0 0.582926 0.835091 0.037899 0.037724
0 0.899902 0.170179 0.033644 0.033870
0 0.338035 0.097035 0.392763 0.192985
0 0.102795 0.582692 0.048584 0.045123
0 0.901552 0.635605 0.025993 0.026126
0 0.095610 0.854277 0.191220 0.288955
0 0.046639 0.190878 0.088464 0.085387
0 0.131859 0.601635 0.028067 0.027879
0 0.623513 0.408743 0.046493 0.045205
0 0.978810 0.857808 0.042038 0.042505
0 0.015503 0.635677 0.030069 0.038288
0 0.876036 0.497254 0.071185 0.075293