0 0.779449 0.510856 0.437644 0.419117
0 0.358371 0.069487 0.098131 0.098289
0 0.093398 0.526048 0.048624 0.045405
0 0.960005 0.729210 0.029600 0.029651
0 0.241878 0.158082 0.137444 0.128808
0 0.898512 0.823103 0.034977 0.033818
0 0.659244 0.175366 0.031973 0.031687
0 0.622387 0.064769 0.031063 0.029154
0 0.167366 0.617571 0.038339 0.036093
0 0.162554 0.047306 0.036265 0.034621
0 0.025731 0.532608 0.051463 0.061482
0 0.119339 0.305062 0.047770 0.044131
0 0.986349 0.644367 0.026937 0.028280
0 0.455111 0.628519 0.029616 0.028979
0 0.159663 0.889647 0.039921 0.037549
0 0.283865 0.349369 0.186649 0.177658
0 0.735710 0.804179 0.038257 0.037001
0 0.166013 0.014395 0.050176 0.028739
0 0.496553 0.050054 0.037747 0.036509
0 0.368321 0.177706 0.099666 0.094386
0 0.534037 0.063331 0.034412 0.033934
0 0.392552 0.129758 0.030132 0.029917
0 0.174374 0.985030 0.035900 0.029586
0 0.435965 0.440678 0.030960 0.030366
0 0.618674 0.258209 0.027282 0.025971
0 0.847272 0.889301 0.029120 0.028331
0 0.848965 0.098594 0.046007 0.044980
0 0.587276 0.782068 0.030427 0.030223
0 0.922495 0.761731 0.033617 0.032639
0 0.446752 0.987879 0.041583 0.024242
0 0.960187 0.625999 0.028106 0.029188
0 0.737337 0.100239 0.028205 0.027164
0 0.089564 0.584403 0.033775 0.032330
0 0.404636 0.675033 0.031833 0.031177
0 0.048368 0.701672 0.043468 0.042234
0 0.533787 0.856351 0.033848 0.033034
0 0.720127 0.015456 0.025861 0.025177
0 0.900054 0.916029 0.025932 0.025782
0 0.988068 0.720751 0.023146 0.023682
0 0.077614 0.696421 0.026792 0.025995
0 0.064442 0.606272 0.035742 0.032551
0 0.440553 0.896679 0.026596 0.026836
0 0.155738 0.582892 0.034406 0.032754
0 0.677989 0.745130 0.051808 0.050943
0 0.880935 0.801775 0.025794 0.025708
0 0.533930 0.193985 0.026197 0.027493
0 0.049898 0.057192 0.099795 0.114385
0 0.210504 0.219534 0.043551 0.040570
0 0.103712 0.682327 0.029927 0.027388
0 0.978901 0.077837 0.035277 0.035189
0 0.915274 0.860827 0.038666 0.037959
0 0.849251 0.986929 0.062854 0.026141
0 0.747739 0.829939 0.029740 0.030593
0 0.375425 0.394447 0.027693 0.028147
0 0.361449 0.333885 0.026962 0.026446
0 0.024861 0.566825 0.026159 0.026033
0 0.776079 0.756807 0.029408 0.028766
0 0.599384 0.736323 0.029184 0.029576
0 0.771190 0.984415 0.025751 0.025458
0 0.066288 0.469276 0.031432 0.029296
0 0.288069 0.800973 0.026811 0.026159
0 0.590450 0.314676 0.030563 0.029675
0 0.172733 0.936446 0.026058 0.025454
0 0.412290 0.606334 0.414807 0.368936
0 0.287885 0.771993 0.029732 0.029406
0 0.804899 0.153155 0.039533 0.038842
0 0.938067 0.797545 0.035629 0.035034
0 0.397845 0.353486 0.025699 0.024695
0 0.600696 0.211760 0.028908 0.029317
0 0.985811 0.783362 0.028271 0.030813
0 0.816486 0.146080 0.027709 0.029091
0 0.975954 0.432436 0.021853 0.023220
0 0.989692 0.870036 0.019733 0.028112
0 0.642245 0.901214 0.041370 0.042407
0 0.918003 0.866741 0.029856 0.028759
0 0.268331 0.784980 0.022303 0.021674
0 0.931017 0.286941 0.030040 0.029532
0 0.488006 0.771572 0.028768 0.028656
0 0.801346 0.164264 0.034389 0.032070
0 0.687278 0.039538 0.037910 0.036074
0 0.988351 0.618811 0.018563 0.017986
0 0.758611 0.503985 0.023085 0.022577
0 0.016119 0.453364 0.032238 0.039137
0 0.968551 0.134706 0.050435 0.049248
0 0.553729 0.189993 0.023021 0.023516
0 0.803250 0.158725 0.038527 0.040234
0 0.962205 0.379432 0.027625 0.027523
0 0.401803 0.954635 0.024166 0.023122
0 0.021847 0.588774 0.035363 0.031048
0 0.775739 0.714960 0.024591 0.024911
0 0.588517 0.709872 0.025420 0.025617
0 0.937620 0.095310 0.032378 0.031848
0 0.929953 0.339378 0.024340 0.023284
0 0.735000 0.082661 0.175902 0.161620
0 0.992743 0.755163 0.014470 0.047365
0 0.342766 0.288806 0.024450 0.023301
0 0.919824 0.870087 0.024931 0.025172
0 0.810197 0.148276 0.036403 0.034501
0 0.042846 0.076134 0.085692 0.152267
0 0.904556 0.235753 0.027890 0.026527
0 0.295706 0.104429 0.022007 0.021491
0 0.113047 0.478094 0.025561 0.025098
0 0.127114 0.675399 0.024474 0.024875