0 0.961322 0.105723 0.071946 0.056939
0 0.680732 0.270365 0.051124 0.043631
0 0.040439 0.813992 0.077673 0.065052
0 0.664450 0.358722 0.068965 0.062609
0 0.772381 0.179292 0.173223 0.150387
0 0.677677 0.427595 0.076455 0.055917
0 0.765723 0.008346 0.033407 0.016692
0 0.322639 0.038858 0.044634 0.038655
0 0.488692 0.353536 0.070887 0.060933
0 0.025487 0.657479 0.050973 0.055204
0 0.860011 0.046436 0.046066 0.037541
0 0.992155 0.212742 0.015689 0.060075
0 0.590462 0.641260 0.060441 0.053121
0 0.360657 0.699116 0.056355 0.050100
0 0.546578 0.045472 0.033655 0.031909
0 0.597073 0.447631 0.085320 0.071087
0 0.827768 0.272075 0.107849 0.086759
0 0.171828 0.015602 0.088577 0.031030
0 0.164150 0.722460 0.024313 0.022765
0 0.168651 0.015085 0.062429 0.030101
0 0.635801 0.401565 0.044443 0.038160
0 0.804405 0.141648 0.087395 0.075782
0 0.456275 0.660087 0.036404 0.032041
0 0.606456 0.296781 0.032204 0.030118
0 0.180699 0.686920 0.085700 0.075985
0 0.839614 0.035070 0.079950 0.064282
0 0.560130 0.024451 0.094827 0.048901
0 0.423724 0.173432 0.048540 0.044560
0 0.856125 0.042715 0.050905 0.046088
0 0.934366 0.331519 0.083696 0.078183
0 0.543795 0.617210 0.053422 0.043290