0 0.299922 0.746039 0.380264 0.274678
0 0.434996 0.956989 0.054491 0.040879
0 0.656174 0.895108 0.181044 0.163545
0 0.219310 0.958700 0.048421 0.038282
0 0.228851 0.438202 0.330069 0.260041
0 0.527173 0.549952 0.052031 0.040283
0 0.941520 0.708041 0.116959 0.106797
0 0.506971 0.040419 0.037406 0.029717
0 0.269917 0.625824 0.049138 0.035812
0 0.065617 0.873379 0.131233 0.207970
0 0.594353 0.981100 0.042631 0.032924
0 0.477222 0.780428 0.033692 0.028312
0 0.244367 0.353623 0.044610 0.036700
0 0.067709 0.069350 0.059234 0.046565
0 0.064488 0.476314 0.041230 0.031698
0 0.216529 0.591997 0.047283 0.037805
0 0.210127 0.368638 0.038890 0.028558
0 0.553629 0.931771 0.036146 0.027079
0 0.823694 0.671172 0.043042 0.032996
0 0.252142 0.919548 0.034852 0.026858
0 0.368036 0.437124 0.041246 0.035945
0 0.684351 0.300406 0.631299 0.600812
0 0.051279 0.286610 0.102558 0.115329
0 0.176926 0.522172 0.057249 0.044467
0 0.151059 0.905340 0.032287 0.025946
0 0.311571 0.609341 0.042090 0.030869
0 0.537075 0.963542 0.055923 0.037997
0 0.040177 0.177056 0.080354 0.104195
0 0.659361 0.850679 0.033228 0.026364
0 0.274037 0.655890 0.032143 0.025745
0 0.436629 0.828184 0.033224 0.024378
0 0.527612 0.992172 0.040226 0.015656
0 0.415939 0.715399 0.030195 0.025890
0 0.475126 0.921677 0.032332 0.028288
0 0.084221 0.893521 0.036276 0.028448
0 0.322541 0.861106 0.044194 0.033884
0 0.543997 0.959083 0.049111 0.033132
0 0.635499 0.968837 0.036802 0.031577
0 0.734057 0.269344 0.531886 0.538689
0 0.868963 0.017793 0.077472 0.035579
0 0.110607 0.007045 0.057139 0.014090
0 0.191011 0.559537 0.038073 0.029482
0 0.757451 0.576368 0.039868 0.032680
0 0.903334 0.643651 0.031708 0.026422
0 0.750648 0.782601 0.036765 0.031761
0 0.530998 0.968364 0.055771 0.037948
0 0.943674 0.040366 0.034586 0.027973