0 0.491771 0.159089 0.070400 0.063696
0 0.413185 0.218110 0.063976 0.056201
0 0.341891 0.525673 0.062306 0.055802
0 0.694672 0.142340 0.043385 0.037852
0 0.736780 0.275512 0.042698 0.036966
0 0.550375 0.774498 0.039117 0.035034
0 0.784165 0.673264 0.048596 0.046856
0 0.282135 0.942467 0.169847 0.115066
0 0.462735 0.062846 0.039979 0.035426
0 0.017456 0.148707 0.034911 0.039093
0 0.736148 0.803985 0.040560 0.036809
0 0.563852 0.019935 0.056528 0.039391
0 0.486260 0.030530 0.053101 0.047333
0 0.540207 0.334975 0.035416 0.032078
0 0.979179 0.877429 0.039128 0.035486
0 0.894761 0.217032 0.032178 0.027881
0 0.259128 0.621887 0.032391 0.028523
0 0.446103 0.964984 0.035333 0.032571
0 0.552835 0.298562 0.035671 0.033424
0 0.303445 0.182169 0.030424 0.028605
0 0.685924 0.193440 0.032484 0.029576
0 0.352386 0.063304 0.034239 0.029320
0 0.918523 0.744457 0.162771 0.162494
0 0.849858 0.988624 0.031318 0.022287
0 0.391729 0.100736 0.030424 0.027457
0 0.525040 0.205981 0.029984 0.027965
0 0.873859 0.652110 0.028268 0.026220
0 0.492196 0.766126 0.028642 0.026305
0 0.241192 0.916342 0.030342 0.027242
0 0.777258 0.804562 0.032670 0.029236
0 0.599737 0.756444 0.032279 0.029854
0 0.288658 0.365511 0.026035 0.024852
0 0.264037 0.719811 0.027058 0.024814
0 0.682634 0.441793 0.027707 0.025290
0 0.537622 0.231190 0.028197 0.025838
0 0.882327 0.318061 0.026221 0.023170
0 0.019334 0.332879 0.038048 0.046988
0 0.038404 0.295528 0.076808 0.079321
0 0.984506 0.007626 0.030989 0.014256
0 0.491775 0.801427 0.031790 0.029870
0 0.954384 0.183839 0.026721 0.023854
0 0.394552 0.078181 0.031317 0.027948
0 0.303222 0.620881 0.026374 0.024476
0 0.063921 0.041068 0.123969 0.079535
0 0.626901 0.729973 0.028596 0.025206
0 0.255471 0.146216 0.059910 0.053986
0 0.386952 0.034206 0.026273 0.024497