0 0.349128 0.374018 0.472779 0.398078
0 0.166149 0.220362 0.041074 0.037055
0 0.717263 0.709062 0.034847 0.027912
0 0.665320 0.287241 0.034545 0.031395
0 0.926877 0.333684 0.142346 0.125399
0 0.363592 0.304021 0.043581 0.039507
0 0.077327 0.584870 0.060934 0.049264
0 0.531096 0.265182 0.033240 0.030645
0 0.247079 0.105903 0.033718 0.028264
0 0.075907 0.578638 0.070071 0.056172
0 0.250372 0.122528 0.387640 0.239314
0 0.726010 0.237372 0.154716 0.126886
0 0.236917 0.067868 0.042320 0.033922
0 0.284073 0.614120 0.053472 0.043998
0 0.034760 0.459144 0.036691 0.030179
0 0.062338 0.309706 0.081181 0.071581
0 0.017213 0.654882 0.033308 0.033210
0 0.658553 0.875155 0.599876 0.249689
0 0.720088 0.261108 0.051034 0.048895