0 0.780695 0.104625 0.066943 0.062653
0 0.526940 0.576501 0.060618 0.057414
0 0.272840 0.783590 0.060375 0.055916
0 0.185454 0.226486 0.082887 0.081338
0 0.708630 0.091320 0.042853 0.040790
0 0.746691 0.046667 0.045429 0.041969
0 0.732589 0.276839 0.050623 0.047529
0 0.758978 0.247423 0.034648 0.033496
0 0.533521 0.778255 0.032206 0.030904
0 0.715585 0.587750 0.033222 0.031866
0 0.625756 0.823437 0.030735 0.029508
0 0.288647 0.504948 0.030590 0.028708
0 0.108265 0.335485 0.039974 0.039310
0 0.133248 0.249678 0.052613 0.050456
0 0.008774 0.175252 0.017549 0.034257
0 0.805466 0.993319 0.039242 0.013111
0 0.115216 0.295785 0.036949 0.035966
0 0.627231 0.908209 0.197094 0.177619
0 0.891006 0.887314 0.023890 0.023346
0 0.733425 0.489910 0.025047 0.024023
0 0.722149 0.392488 0.025909 0.024761
0 0.090197 0.218793 0.039462 0.037519
0 0.683311 0.156127 0.026075 0.025956
0 0.162578 0.971011 0.028535 0.026325
0 0.185843 0.296029 0.033002 0.034310
0 0.972698 0.973236 0.054604 0.053364