0 0.295779 0.474827 0.046474 0.046351
0 0.414047 0.317746 0.039474 0.039228
0 0.335612 0.453118 0.035387 0.036117
0 0.127919 0.532283 0.042338 0.040173
0 0.713264 0.807464 0.031786 0.032219
0 0.950969 0.722719 0.030643 0.030335
0 0.178027 0.565111 0.033237 0.033312
0 0.143265 0.029161 0.031267 0.030819
0 0.948604 0.811988 0.055665 0.056850
0 0.169614 0.136393 0.045820 0.045420
0 0.419001 0.221900 0.044277 0.043014
0 0.018691 0.603288 0.037382 0.046209
0 0.513407 0.925515 0.059091 0.056645
0 0.127319 0.202639 0.051890 0.050452
0 0.228702 0.567397 0.042553 0.042427
0 0.277879 0.225431 0.031142 0.029868
0 0.421623 0.152754 0.044110 0.044353
0 0.280931 0.955454 0.050923 0.047420
0 0.477870 0.841182 0.038057 0.037782
0 0.093603 0.872639 0.033622 0.032218
0 0.295274 0.886820 0.353681 0.226359
0 0.963285 0.069366 0.067150 0.068560
0 0.939869 0.990661 0.032672 0.018441
0 0.619537 0.885314 0.029775 0.028513
0 0.417426 0.738585 0.036206 0.036985
0 0.967660 0.780342 0.033118 0.032442
0 0.073692 0.729325 0.035490 0.035211
0 0.798425 0.890297 0.026122 0.025815
0 0.190425 0.177126 0.031241 0.029930
0 0.061490 0.371416 0.122167 0.337551
0 0.158052 0.684481 0.141478 0.138410
0 0.331368 0.044579 0.034995 0.034548
0 0.984083 0.754152 0.031835 0.041718
0 0.094004 0.163179 0.035541 0.033629
0 0.521585 0.958196 0.204018 0.083163
0 0.068284 0.847805 0.028236 0.027787
0 0.445513 0.129986 0.025323 0.024641
0 0.534728 0.849938 0.032767 0.031877
0 0.222623 0.697530 0.026867 0.026912
0 0.931690 0.485424 0.024813 0.024204
0 0.559510 0.049334 0.364938 0.095732
0 0.995230 0.152212 0.009490 0.028064
0 0.700755 0.229673 0.023867 0.024722
0 0.316398 0.783269 0.037162 0.035930
0 0.901479 0.832867 0.028097 0.028247
0 0.552208 0.761197 0.243781 0.244611
0 0.813028 0.322743 0.031244 0.030966
0 0.511789 0.076257 0.031486 0.031333
0 0.267400 0.007976 0.031139 0.015952
0 0.657357 0.903232 0.026856 0.026715
0 0.607464 0.776063 0.032719 0.032258
0 0.085175 0.966686 0.043737 0.042289
0 0.406499 0.191349 0.028473 0.028171
0 0.511189 0.530567 0.028183 0.028137
0 0.230047 0.926099 0.051696 0.050574
0 0.300207 0.062747 0.024368 0.024419