0 0.768428 0.633260 0.060256 0.057431
0 0.518795 0.458572 0.063978 0.061481
0 0.219851 0.920956 0.071824 0.069691
0 0.606161 0.864966 0.054559 0.049942
0 0.501488 0.947902 0.045755 0.043114
0 0.958543 0.576495 0.082913 0.104156
0 0.968917 0.477573 0.058121 0.056300
0 0.298872 0.584501 0.055888 0.053827
0 0.789188 0.692863 0.042443 0.039279
0 0.580052 0.157994 0.095418 0.092206
0 0.441006 0.521866 0.058647 0.053817
0 0.952319 0.423669 0.045073 0.042923
0 0.029027 0.013094 0.055577 0.025692
0 0.385003 0.775126 0.046269 0.043618
0 0.652290 0.248314 0.049861 0.048409
0 0.614570 0.205612 0.035619 0.035128
0 0.682704 0.716694 0.052923 0.044465
0 0.757334 0.584413 0.058293 0.052816
0 0.554460 0.937350 0.038076 0.035435
0 0.128456 0.823866 0.092239 0.087323
0 0.440101 0.674904 0.053271 0.050157
0 0.797642 0.901271 0.035787 0.032780
0 0.414728 0.741474 0.042302 0.040250
0 0.337276 0.824087 0.082021 0.078046
0 0.459302 0.449206 0.110002 0.102635
0 0.927883 0.815650 0.038653 0.035875
0 0.673669 0.746228 0.054058 0.049936
0 0.303874 0.972902 0.080632 0.054197
0 0.808880 0.736480 0.043459 0.041220
0 0.853273 0.464198 0.263754 0.236133
0 0.548371 0.527742 0.049659 0.045160
0 0.576784 0.042881 0.058490 0.057089
0 0.609085 0.586407 0.049197 0.046950
0 0.050484 0.116257 0.043822 0.040139
0 0.111690 0.901464 0.044543 0.042507
0 0.044732 0.197230 0.053287 0.047164
0 0.688133 0.877890 0.048306 0.043410
0 0.835103 0.805402 0.041606 0.039711
0 0.286236 0.916208 0.044695 0.041476
0 0.603835 0.800819 0.042022 0.039260
0 0.328906 0.908860 0.039042 0.038555
0 0.234717 0.979368 0.074067 0.041107
0 0.020242 0.057985 0.040483 0.041137
0 0.652425 0.338830 0.048637 0.045772
0 0.625019 0.530137 0.055389 0.050027
0 0.564711 0.401711 0.045898 0.042481
0 0.155476 0.274476 0.050105 0.044355
0 0.206281 0.633974 0.038052 0.036293
0 0.947604 0.227812 0.053589 0.051840
0 0.888268 0.886637 0.043494 0.040178
0 0.983002 0.919634 0.032307 0.030581
0 0.984982 0.784598 0.030037 0.044069
0 0.571145 0.553894 0.044535 0.041453
0 0.103018 0.656850 0.060592 0.057894
0 0.941051 0.583968 0.045193 0.042531
0 0.535109 0.726376 0.049487 0.046849
0 0.630127 0.432802 0.034057 0.032337
0 0.939858 0.347295 0.044329 0.043387
0 0.882325 0.648029 0.036822 0.034019
0 0.502471 0.514581 0.048914 0.045034
0 0.793327 0.841322 0.066585 0.063082
0 0.181649 0.010080 0.049942 0.020159
0 0.795976 0.801144 0.040139 0.036179
0 0.728784 0.460455 0.062937 0.062958
0 0.130523 0.235648 0.048071 0.042539
0 0.305694 0.112464 0.062181 0.057253
0 0.586149 0.273554 0.035571 0.034026
0 0.849574 0.534354 0.042284 0.040701
0 0.879468 0.846987 0.032380 0.029823
0 0.623901 0.836267 0.039826 0.035056
0 0.986498 0.382921 0.027004 0.033818
0 0.837168 0.218971 0.045112 0.043311
0 0.369138 0.986874 0.032414 0.026108
0 0.583221 0.474586 0.049809 0.046315
0 0.966180 0.717199 0.064009 0.059679
0 0.798427 0.268164 0.056961 0.057556
0 0.739596 0.912669 0.074251 0.068239
0 0.526372 0.388498 0.037443 0.036861
0 0.161833 0.444347 0.051287 0.047289
0 0.697711 0.819056 0.031160 0.029922
0 0.194590 0.740191 0.042336 0.041497
0 0.903356 0.791952 0.046745 0.041116
0 0.893146 0.554330 0.040753 0.039089
0 0.979445 0.663383 0.041092 0.090686
0 0.071339 0.439412 0.031236 0.030309
0 0.324542 0.741211 0.035999 0.035215
0 0.038612 0.900414 0.043421 0.042882
0 0.746667 0.189463 0.039708 0.039645
0 0.022719 0.807373 0.034301 0.034600
0 0.941187 0.705664 0.051051 0.049019
0 0.503470 0.889051 0.083887 0.079228
0 0.885768 0.752642 0.035989 0.034347
0 0.810866 0.544661 0.036291 0.033859
0 0.262106 0.798812 0.043686 0.043150
0 0.673601 0.111313 0.035069 0.033813
0 0.488322 0.776547 0.036959 0.035417
0 0.680852 0.453814 0.034706 0.032699
0 0.789433 0.109175 0.043378 0.042437
0 0.443849 0.311974 0.030844 0.028897
0 0.928375 0.299306 0.041672 0.039807
0 0.203175 0.879255 0.040863 0.039373
0 0.646754 0.186637 0.034233 0.032945
0 0.779087 0.716657 0.046460 0.043181
0 0.262872 0.793684 0.037487 0.035715
0 0.691538 0.985199 0.061650 0.029602
0 0.445792 0.622221 0.037941 0.034338
0 0.691172 0.989579 0.064434 0.020842
0 0.229600 0.773114 0.045956 0.046165
0 0.784307 0.179562 0.034461 0.034860
0 0.395531 0.105595 0.099579 0.089728
0 0.631228 0.509477 0.038100 0.034046
0 0.376799 0.031431 0.031670 0.030556
0 0.462752 0.120914 0.046393 0.045178
0 0.472091 0.549549 0.054237 0.050216
0 0.774474 0.016237 0.063122 0.032475
0 0.105222 0.824142 0.058438 0.058164
0 0.797173 0.123649 0.058923 0.058269
0 0.829317 0.612328 0.093405 0.090995
0 0.553075 0.236484 0.032722 0.031404
0 0.161889 0.894877 0.041485 0.038090
0 0.238414 0.669805 0.081915 0.077360
0 0.904828 0.933266 0.061739 0.059041
0 0.289960 0.069073 0.032331 0.030578
0 0.494375 0.248472 0.029669 0.028552
0 0.645856 0.131174 0.030883 0.029048
0 0.189215 0.746880 0.057304 0.054350
0 0.157822 0.990322 0.043746 0.019330
0 0.791753 0.116650 0.051683 0.056208
0 0.113050 0.589962 0.031498 0.030440
0 0.929038 0.389145 0.044268 0.043990
0 0.607703 0.970630 0.060453 0.055865
0 0.147213 0.422603 0.033223 0.031610
0 0.030600 0.084319 0.033976 0.034069
0 0.965806 0.734532 0.044640 0.040062
0 0.958567 0.254055 0.037377 0.035846
0 0.711450 0.097764 0.031351 0.031454
0 0.110284 0.770164 0.035965 0.036223
0 0.919527 0.932400 0.111577 0.104923
0 0.592826 0.014120 0.043351 0.028239
0 0.473710 0.116738 0.069422 0.058935
0 0.743497 0.073285 0.028221 0.027205
0 0.090114 0.727846 0.150346 0.139256