0 0.465791 0.746545 0.073969 0.072800
0 0.755718 0.069129 0.066618 0.065259
0 0.879411 0.377580 0.075484 0.075025
0 0.602632 0.553872 0.079035 0.079851
0 0.265624 0.470828 0.088370 0.089393
0 0.831903 0.739292 0.039203 0.039018
0 0.910091 0.734157 0.046907 0.045149
0 0.932499 0.110847 0.039516 0.037126
0 0.837173 0.092717 0.033312 0.031562
0 0.296546 0.729698 0.040494 0.040547
0 0.576996 0.831454 0.085401 0.082426
0 0.715551 0.883885 0.040963 0.042017
0 0.585589 0.357261 0.047900 0.045974
0 0.896528 0.203020 0.047848 0.046032
0 0.491741 0.873124 0.073644 0.071215
0 0.591898 0.269949 0.047306 0.045520
0 0.955689 0.146767 0.043567 0.042032
0 0.837524 0.520605 0.048732 0.049017
0 0.682588 0.383972 0.078045 0.076413
0 0.785170 0.974473 0.032038 0.031279
0 0.663442 0.323296 0.060301 0.059093
0 0.454796 0.630600 0.095871 0.090361
0 0.973143 0.072840 0.049309 0.045875
0 0.619532 0.801742 0.032984 0.033322
0 0.786754 0.516834 0.054731 0.054217
0 0.793249 0.631234 0.026951 0.026338
0 0.987805 0.933725 0.024100 0.030103
0 0.874512 0.688696 0.025988 0.025709
0 0.974485 0.111494 0.030294 0.029445
0 0.485366 0.836860 0.026980 0.026229
0 0.336735 0.726315 0.044692 0.044108
0 0.985334 0.387486 0.029331 0.032030
0 0.504399 0.564282 0.111361 0.106997
0 0.334240 0.856043 0.041925 0.041006
0 0.641551 0.423012 0.029840 0.029432
0 0.882335 0.049794 0.030158 0.028499
0 0.903355 0.415859 0.045658 0.044430
0 0.073335 0.937856 0.046014 0.045052
0 0.350737 0.984240 0.027058 0.026582
0 0.785342 0.176843 0.052735 0.051354
0 0.270968 0.551871 0.026948 0.026256
0 0.229553 0.763436 0.044886 0.042595
0 0.833579 0.195344 0.039473 0.038991
0 0.896350 0.857467 0.206254 0.284133
0 0.432641 0.948379 0.029461 0.028230
0 0.770940 0.182353 0.032554 0.033596
0 0.671528 0.796141 0.071252 0.070456
0 0.561294 0.006481 0.036283 0.012875
0 0.562901 0.619543 0.063198 0.061040
0 0.799132 0.478592 0.028447 0.028137