0 0.787458 0.748475 0.334462 0.291007
0 0.171366 0.225314 0.341522 0.376835
0 0.345128 0.660240 0.051798 0.046848
0 0.363413 0.618278 0.132476 0.121677
0 0.899780 0.126265 0.185498 0.176285
0 0.692228 0.443159 0.174645 0.157592
0 0.597635 0.564439 0.111593 0.101978
0 0.732854 0.278478 0.032232 0.029182
0 0.678110 0.349912 0.202043 0.166059
0 0.263284 0.555168 0.086267 0.080191
0 0.669678 0.043745 0.034260 0.032538
0 0.811951 0.936501 0.174974 0.126998
0 0.666427 0.946103 0.317057 0.107794
0 0.797000 0.074074 0.159813 0.147734
0 0.395099 0.144757 0.117689 0.110462
0 0.118897 0.611751 0.237794 0.276605
0 0.907003 0.235060 0.047840 0.044431
0 0.922220 0.984548 0.092161 0.030903
0 0.098374 0.599634 0.028078 0.027027
0 0.985124 0.069746 0.029751 0.094482
0 0.817548 0.330419 0.069938 0.064515
0 0.300384 0.831725 0.027674 0.025967
0 0.469624 0.734698 0.076882 0.073371
0 0.573416 0.460018 0.074002 0.068076
0 0.955551 0.242130 0.048322 0.044814
0 0.457932 0.494094 0.088364 0.075465
0 0.890668 0.920372 0.136722 0.127681
0 0.824503 0.925871 0.220174 0.148257
0 0.721821 0.934281 0.393542 0.131438
0 0.482151 0.536681 0.064070 0.057803
0 0.490356 0.112452 0.071928 0.063107
0 0.488466 0.113849 0.059572 0.051078