0 0.874962 0.772078 0.028271 0.028571
0 0.770129 0.614316 0.053720 0.050681
0 0.252228 0.434426 0.048274 0.048872
0 0.901144 0.672523 0.027042 0.027101
0 0.815515 0.670218 0.046249 0.044796
0 0.948528 0.550858 0.035265 0.034739
0 0.821364 0.780723 0.038193 0.037564
0 0.908455 0.735416 0.026089 0.025270
0 0.927947 0.390608 0.039565 0.038961
0 0.025040 0.199231 0.041576 0.040715
0 0.792139 0.727652 0.041964 0.041236
0 0.698725 0.668983 0.045314 0.042946
0 0.589335 0.971755 0.039675 0.037265
0 0.277113 0.795407 0.034146 0.034183
0 0.866468 0.730579 0.025098 0.025479
0 0.771627 0.952600 0.043363 0.042972
0 0.833933 0.336851 0.035349 0.033692
0 0.906225 0.631603 0.026247 0.025677
0 0.659411 0.443752 0.108542 0.104855
0 0.146046 0.319442 0.113048 0.114209
0 0.233148 0.394550 0.041683 0.040962
0 0.425405 0.253118 0.030455 0.030022
0 0.692803 0.498815 0.094713 0.093543
0 0.416207 0.337268 0.051135 0.050438
0 0.836421 0.709399 0.041507 0.039782
0 0.446338 0.698218 0.033203 0.032118
0 0.313525 0.624583 0.088072 0.087354
0 0.807145 0.463210 0.031519 0.029882
0 0.608957 0.892561 0.028064 0.028419
0 0.489497 0.588435 0.075082 0.072551
0 0.602472 0.281450 0.035217 0.035258
0 0.510331 0.762217 0.085247 0.084004
0 0.833008 0.898462 0.023749 0.024096
0 0.408858 0.949677 0.130435 0.099810
0 0.744371 0.806759 0.027665 0.027077
0 0.112073 0.799195 0.039333 0.037971
0 0.872551 0.946899 0.023240 0.023519
0 0.923132 0.989061 0.040863 0.021844
0 0.190618 0.965329 0.111873 0.069342
0 0.045568 0.145932 0.086937 0.085817
0 0.057882 0.238855 0.065165 0.064444
0 0.934506 0.819302 0.068068 0.069550
0 0.965219 0.490193 0.069187 0.096384
0 0.805279 0.554719 0.033973 0.034052
0 0.704183 0.741081 0.026777 0.026632
0 0.526493 0.550395 0.038698 0.037541
0 0.769902 0.570871 0.030228 0.029411
0 0.976193 0.595490 0.047456 0.126905
0 0.458883 0.632978 0.175352 0.190489
0 0.158349 0.092657 0.027941 0.027625
0 0.852159 0.076060 0.235535 0.150244
0 0.833847 0.737830 0.040898 0.040711
0 0.411102 0.399995 0.048805 0.048088
0 0.017428 0.488262 0.034828 0.047264
0 0.127055 0.014460 0.046967 0.028828
0 0.682097 0.505534 0.079325 0.081284
0 0.800211 0.218140 0.027217 0.027150
0 0.235999 0.468502 0.040752 0.037862
0 0.872606 0.429693 0.096812 0.091597
0 0.427375 0.778527 0.070936 0.070849
0 0.766755 0.537068 0.028464 0.028150