0 0.513234 0.360211 0.072761 0.055280
0 0.885449 0.610023 0.067491 0.051373
0 0.416739 0.820060 0.118028 0.089578
0 0.773495 0.145205 0.107004 0.083692
0 0.625087 0.302507 0.086227 0.066988
0 0.652366 0.143743 0.081897 0.060767
0 0.886954 0.027126 0.044721 0.033667
0 0.851172 0.806654 0.099069 0.077801
0 0.235145 0.360423 0.057116 0.042800
0 0.394281 0.642315 0.072964 0.060161
0 0.285741 0.890321 0.207665 0.157670
0 0.241308 0.414144 0.052491 0.039141
0 0.274536 0.310899 0.095633 0.072893
0 0.773527 0.020849 0.060090 0.041697
0 0.327517 0.563066 0.068212 0.048895
0 0.790529 0.225171 0.085262 0.061168
0 0.118111 0.954810 0.101751 0.085436
0 0.868577 0.355693 0.048461 0.037048
0 0.757951 0.456772 0.043368 0.034558
0 0.541431 0.491057 0.080915 0.062536
0 0.670668 0.091755 0.075263 0.058100
0 0.817764 0.929416 0.078300 0.060037
0 0.395169 0.287211 0.042671 0.031053
0 0.495841 0.755968 0.127406 0.093000
0 0.502926 0.792370 0.064572 0.049672
0 0.915865 0.213775 0.039913 0.031387
0 0.878606 0.923513 0.047648 0.035567
0 0.845518 0.506928 0.306104 0.377965
0 0.698623 0.055358 0.044436 0.033826
0 0.116231 0.560631 0.175855 0.129751
0 0.828868 0.745703 0.047568 0.038484
0 0.447724 0.967786 0.032030 0.027390
0 0.863503 0.318824 0.036968 0.030375
0 0.126463 0.496472 0.060744 0.040129
0 0.309076 0.306440 0.041353 0.031730
0 0.415053 0.063754 0.034796 0.027673
0 0.017279 0.582632 0.034559 0.135212
0 0.138635 0.106714 0.076998 0.064116
0 0.210174 0.078463 0.049427 0.036720
0 0.946620 0.835590 0.106761 0.148677
0 0.349911 0.724656 0.030064 0.023978
0 0.380949 0.417042 0.041344 0.032169
0 0.982061 0.265632 0.035872 0.054608
0 0.438584 0.394802 0.166654 0.131216
0 0.602698 0.565094 0.240194 0.218455
0 0.576997 0.587827 0.300788 0.241679
0 0.864254 0.288239 0.033498 0.026777
0 0.946844 0.736586 0.104939 0.094958
0 0.088589 0.644319 0.152506 0.129708
0 0.968857 0.936092 0.062286 0.117917
0 0.414990 0.136126 0.035060 0.030567
0 0.828777 0.959234 0.041456 0.032537
0 0.202317 0.030808 0.055095 0.045832
0 0.600403 0.709524 0.032004 0.024401
0 0.341653 0.066297 0.054359 0.041474
0 0.682890 0.944204 0.030663 0.024872
0 0.992282 0.600005 0.015306 0.025109
0 0.368630 0.378906 0.042504 0.035561
0 0.971484 0.123385 0.057032 0.246769
0 0.979784 0.270839 0.040431 0.070226