0 0.111048 0.124361 0.222096 0.245125
0 0.611474 0.868417 0.338003 0.263166
0 0.644819 0.726097 0.047174 0.041617
0 0.915047 0.947528 0.120581 0.104944
0 0.335935 0.180969 0.058009 0.055632
0 0.555693 0.433184 0.093421 0.085243
0 0.843464 0.169451 0.313073 0.338903
0 0.090238 0.271121 0.051111 0.047521
0 0.273414 0.252601 0.038032 0.036462
0 0.058117 0.397069 0.116235 0.178888
0 0.758159 0.653129 0.033158 0.029496
0 0.675201 0.645250 0.045246 0.040434
0 0.907008 0.037362 0.185984 0.074724
0 0.273048 0.598902 0.035351 0.032651
0 0.223651 0.501861 0.174572 0.162794
0 0.536795 0.270895 0.040882 0.036734
0 0.985141 0.834893 0.027274 0.026019
0 0.774768 0.983103 0.032943 0.029951
0 0.296732 0.865419 0.037640 0.033703
0 0.227581 0.273866 0.065240 0.062531
0 0.479727 0.276763 0.031769 0.032076
0 0.834658 0.793286 0.133834 0.112115
0 0.415761 0.249097 0.028486 0.027613
0 0.872473 0.722329 0.036642 0.032823
0 0.603831 0.948232 0.030043 0.027527
0 0.060847 0.520994 0.121694 0.130640
0 0.981994 0.800137 0.031442 0.028937
0 0.595771 0.274335 0.039982 0.036910
0 0.662570 0.615085 0.034368 0.029300
0 0.453267 0.286053 0.034041 0.032064
0 0.411774 0.271742 0.682250 0.543485
0 0.815920 0.879459 0.095742 0.079692
0 0.751409 0.317239 0.040984 0.036701
0 0.206463 0.317343 0.063111 0.059114
0 0.806139 0.243549 0.027645 0.025082
0 0.953490 0.371556 0.092810 0.266966
0 0.750558 0.607114 0.037468 0.034357
0 0.893184 0.416716 0.026626 0.024885
0 0.299144 0.985306 0.049281 0.029388
0 0.107907 0.613965 0.095477 0.088290