0 0.781702 0.082725 0.057823 0.057348
0 0.655927 0.410529 0.030911 0.030899
0 0.313557 0.626297 0.034080 0.033632
0 0.589039 0.506112 0.034590 0.033782
0 0.643383 0.908155 0.031856 0.031732
0 0.925187 0.238407 0.032166 0.032429
0 0.231092 0.295846 0.035158 0.034438
0 0.370397 0.370756 0.030364 0.030023
0 0.538642 0.366011 0.034309 0.033180
0 0.015123 0.582789 0.029911 0.030594
0 0.270835 0.322137 0.029093 0.028238
0 0.647352 0.306787 0.036749 0.037025
0 0.371356 0.419295 0.026419 0.025624
0 0.045035 0.521719 0.021961 0.021964
0 0.572142 0.533283 0.028876 0.028321
0 0.271819 0.599953 0.034494 0.033936
0 0.794684 0.524191 0.021553 0.021625
0 0.330597 0.463536 0.025401 0.024877
0 0.370685 0.743420 0.025928 0.025443
0 0.967272 0.026054 0.023640 0.023585
0 0.403630 0.802710 0.076357 0.075938
0 0.045653 0.154633 0.025829 0.024654
0 0.617230 0.255331 0.025238 0.024345
0 0.963234 0.117955 0.025226 0.025224
0 0.353635 0.811634 0.032522 0.033832
0 0.293063 0.668949 0.017838 0.018028
0 0.850277 0.054980 0.048637 0.047706
0 0.203342 0.598548 0.018432 0.018514
0 0.258070 0.564272 0.020708 0.020298
0 0.306833 0.653610 0.021896 0.020707
0 0.415960 0.900626 0.068208 0.066195
0 0.830139 0.093855 0.037441 0.037576