0 0.257500 0.566458 0.058901 0.047250
0 0.546837 0.462133 0.063236 0.048953
0 0.761737 0.431464 0.063098 0.050672
0 0.028081 0.717906 0.055299 0.044754
0 0.302625 0.620760 0.051136 0.040657
0 0.221431 0.607445 0.056557 0.043564
0 0.832083 0.786894 0.059074 0.048659
0 0.077976 0.965652 0.088094 0.066825
0 0.500265 0.356587 0.057663 0.044383
0 0.506925 0.503331 0.071838 0.056887
0 0.752081 0.374275 0.068632 0.055702
0 0.334923 0.778184 0.057851 0.044483
0 0.958363 0.034656 0.083169 0.069312
0 0.407876 0.318331 0.040028 0.031009
0 0.610255 0.452333 0.037788 0.030582
0 0.943230 0.084380 0.041386 0.031749
0 0.629005 0.498801 0.042217 0.032145
0 0.551499 0.973474 0.032920 0.027210
0 0.820545 0.447551 0.041970 0.031582
0 0.638356 0.992810 0.044130 0.014380
0 0.312218 0.845911 0.037134 0.026819
0 0.609419 0.011750 0.083609 0.023426
0 0.687815 0.329596 0.031972 0.025263
0 0.431299 0.143736 0.028461 0.023521
0 0.065518 0.465476 0.034237 0.027504
0 0.760863 0.309433 0.045128 0.036365
0 0.468452 0.682319 0.032442 0.025437
0 0.832209 0.624103 0.036936 0.029889
0 0.907557 0.595615 0.036995 0.031792
0 0.758854 0.994134 0.026861 0.011732
0 0.348050 0.291738 0.031057 0.024961
0 0.375797 0.721992 0.039016 0.029670
0 0.559487 0.197499 0.031045 0.026094
0 0.251825 0.498111 0.030166 0.024892
0 0.325195 0.149918 0.028161 0.022599
0 0.951134 0.231962 0.038294 0.028772
0 0.340088 0.954861 0.032641 0.026308
0 0.576051 0.046970 0.034583 0.028714
0 0.622077 0.008255 0.062728 0.016509
0 0.657168 0.049194 0.096108 0.073267
0 0.614719 0.179560 0.026752 0.022597
0 0.275464 0.229596 0.034614 0.026771