0 0.733178 0.498232 0.243182 0.219253
0 0.238905 0.358347 0.091214 0.086493
0 0.799741 0.942910 0.115998 0.106899
0 0.122044 0.260541 0.048904 0.045752
0 0.419323 0.824247 0.282726 0.266916
0 0.420620 0.975750 0.072164 0.048500
0 0.450476 0.360313 0.048987 0.042361
0 0.547186 0.333947 0.044019 0.037223
0 0.311657 0.305683 0.092687 0.087512
0 0.747534 0.097256 0.032895 0.032238
0 0.976215 0.055415 0.047570 0.051727
0 0.635724 0.182957 0.035785 0.033760
0 0.537693 0.623229 0.119556 0.107069
0 0.834112 0.840495 0.033159 0.029773
0 0.928342 0.177852 0.030187 0.028837
0 0.488011 0.556079 0.102690 0.092018
0 0.405974 0.597294 0.037265 0.033997
0 0.279603 0.162140 0.120532 0.116226
0 0.101177 0.800159 0.042698 0.036138
0 0.538738 0.969058 0.190088 0.061885
0 0.857059 0.046319 0.031989 0.029409
0 0.581028 0.783379 0.034970 0.031332
0 0.188998 0.269078 0.074258 0.070653
0 0.068038 0.311952 0.026568 0.025598
0 0.267760 0.089522 0.031316 0.029065
0 0.389036 0.138961 0.062311 0.054806
0 0.177458 0.988408 0.043409 0.022715
0 0.561194 0.382368 0.042098 0.036564
0 0.981961 0.390959 0.036077 0.081334
0 0.457136 0.954504 0.032245 0.030285
0 0.657730 0.273545 0.031945 0.029252
0 0.306241 0.058307 0.457594 0.116613
0 0.888536 0.400613 0.030807 0.028156
0 0.497185 0.346173 0.031263 0.027812
0 0.607778 0.589237 0.053238 0.045034
0 0.014229 0.076438 0.027944 0.028555
0 0.311643 0.968189 0.145886 0.063622
0 0.556505 0.757405 0.031751 0.029339
0 0.142329 0.054532 0.025308 0.024170
0 0.124197 0.300939 0.025364 0.024385
0 0.883505 0.462386 0.066678 0.058633