0 0.807424 0.661925 0.043816 0.043167
0 0.747404 0.596956 0.034149 0.033585
0 0.936240 0.357137 0.034987 0.034892
0 0.747185 0.497327 0.034946 0.034207
0 0.534405 0.386577 0.032723 0.032252
0 0.656940 0.319573 0.037149 0.036727
0 0.018067 0.524135 0.036012 0.055918
0 0.144261 0.954830 0.039305 0.039787
0 0.804760 0.840059 0.047832 0.044917
0 0.108996 0.247557 0.053791 0.054329
0 0.471411 0.562377 0.028690 0.028213
0 0.072232 0.958177 0.037265 0.036516
0 0.921937 0.011874 0.034876 0.023104
0 0.434445 0.012355 0.033723 0.024449
0 0.973317 0.223048 0.031596 0.031554
0 0.722363 0.866085 0.033497 0.033644
0 0.935430 0.059650 0.029891 0.029514
0 0.132322 0.260972 0.059964 0.058746
0 0.072086 0.034232 0.043277 0.041520
0 0.614600 0.159579 0.029640 0.028991
0 0.461017 0.091846 0.031990 0.033743
0 0.356802 0.383398 0.027894 0.028126
0 0.770063 0.782054 0.037819 0.037276
0 0.671151 0.187473 0.026706 0.025942
0 0.263479 0.194864 0.027921 0.027769
0 0.791129 0.122594 0.031525 0.030426
0 0.923095 0.718563 0.047295 0.045630
0 0.155101 0.528936 0.029325 0.028638
0 0.440802 0.364513 0.026526 0.027061
0 0.470200 0.500183 0.029981 0.028843
0 0.483521 0.794545 0.028586 0.028514
0 0.201251 0.098813 0.025798 0.025500
0 0.800414 0.748546 0.027250 0.027166
0 0.070942 0.988240 0.042065 0.023521
0 0.981531 0.114249 0.036938 0.054723
0 0.083335 0.589594 0.042224 0.041760
0 0.375036 0.738969 0.029701 0.031039
0 0.293989 0.796132 0.023783 0.023614
0 0.277870 0.622158 0.037471 0.037206
0 0.461776 0.475447 0.027701 0.027551
0 0.264870 0.704517 0.032779 0.032386
0 0.702699 0.750669 0.029447 0.029196