0 0.627320 0.820610 0.127923 0.126796
0 0.325329 0.449071 0.108420 0.107165
0 0.778545 0.403120 0.102220 0.099391
0 0.192989 0.547594 0.054226 0.054142
0 0.917019 0.878650 0.043888 0.043486
0 0.861864 0.624750 0.057779 0.055096
0 0.501923 0.645819 0.044006 0.043006
0 0.667044 0.337108 0.041807 0.039931
0 0.471971 0.575069 0.092178 0.089973
0 0.881009 0.822214 0.037260 0.037379
0 0.702517 0.551883 0.037492 0.037431
0 0.753139 0.957962 0.036357 0.035728
0 0.670738 0.064288 0.030034 0.029784
0 0.548871 0.807400 0.034997 0.035688
0 0.702846 0.851410 0.057163 0.055239
0 0.421569 0.746322 0.128876 0.126300
0 0.419628 0.690248 0.123193 0.123179
0 0.300095 0.921593 0.030759 0.030104
0 0.087381 0.913268 0.171134 0.171878
0 0.960451 0.381510 0.079099 0.096215
0 0.408332 0.725647 0.033654 0.035428
0 0.505674 0.325562 0.028687 0.027936
0 0.409575 0.446003 0.065698 0.061857
0 0.404430 0.134973 0.033137 0.030883
0 0.034498 0.063243 0.026075 0.026044
0 0.492676 0.860736 0.024385 0.023904
0 0.971046 0.787884 0.048943 0.048398
0 0.296930 0.770746 0.026520 0.026153
0 0.818374 0.345981 0.043506 0.042630
0 0.160556 0.519482 0.027568 0.027142
0 0.202226 0.183174 0.335109 0.345056
0 0.419658 0.713436 0.134616 0.162940
0 0.629076 0.829671 0.025361 0.025283
0 0.403698 0.724482 0.041383 0.042123
0 0.194962 0.080799 0.023968 0.023385