0 0.129883 0.125141 0.190418 0.184151
0 0.910955 0.101428 0.178090 0.195476
0 0.450022 0.074874 0.135861 0.129260
0 0.203292 0.945956 0.044533 0.042935
0 0.725855 0.153193 0.073937 0.072962
0 0.336438 0.151362 0.047184 0.044840
0 0.642863 0.984362 0.036875 0.031275
0 0.978610 0.604377 0.042781 0.055870
0 0.614390 0.026154 0.125895 0.051906
0 0.848702 0.440368 0.036526 0.036055
0 0.338651 0.802066 0.034524 0.034925
0 0.400420 0.793361 0.031610 0.031264
0 0.543134 0.304150 0.034165 0.033395
0 0.984259 0.217915 0.029426 0.028509
0 0.178466 0.884320 0.029703 0.029033
0 0.788961 0.112935 0.061189 0.058668
0 0.351412 0.010697 0.037784 0.021395
0 0.788916 0.300664 0.030099 0.029804
0 0.960407 0.334995 0.079185 0.123195
0 0.429219 0.909645 0.061741 0.060664
0 0.195259 0.492939 0.389615 0.463018
0 0.201967 0.901086 0.026642 0.026260
0 0.906683 0.443915 0.029362 0.028179
0 0.535610 0.036948 0.066872 0.064108
0 0.072520 0.226873 0.099605 0.095471
0 0.508173 0.858619 0.051232 0.049454
0 0.525008 0.038100 0.085687 0.073332
0 0.381201 0.418035 0.027880 0.027560
0 0.696113 0.007331 0.040521 0.014661
0 0.461317 0.955240 0.044427 0.042063
0 0.160970 0.265289 0.130702 0.122132
0 0.776238 0.870625 0.113502 0.111649
0 0.795068 0.198456 0.101427 0.098948
0 0.952494 0.534197 0.093082 0.099424
0 0.012818 0.009135 0.025509 0.017075
0 0.091450 0.758736 0.023041 0.022397
0 0.154177 0.973878 0.079348 0.052245
0 0.396786 0.814580 0.086432 0.083168
0 0.907974 0.917249 0.184052 0.164187