0 0.938187 0.925303 0.116000 0.108271
0 0.484514 0.196416 0.062360 0.057815
0 0.713094 0.393782 0.297226 0.289735
0 0.980212 0.792836 0.039576 0.046891
0 0.331904 0.129573 0.375950 0.259146
0 0.349949 0.739881 0.093023 0.084278
0 0.540276 0.119273 0.063362 0.060945
0 0.190442 0.222539 0.082888 0.078344
0 0.215917 0.489735 0.037992 0.036190
0 0.789436 0.882418 0.053256 0.050230
0 0.863783 0.865374 0.083858 0.080618
0 0.430779 0.736351 0.053023 0.049047
0 0.100423 0.118525 0.051683 0.047383
0 0.107359 0.747724 0.213719 0.252979
0 0.568411 0.794795 0.037801 0.037248
0 0.384025 0.338166 0.176645 0.171326
0 0.290643 0.657731 0.036087 0.034081
0 0.540803 0.819485 0.032580 0.030403
0 0.531656 0.926308 0.089678 0.084800
0 0.728799 0.679792 0.060335 0.055887
0 0.569237 0.456674 0.041385 0.037138
0 0.023398 0.261154 0.045847 0.046660
0 0.043643 0.036581 0.032805 0.030554
0 0.434389 0.339596 0.054664 0.051281
0 0.685347 0.623123 0.036736 0.033945
0 0.589484 0.726555 0.070832 0.063977
0 0.588715 0.557922 0.033240 0.031873
0 0.227692 0.802253 0.043629 0.038528
0 0.591496 0.626124 0.033522 0.031156
0 0.635697 0.686785 0.031686 0.029477
0 0.042163 0.613501 0.047193 0.043384
0 0.921242 0.595629 0.081941 0.072053
0 0.325564 0.457892 0.043469 0.038467
0 0.255411 0.861131 0.035192 0.032625
0 0.310644 0.985527 0.028641 0.026585
0 0.546677 0.969519 0.103969 0.060962
0 0.171544 0.667039 0.048085 0.044879
0 0.839145 0.249384 0.067961 0.060944
0 0.992081 0.836027 0.015837 0.062468
0 0.401056 0.112187 0.044846 0.042079
0 0.705059 0.232192 0.058102 0.054394
0 0.134243 0.982742 0.053934 0.034517
0 0.350037 0.438240 0.035381 0.035320
0 0.456666 0.709247 0.039956 0.037263
0 0.377713 0.515757 0.036356 0.034379
0 0.585876 0.321191 0.029372 0.027879
0 0.819284 0.816811 0.034092 0.032085
0 0.700618 0.064849 0.034006 0.032758
0 0.117853 0.181786 0.095132 0.094268
0 0.057270 0.178593 0.032625 0.031790
0 0.261202 0.789068 0.031169 0.028783
0 0.516156 0.855372 0.045571 0.045934
0 0.403360 0.776400 0.048442 0.046448
0 0.056325 0.069374 0.038317 0.036924
0 0.362815 0.786858 0.029507 0.027093
0 0.474000 0.089960 0.087678 0.079179
0 0.152323 0.303258 0.067749 0.061764
0 0.650284 0.043917 0.028778 0.027980
0 0.111487 0.613078 0.032299 0.031095
0 0.474640 0.890946 0.041664 0.041446
0 0.401850 0.692342 0.070464 0.065592
0 0.906455 0.539368 0.175052 0.172997
0 0.967335 0.622991 0.037201 0.033695
0 0.076106 0.025963 0.031245 0.029691
0 0.965798 0.305875 0.068404 0.082654