0 0.391604 0.300854 0.049022 0.047370
0 0.433609 0.980250 0.049835 0.039501
0 0.669957 0.436649 0.081088 0.079374
0 0.080898 0.911295 0.160353 0.176352
0 0.460694 0.505031 0.043473 0.040691
0 0.031626 0.093232 0.039424 0.038566
0 0.941764 0.595239 0.082802 0.081597
0 0.717189 0.404617 0.077146 0.077080
0 0.361939 0.554221 0.050010 0.048087
0 0.983528 0.305461 0.032945 0.041570
0 0.435422 0.366234 0.033335 0.032134
0 0.408356 0.582203 0.040624 0.038630
0 0.744468 0.222884 0.075568 0.073214
0 0.046128 0.392938 0.033521 0.032088
0 0.394921 0.529658 0.074659 0.073302
0 0.321773 0.572827 0.039788 0.038885
0 0.086202 0.585520 0.089060 0.087550
0 0.045173 0.702356 0.033602 0.031947
0 0.422841 0.776204 0.028019 0.027791
0 0.833400 0.061016 0.052000 0.050259
0 0.874306 0.451482 0.055750 0.056592
0 0.747879 0.507305 0.084002 0.080607
0 0.878788 0.856185 0.112733 0.111052
0 0.806779 0.952668 0.026701 0.027126
0 0.841687 0.792888 0.072785 0.072501
0 0.379707 0.369229 0.030846 0.030662
0 0.645496 0.686940 0.033975 0.032798
0 0.303357 0.613172 0.043516 0.041865
0 0.264650 0.602188 0.036742 0.035468
0 0.236097 0.902347 0.041725 0.040802
0 0.231214 0.965989 0.165986 0.068022
0 0.832997 0.744680 0.024741 0.024232
0 0.716429 0.281626 0.066141 0.063994
0 0.518984 0.476007 0.033859 0.033662
0 0.060711 0.522988 0.091231 0.088560
0 0.352278 0.172268 0.144590 0.140402
0 0.350695 0.659666 0.087865 0.082113
0 0.932645 0.933838 0.060002 0.058954
0 0.581259 0.968294 0.025763 0.025565
0 0.894913 0.148854 0.110622 0.104563
0 0.285477 0.635169 0.036156 0.034332
0 0.402894 0.530677 0.063650 0.063521
0 0.538571 0.438707 0.047422 0.046137
0 0.292414 0.020202 0.053068 0.039967
0 0.497697 0.251455 0.056634 0.056099
0 0.463209 0.070346 0.083703 0.082665
0 0.637086 0.376449 0.081076 0.079878
0 0.510044 0.678567 0.061699 0.063269
0 0.932016 0.390590 0.104688 0.092955
0 0.587729 0.685188 0.091024 0.083894
0 0.317349 0.429508 0.034157 0.033435
0 0.472415 0.193840 0.100415 0.095634
0 0.934137 0.023725 0.056051 0.047445
0 0.929839 0.981989 0.054136 0.036022
0 0.243884 0.619877 0.029231 0.028563