0 0.262756 0.285223 0.071651 0.068987
0 0.324527 0.152345 0.063170 0.055810
0 0.520378 0.356456 0.032265 0.031499
0 0.405843 0.123740 0.051256 0.047344
0 0.235247 0.102342 0.048810 0.046089
0 0.450782 0.333734 0.033709 0.033538
0 0.543074 0.548739 0.039270 0.036229
0 0.553946 0.609576 0.038004 0.034570
0 0.745811 0.217500 0.048437 0.045871
0 0.682782 0.756520 0.042117 0.036778
0 0.477240 0.264709 0.023702 0.023300
0 0.710692 0.009541 0.045049 0.019052
0 0.574864 0.108952 0.031673 0.029777
0 0.584176 0.294644 0.023723 0.023572
0 0.467551 0.756725 0.033252 0.030449
0 0.553703 0.007976 0.039032 0.015797
0 0.164184 0.204252 0.039667 0.036625
0 0.675579 0.344680 0.029371 0.029132
0 0.351268 0.448759 0.029155 0.027442
0 0.888849 0.555224 0.030779 0.027835
0 0.477966 0.990424 0.047054 0.018955
0 0.567456 0.808502 0.148605 0.140335
0 0.190902 0.658626 0.085546 0.079623
0 0.386812 0.925994 0.053494 0.048014
0 0.476243 0.686964 0.031303 0.028731
0 0.490420 0.219665 0.018875 0.018103
0 0.893294 0.832024 0.048478 0.039716
0 0.139962 0.738972 0.123241 0.107742
0 0.315189 0.538608 0.027471 0.025942