0 0.931730 0.146700 0.133206 0.123630
0 0.163013 0.040830 0.057709 0.058255
0 0.709961 0.188289 0.127311 0.113315
0 0.645359 0.614092 0.043012 0.041986
0 0.663519 0.432033 0.099953 0.095496
0 0.289428 0.078639 0.041554 0.040308
0 0.981891 0.060547 0.035893 0.040400
0 0.255245 0.855644 0.037854 0.037252
0 0.187833 0.012806 0.031919 0.025221
0 0.987197 0.545072 0.025486 0.044554
0 0.415541 0.392551 0.291577 0.261227
0 0.574130 0.934297 0.031253 0.030171
0 0.778525 0.981152 0.051923 0.037473
0 0.832106 0.830505 0.054405 0.053349
0 0.656304 0.095138 0.053047 0.046800
0 0.931052 0.987633 0.031817 0.024563
0 0.629371 0.685067 0.085696 0.082075
0 0.046829 0.941246 0.036812 0.035663
0 0.297237 0.746388 0.053847 0.051865
0 0.978778 0.884940 0.042443 0.043812
0 0.661306 0.918895 0.028060 0.026650
0 0.693259 0.280585 0.083215 0.077641
0 0.354840 0.265739 0.051065 0.049126
0 0.651909 0.835598 0.034858 0.033186
0 0.634051 0.348870 0.050206 0.047139
0 0.258492 0.697731 0.047998 0.046731
0 0.335479 0.538590 0.044857 0.043052
0 0.649365 0.862028 0.027614 0.026683
0 0.435695 0.699566 0.336792 0.365864
0 0.772397 0.078440 0.319260 0.156871
0 0.356494 0.886246 0.043079 0.041205
0 0.560904 0.284403 0.074594 0.067987
0 0.284942 0.568467 0.055353 0.056161
0 0.452974 0.162235 0.042361 0.040476
0 0.190121 0.234670 0.056241 0.053733
0 0.660612 0.789180 0.036451 0.034723
0 0.655389 0.790338 0.045690 0.045296
0 0.666169 0.485437 0.045160 0.042514
0 0.662637 0.985601 0.026835 0.026279
0 0.615297 0.545215 0.122570 0.124277
0 0.841330 0.761153 0.042312 0.040544
0 0.868631 0.893505 0.087682 0.085836