0 0.260504 0.441946 0.154646 0.151174
0 0.959251 0.442960 0.049088 0.049207
0 0.104254 0.840146 0.059987 0.058436
0 0.687638 0.745755 0.037287 0.036761
0 0.319227 0.208417 0.056790 0.054985
0 0.827275 0.200720 0.047196 0.047200
0 0.293850 0.899365 0.061291 0.059547
0 0.908598 0.152525 0.056874 0.055525
0 0.963858 0.395322 0.036108 0.035599
0 0.251290 0.656904 0.045208 0.044655
0 0.872769 0.802433 0.053881 0.051734
0 0.947292 0.270286 0.083039 0.080971
0 0.164753 0.403611 0.039660 0.038352
0 0.531848 0.301761 0.052200 0.051657
0 0.230485 0.747123 0.048162 0.045999
0 0.677408 0.812333 0.040092 0.040080
0 0.883282 0.370415 0.046126 0.046045
0 0.120898 0.515776 0.048027 0.045950
0 0.669318 0.125810 0.039114 0.038695
0 0.951014 0.917418 0.033241 0.033216
0 0.509695 0.132135 0.044381 0.041329
0 0.909153 0.020518 0.057879 0.040929
0 0.122470 0.562919 0.057806 0.056191
0 0.284118 0.045196 0.039936 0.039689
0 0.837261 0.468934 0.038562 0.037230
0 0.468974 0.689646 0.032653 0.032210
0 0.642476 0.333642 0.049651 0.049508
0 0.330866 0.611667 0.052114 0.051248
0 0.171236 0.105420 0.029686 0.029925
0 0.658018 0.437216 0.068588 0.067610
0 0.787445 0.118299 0.036537 0.035673
0 0.711822 0.106838 0.028873 0.029552
0 0.596070 0.236986 0.032977 0.032072
0 0.366149 0.305510 0.031908 0.031425
0 0.559326 0.656892 0.038538 0.037225
0 0.199018 0.109968 0.033673 0.033268
0 0.554871 0.892476 0.040586 0.040799
0 0.446473 0.497906 0.039735 0.038692
0 0.408949 0.588092 0.033809 0.032874
0 0.480943 0.557487 0.037754 0.037151
0 0.599390 0.877584 0.050805 0.051754
0 0.171975 0.017965 0.040794 0.035931
0 0.279893 0.238987 0.035945 0.035654
0 0.060705 0.313369 0.033873 0.033123
0 0.320536 0.648375 0.034275 0.033238
0 0.375835 0.890158 0.078063 0.077279
0 0.891094 0.542804 0.027644 0.027198
0 0.120494 0.607059 0.029533 0.029391
0 0.181219 0.544643 0.030710 0.030144
0 0.493149 0.710144 0.041274 0.040908
0 0.675257 0.555429 0.028037 0.027833
0 0.882087 0.693530 0.055238 0.053042
0 0.050472 0.640656 0.032309 0.031656
0 0.623338 0.389950 0.027781 0.027509
0 0.238622 0.046664 0.030510 0.031105
0 0.902337 0.310146 0.030906 0.030925
0 0.454661 0.643161 0.040295 0.040005
0 0.388678 0.267892 0.029508 0.029995
0 0.533400 0.231360 0.143033 0.151642
0 0.876255 0.127670 0.031178 0.029772
0 0.700169 0.537311 0.043185 0.043159
0 0.618484 0.303015 0.060545 0.061330
0 0.811252 0.703835 0.331873 0.332957
0 0.695529 0.334251 0.050292 0.050688
0 0.253220 0.349416 0.031197 0.030139
0 0.487929 0.298776 0.032185 0.030953
0 0.060827 0.210585 0.030064 0.029994
0 0.817356 0.586538 0.026614 0.027594
0 0.478403 0.847535 0.104841 0.100364
0 0.769208 0.473819 0.029663 0.029101
0 0.428080 0.716133 0.027042 0.027479
0 0.945952 0.236797 0.051981 0.049855
0 0.170859 0.265782 0.027412 0.027163
0 0.190843 0.632080 0.027175 0.026253
0 0.016443 0.891060 0.026306 0.026263
0 0.794690 0.147228 0.028289 0.027346
0 0.080749 0.259747 0.027439 0.027308
0 0.107928 0.971868 0.184980 0.056264
0 0.170471 0.295821 0.028543 0.028027