0 0.261248 0.405381 0.092335 0.091716
0 0.197905 0.348509 0.024444 0.024271
0 0.156289 0.375832 0.052725 0.052823
0 0.705470 0.297670 0.029819 0.030014
0 0.394933 0.256197 0.024450 0.023866
0 0.159184 0.533601 0.049049 0.047906
0 0.740140 0.171422 0.020496 0.020460
0 0.484850 0.102572 0.031780 0.031774
0 0.875354 0.280116 0.025575 0.025488
0 0.722996 0.012696 0.027608 0.025393
0 0.545340 0.069210 0.026393 0.025953
0 0.330777 0.384688 0.022116 0.021795
0 0.923579 0.081940 0.040349 0.039615
0 0.426101 0.062388 0.019640 0.019760
0 0.533739 0.744510 0.043762 0.043677
0 0.484695 0.223415 0.022789 0.022811
0 0.071621 0.122003 0.024183 0.024275
0 0.554778 0.037477 0.021192 0.020785
0 0.974798 0.152541 0.020377 0.021049
0 0.176553 0.309682 0.031630 0.032028
0 0.941844 0.820702 0.029198 0.029233
0 0.098959 0.107430 0.035125 0.035094
0 0.461572 0.494911 0.030587 0.030317
0 0.592706 0.640170 0.019838 0.019796
0 0.166576 0.435650 0.022259 0.022086
0 0.993486 0.394058 0.013028 0.040532
0 0.894353 0.199207 0.023906 0.023865
0 0.123638 0.222308 0.069893 0.069397
0 0.545475 0.351085 0.022290 0.022110
0 0.441522 0.888647 0.044899 0.045041
0 0.995691 0.304120 0.008451 0.022975
0 0.254480 0.049458 0.052463 0.052719
0 0.352853 0.778677 0.025638 0.025784
0 0.811117 0.449913 0.022780 0.022844
0 0.510144 0.606034 0.019180 0.019439
0 0.773210 0.127780 0.017908 0.017984
0 0.015334 0.011175 0.020442 0.020280
0 0.857782 0.206114 0.016648 0.016674
0 0.316881 0.091183 0.027175 0.027235
0 0.994664 0.081425 0.010480 0.025833
0 0.274043 0.221548 0.057092 0.057004
0 0.440432 0.683531 0.021464 0.021355
0 0.093160 0.679025 0.033915 0.032818
0 0.366973 0.010900 0.033372 0.021566
0 0.904812 0.222080 0.017391 0.017700
0 0.011905 0.195230 0.017848 0.017213
0 0.926803 0.968603 0.091862 0.062565
0 0.215034 0.004547 0.035380 0.008474
0 0.992809 0.740986 0.014382 0.023999
0 0.206111 0.387043 0.017455 0.017805
0 0.648581 0.987511 0.020825 0.020288
0 0.570892 0.904433 0.026051 0.025903
0 0.940087 0.790627 0.033051 0.032652
0 0.257101 0.057559 0.041526 0.038520
0 0.020904 0.149183 0.017400 0.017834
0 0.019927 0.398275 0.039854 0.084509
0 0.168261 0.158373 0.017786 0.017966