0 0.411682 0.368542 0.070360 0.067301
0 0.789722 0.793394 0.048499 0.046309
0 0.507333 0.734528 0.033872 0.033320
0 0.447817 0.270527 0.042781 0.039030
0 0.752345 0.345204 0.035830 0.033305
0 0.517360 0.180794 0.031349 0.030059
0 0.715715 0.293162 0.044513 0.041978
0 0.481985 0.285931 0.031422 0.029370
0 0.755353 0.391828 0.039541 0.037111
0 0.676880 0.913016 0.028949 0.027618
0 0.273931 0.856900 0.028715 0.026407
0 0.867131 0.726030 0.030238 0.029745
0 0.006246 0.833640 0.012492 0.031740
0 0.564808 0.110694 0.079660 0.075924
0 0.404919 0.818823 0.026902 0.025577
0 0.539151 0.072415 0.053030 0.051605
0 0.580129 0.274792 0.030097 0.028502
0 0.543117 0.079475 0.064052 0.058373
0 0.507420 0.019632 0.030369 0.029351