0 0.242858 0.636924 0.123135 0.108365
0 0.750007 0.390588 0.086702 0.076083
0 0.452855 0.178208 0.056873 0.054382
0 0.127605 0.503884 0.135626 0.127224
0 0.761533 0.063874 0.042496 0.040332
0 0.294052 0.467202 0.128307 0.119091
0 0.258357 0.751514 0.037538 0.035344
0 0.637019 0.376183 0.033235 0.030542
0 0.173830 0.239999 0.034001 0.033284
0 0.820040 0.226906 0.037213 0.035383
0 0.232870 0.239821 0.033935 0.032452
0 0.244614 0.702124 0.040403 0.037153
0 0.306543 0.864983 0.051905 0.048679
0 0.848189 0.617186 0.039121 0.036341
0 0.938601 0.555792 0.033760 0.030721
0 0.344902 0.140322 0.038585 0.037685
0 0.965054 0.456390 0.069564 0.078473
0 0.490286 0.083853 0.080138 0.078285
0 0.963992 0.503069 0.050663 0.045203
0 0.069239 0.130610 0.039014 0.038548
0 0.199974 0.406985 0.064008 0.062408
0 0.366951 0.017621 0.040365 0.035243
0 0.024791 0.760856 0.029850 0.029585
0 0.461473 0.550419 0.030600 0.028554
0 0.340383 0.522956 0.120398 0.114143
0 0.944755 0.173012 0.033310 0.030657
0 0.430117 0.903549 0.029272 0.027562
0 0.960672 0.018519 0.078612 0.037038
0 0.950644 0.089149 0.098503 0.178297
0 0.094363 0.410285 0.050645 0.046350
0 0.553651 0.470767 0.285469 0.247106
0 0.254442 0.374312 0.075555 0.073595
0 0.205919 0.696004 0.034740 0.032482
0 0.442865 0.006870 0.030423 0.013739
0 0.276553 0.346899 0.075213 0.069176
0 0.305489 0.957926 0.093195 0.084147
0 0.614155 0.032371 0.024783 0.023655
0 0.656657 0.295346 0.043953 0.041174
0 0.290757 0.992880 0.035488 0.014239
0 0.993399 0.458004 0.013203 0.022069
0 0.099404 0.869928 0.026601 0.028436
0 0.307621 0.719622 0.089349 0.086121
0 0.248526 0.380841 0.065713 0.061604
0 0.293727 0.332141 0.045416 0.044080
0 0.822027 0.522380 0.067432 0.058328
0 0.988212 0.676082 0.023354 0.153419
0 0.897064 0.925532 0.030705 0.029012
0 0.048165 0.799494 0.064366 0.060265
0 0.152416 0.845284 0.035621 0.032765
0 0.402430 0.744656 0.092165 0.086002
0 0.283574 0.340689 0.065769 0.061573
0 0.598694 0.642745 0.219822 0.175405
0 0.961237 0.454528 0.066216 0.055534
0 0.072892 0.970600 0.079264 0.058800
0 0.247421 0.889597 0.091004 0.085191
0 0.432862 0.932883 0.169929 0.134234
0 0.679118 0.947214 0.117948 0.102730
0 0.953351 0.291396 0.045477 0.041838
0 0.345068 0.110852 0.030673 0.031078
0 0.151407 0.639756 0.055019 0.051444
0 0.957893 0.788319 0.084214 0.120559
0 0.136004 0.022082 0.065367 0.044165
0 0.937209 0.612089 0.066292 0.060451
0 0.821023 0.685566 0.038238 0.033007
0 0.264764 0.357761 0.073366 0.069071