0 0.032358 0.256909 0.051825 0.051334
0 0.414472 0.836152 0.047790 0.047216
0 0.454603 0.656820 0.048681 0.047747
0 0.947150 0.568428 0.033422 0.033049
0 0.059916 0.797008 0.033367 0.032994
0 0.506431 0.871404 0.034926 0.034246
0 0.398019 0.870631 0.033116 0.032508
0 0.790485 0.063007 0.047599 0.047429
0 0.354552 0.914761 0.034520 0.033786
0 0.888182 0.386581 0.041521 0.040590
0 0.817263 0.301601 0.034545 0.033316
0 0.202108 0.593371 0.030026 0.029860
0 0.841432 0.664013 0.029057 0.027989
0 0.990629 0.384585 0.018743 0.029010
0 0.047237 0.670308 0.033571 0.032482
0 0.926442 0.448277 0.025647 0.024551
0 0.313920 0.439389 0.036013 0.034643
0 0.656229 0.553837 0.030968 0.030008
0 0.672209 0.704157 0.039114 0.040742
0 0.485760 0.782011 0.028925 0.028556
0 0.649253 0.705182 0.044573 0.046211
0 0.750919 0.187604 0.054304 0.051797
0 0.703127 0.578252 0.038651 0.037628
0 0.187729 0.127804 0.031497 0.031203
0 0.152323 0.927377 0.023476 0.023810
0 0.960840 0.008887 0.026188 0.017585
0 0.327047 0.385341 0.022710 0.022568