0 0.240998 0.402690 0.185271 0.174529
0 0.620904 0.122304 0.219386 0.202292
0 0.965245 0.556075 0.069510 0.076115
0 0.491829 0.577854 0.074968 0.071488
0 0.475948 0.497952 0.054774 0.051471
0 0.753022 0.699463 0.043094 0.041860
0 0.404176 0.330440 0.056166 0.052275
0 0.185269 0.640390 0.085419 0.079988
0 0.749084 0.571902 0.136216 0.133046
0 0.837368 0.230951 0.103820 0.093460
0 0.886217 0.657173 0.045688 0.042082
0 0.613318 0.658192 0.101256 0.098712
0 0.960804 0.687828 0.078392 0.098363
0 0.709096 0.049990 0.057875 0.051861
0 0.610297 0.507908 0.050855 0.049008
0 0.067047 0.276029 0.086829 0.078733
0 0.579276 0.590487 0.053209 0.051226
0 0.593633 0.239380 0.039892 0.036831
0 0.277083 0.264723 0.085158 0.080122
0 0.277038 0.829986 0.115404 0.108753
0 0.782804 0.490025 0.045293 0.042816
0 0.136906 0.861496 0.080660 0.077229
0 0.064661 0.689264 0.127025 0.108651
0 0.863049 0.518119 0.033324 0.032275
0 0.111594 0.316259 0.039819 0.036856
0 0.819007 0.599106 0.035523 0.033749
0 0.906654 0.026227 0.078194 0.052249
0 0.282729 0.925576 0.079638 0.073309
0 0.426007 0.542198 0.035809 0.034477
0 0.464661 0.538809 0.033759 0.032845
0 0.685452 0.211052 0.052285 0.048502
0 0.740905 0.290163 0.040063 0.038120
0 0.019740 0.478660 0.039480 0.090310
0 0.852167 0.307682 0.035942 0.033371
0 0.629615 0.409021 0.056749 0.053542
0 0.113318 0.241419 0.033344 0.030456
0 0.254733 0.717009 0.090618 0.082887
0 0.067374 0.806880 0.045614 0.041277
0 0.837058 0.480199 0.055032 0.054320
0 0.487707 0.203833 0.031169 0.030118
0 0.063208 0.549437 0.038891 0.034998
0 0.797687 0.117655 0.042000 0.034671
0 0.388091 0.552235 0.039178 0.037984
0 0.377068 0.438076 0.068987 0.064853
0 0.202178 0.888440 0.056566 0.052212
0 0.774613 0.044612 0.040409 0.034950
0 0.749814 0.019641 0.095717 0.038653
0 0.909491 0.064633 0.042864 0.035329
0 0.037415 0.765399 0.050455 0.045695
0 0.133773 0.752471 0.137954 0.118526
0 0.370831 0.375892 0.028100 0.026324
0 0.506946 0.008750 0.036234 0.017432
0 0.102883 0.625973 0.042124 0.039073
0 0.775139 0.422197 0.131793 0.126623
0 0.857759 0.050918 0.045782 0.042049
0 0.987504 0.449858 0.024955 0.027832
0 0.355665 0.597731 0.042947 0.040193
0 0.020785 0.939933 0.036201 0.033355
0 0.918694 0.619167 0.034406 0.032169
0 0.309928 0.025061 0.040291 0.036710
0 0.654780 0.780136 0.690440 0.439729
0 0.639132 0.189174 0.055900 0.050709
0 0.961656 0.007882 0.052602 0.015573
0 0.087100 0.986903 0.049632 0.026194
0 0.723269 0.634926 0.117242 0.112731
0 0.144970 0.679088 0.033394 0.030911
0 0.021988 0.340122 0.029102 0.026167
0 0.962113 0.039245 0.042264 0.038061
0 0.383470 0.621035 0.037721 0.036082
0 0.642263 0.495972 0.026496 0.026621
0 0.302940 0.386159 0.054383 0.051551
0 0.957683 0.502385 0.028599 0.029250
0 0.603064 0.564354 0.024595 0.023631
0 0.590226 0.537265 0.026856 0.024927
0 0.387291 0.361099 0.028515 0.027559
0 0.913464 0.157906 0.033244 0.029916
0 0.862647 0.788397 0.042297 0.040234