0 0.670400 0.318793 0.204148 0.166289
0 0.902086 0.835771 0.116022 0.091672
0 0.076533 0.316186 0.053892 0.040221
0 0.225503 0.124785 0.063303 0.046748
0 0.255902 0.744369 0.066316 0.054617
0 0.068193 0.812217 0.051957 0.043444
0 0.550784 0.632583 0.086944 0.069350
0 0.599182 0.436341 0.100593 0.078843
0 0.023348 0.425229 0.036119 0.029812
0 0.712614 0.572953 0.081364 0.062721
0 0.827583 0.423915 0.050001 0.039873
0 0.644095 0.666865 0.055924 0.044967
0 0.231217 0.016021 0.042869 0.032043
0 0.343262 0.701108 0.064398 0.053255
0 0.519879 0.052238 0.067192 0.050491
0 0.388321 0.007737 0.039819 0.015475
0 0.914314 0.079995 0.171371 0.157404
0 0.810135 0.583539 0.041167 0.032055
0 0.486303 0.386254 0.035757 0.028891
0 0.349933 0.755085 0.037363 0.030084
0 0.411812 0.976077 0.079326 0.047588
0 0.542502 0.378424 0.093833 0.074459
0 0.675794 0.449087 0.035411 0.030030
0 0.154567 0.553692 0.030397 0.025506
0 0.962677 0.579530 0.074647 0.084457
0 0.340400 0.091628 0.137229 0.106252
0 0.665104 0.248111 0.076790 0.055884
0 0.158293 0.993962 0.048156 0.012077
0 0.772756 0.588534 0.035078 0.026938
0 0.885628 0.616167 0.094403 0.073387
0 0.561318 0.619934 0.041679 0.033969
0 0.797640 0.021385 0.116261 0.042525
0 0.162983 0.645942 0.068247 0.048612
0 0.605640 0.675903 0.035493 0.027619
0 0.897731 0.970249 0.027678 0.024530
0 0.324397 0.466848 0.128700 0.104603
0 0.619991 0.625566 0.047416 0.037173
0 0.558202 0.622876 0.052463 0.040380
0 0.405963 0.415423 0.085261 0.065414