0 0.833600 0.057020 0.173324 0.114039
0 0.617975 0.905428 0.242589 0.188878
0 0.786851 0.206712 0.060835 0.051507
0 0.368448 0.461120 0.039063 0.032213
0 0.757452 0.336532 0.049918 0.043730
0 0.897147 0.813780 0.054333 0.046692
0 0.152484 0.139732 0.045324 0.038008
0 0.912632 0.445420 0.036062 0.029075
0 0.223297 0.010866 0.059379 0.021705
0 0.271334 0.595204 0.034774 0.029853
0 0.152347 0.112247 0.027101 0.025339
0 0.275159 0.223964 0.086791 0.074258
0 0.030022 0.842645 0.033904 0.028221
0 0.390605 0.755013 0.026522 0.022898
0 0.726688 0.015645 0.041148 0.030757
0 0.978622 0.957553 0.042569 0.045397
0 0.110255 0.047222 0.163791 0.094444
0 0.993570 0.991092 0.012859 0.017816
0 0.703629 0.317189 0.031771 0.028989
0 0.355584 0.193256 0.155051 0.124823
0 0.987083 0.818806 0.025833 0.026643
0 0.686738 0.473116 0.036134 0.031651
0 0.755569 0.611589 0.037952 0.030843