0 0.102791 0.093048 0.037363 0.035729
0 0.385489 0.016906 0.044246 0.032990
0 0.434053 0.523026 0.053675 0.048960
0 0.597394 0.927476 0.057098 0.051064
0 0.924361 0.304462 0.149863 0.275298
0 0.767540 0.872221 0.127987 0.116272
0 0.898875 0.968907 0.036007 0.034006
0 0.385819 0.298086 0.043177 0.039898
0 0.972666 0.272850 0.029073 0.030861
0 0.579988 0.868522 0.073249 0.068837
0 0.966647 0.084636 0.043726 0.043477
0 0.922359 0.674279 0.111389 0.099520
0 0.744947 0.766144 0.100926 0.097697
0 0.200892 0.246851 0.028987 0.027389
0 0.676030 0.026610 0.049123 0.045102
0 0.677089 0.210352 0.069342 0.064722
0 0.034216 0.815238 0.034070 0.032913
0 0.607493 0.635243 0.114094 0.108136
0 0.927901 0.033535 0.030111 0.028401
0 0.091067 0.343742 0.052554 0.050330
0 0.555025 0.823263 0.033228 0.029632
0 0.005736 0.603935 0.011471 0.043894
0 0.729590 0.075127 0.035658 0.031311
0 0.493824 0.219153 0.036929 0.034326
0 0.528517 0.390211 0.131704 0.120021
0 0.576891 0.516030 0.073247 0.065562
0 0.285409 0.611831 0.060992 0.054716
0 0.569140 0.034832 0.099153 0.068894
0 0.383334 0.240921 0.034931 0.034510
0 0.216808 0.379476 0.039862 0.038230
0 0.146237 0.480210 0.053985 0.046233
0 0.204939 0.586940 0.042062 0.040984
0 0.910174 0.720602 0.044487 0.039196
0 0.683789 0.979017 0.053674 0.041619
0 0.731412 0.182525 0.046608 0.041082
0 0.658005 0.924694 0.055818 0.051432
0 0.913156 0.667227 0.086351 0.084602
0 0.744033 0.500300 0.440798 0.325663
0 0.640924 0.071698 0.101440 0.086278
0 0.555472 0.036221 0.069853 0.061094
0 0.640931 0.276763 0.036720 0.033922
0 0.439574 0.203837 0.036508 0.036427
0 0.719670 0.845108 0.057884 0.056817
0 0.656964 0.837846 0.071659 0.067973