0 0.583224 0.422054 0.055233 0.054376
0 0.918228 0.376598 0.043447 0.043837
0 0.832560 0.565970 0.039825 0.040780
0 0.164608 0.814569 0.036439 0.035884
0 0.711003 0.363920 0.033701 0.033076
0 0.549136 0.729917 0.034201 0.034180
0 0.378604 0.655444 0.029610 0.029271
0 0.400302 0.304095 0.032175 0.031912
0 0.904203 0.514432 0.033796 0.032808
0 0.359541 0.110192 0.032584 0.031506
0 0.818295 0.430693 0.038727 0.038107
0 0.808608 0.784486 0.030877 0.029248
0 0.330899 0.379164 0.030193 0.029426
0 0.839744 0.967278 0.034209 0.033937
0 0.330494 0.805470 0.028695 0.027925
0 0.458221 0.346539 0.027542 0.027775
0 0.236195 0.111547 0.028286 0.027341
0 0.738126 0.506438 0.034411 0.033505
0 0.191835 0.471985 0.026850 0.026550
0 0.014747 0.521290 0.024282 0.025255
0 0.222629 0.133742 0.025235 0.024971
0 0.518837 0.771420 0.026751 0.026288
0 0.266845 0.271599 0.027099 0.025952
0 0.856810 0.672805 0.026138 0.025939
0 0.506327 0.379945 0.024206 0.024451
0 0.446377 0.139597 0.034317 0.035377
0 0.985056 0.404595 0.027447 0.026828
0 0.735771 0.296485 0.055040 0.053461
0 0.361776 0.142094 0.027337 0.026354
0 0.469333 0.124467 0.047635 0.045202
0 0.465189 0.130941 0.057123 0.057362
0 0.889747 0.191508 0.025920 0.025882
0 0.925301 0.713123 0.026028 0.026080
0 0.915033 0.112085 0.036722 0.036195
0 0.558980 0.500950 0.027505 0.026586
0 0.449235 0.274419 0.024344 0.024122
0 0.980477 0.553547 0.024603 0.024253
0 0.809741 0.244000 0.043783 0.041790
0 0.802589 0.981031 0.028513 0.027730
0 0.420069 0.851811 0.025331 0.025093
0 0.461459 0.159459 0.028191 0.027708
0 0.647988 0.300229 0.029742 0.029240
0 0.563503 0.578327 0.033799 0.034693
0 0.816175 0.448031 0.026805 0.026775
0 0.637093 0.010688 0.026665 0.021240