0 0.612920 0.844813 0.075557 0.072815
0 0.738045 0.587956 0.033634 0.032688
0 0.678105 0.667158 0.037035 0.035331
0 0.854198 0.570464 0.039889 0.038879
0 0.717787 0.644422 0.030578 0.029430
0 0.803869 0.327296 0.035735 0.035979
0 0.784759 0.207427 0.027915 0.027733
0 0.833818 0.522305 0.030854 0.028189
0 0.852913 0.453192 0.026821 0.026906
0 0.611875 0.823184 0.030153 0.029097
0 0.757850 0.572157 0.026292 0.026175
0 0.270480 0.854254 0.037076 0.036858
0 0.838785 0.704967 0.079404 0.078269
0 0.936020 0.265235 0.033937 0.032991
0 0.534668 0.938356 0.036652 0.034551
0 0.578376 0.337275 0.026855 0.027514
0 0.264634 0.783734 0.031212 0.032255
0 0.418448 0.830575 0.027783 0.026821
0 0.622712 0.938589 0.049662 0.048569
0 0.508709 0.873111 0.049433 0.047476
0 0.842842 0.534395 0.029220 0.028715
0 0.797449 0.738310 0.037653 0.037042
0 0.800896 0.323944 0.031477 0.032335
0 0.652865 0.393511 0.024814 0.024834