0 0.331546 0.672425 0.090886 0.085171
0 0.604303 0.337078 0.158627 0.147188
0 0.806048 0.502588 0.257078 0.244402
0 0.448105 0.533354 0.052440 0.048779
0 0.054853 0.807024 0.053924 0.049269
0 0.207295 0.926674 0.046086 0.045183
0 0.899200 0.551672 0.051855 0.048786
0 0.692806 0.817019 0.045587 0.043025
0 0.024062 0.733656 0.036169 0.034290
0 0.736115 0.620917 0.045501 0.042311
0 0.117850 0.072273 0.233581 0.140039
0 0.139766 0.117028 0.030801 0.029786
0 0.768091 0.576517 0.050141 0.047481
0 0.223716 0.562764 0.151721 0.137505
0 0.746495 0.736545 0.051369 0.049645
0 0.091058 0.018618 0.040330 0.035870
0 0.963041 0.571602 0.073767 0.265869
0 0.313459 0.151331 0.044146 0.040570
0 0.206667 0.859679 0.030832 0.029277
0 0.968183 0.936702 0.063129 0.126596
0 0.711922 0.711042 0.038753 0.037179
0 0.693155 0.879028 0.064034 0.061423
0 0.140094 0.669030 0.030751 0.029563
0 0.964594 0.720960 0.028629 0.028365
0 0.719516 0.852167 0.034556 0.033533
0 0.608486 0.065306 0.028415 0.026279
0 0.335946 0.604534 0.027758 0.027044
0 0.624065 0.828628 0.029044 0.027676
0 0.490830 0.423659 0.029519 0.028907
0 0.475180 0.173785 0.026854 0.025693
0 0.564098 0.780555 0.048594 0.047492
0 0.691243 0.894793 0.040727 0.035551
0 0.511213 0.840320 0.026286 0.025895
0 0.512332 0.748261 0.024452 0.023503
0 0.442792 0.078094 0.417111 0.154093
0 0.302903 0.089081 0.039364 0.036855
0 0.294398 0.087649 0.056037 0.050808
0 0.264695 0.168539 0.075947 0.070881
0 0.595312 0.670251 0.076219 0.070933
0 0.394897 0.346474 0.152277 0.138111
0 0.399693 0.486956 0.043851 0.039844
0 0.254779 0.246442 0.106500 0.099800
0 0.206172 0.177940 0.060022 0.055367
0 0.418436 0.108047 0.071449 0.066647
0 0.703366 0.028233 0.212811 0.055849
0 0.497284 0.503839 0.042520 0.040218
0 0.165609 0.245749 0.284833 0.270061