0 0.865360 0.960802 0.066243 0.063501
0 0.186519 0.307466 0.059124 0.051724
0 0.168699 0.368115 0.098061 0.083042
0 0.287564 0.335506 0.058247 0.051279
0 0.859379 0.261668 0.060389 0.054216
0 0.490439 0.599484 0.066593 0.057127
0 0.318484 0.264961 0.051794 0.045454
0 0.713332 0.839268 0.053058 0.048508
0 0.598256 0.642850 0.051745 0.041919
0 0.373481 0.656162 0.093404 0.078288
0 0.542868 0.556205 0.093908 0.077508
0 0.744934 0.359095 0.053794 0.044217
0 0.083046 0.913938 0.075135 0.062492
0 0.442240 0.748643 0.071196 0.058166
0 0.784824 0.281972 0.089106 0.074599
0 0.082624 0.116766 0.057943 0.047407
0 0.714208 0.698100 0.037785 0.032595
0 0.086584 0.271941 0.039327 0.031880
0 0.358964 0.444110 0.039021 0.032849
0 0.571105 0.165312 0.069360 0.064549
0 0.083814 0.979538 0.058409 0.039864
0 0.730142 0.660921 0.050193 0.044205
0 0.404308 0.843060 0.092338 0.080299
0 0.400142 0.369252 0.030068 0.027654
0 0.033464 0.738958 0.033283 0.030354
0 0.711012 0.404615 0.083375 0.070275
0 0.066563 0.040229 0.062324 0.052616
0 0.541876 0.434810 0.050898 0.042194
0 0.353956 0.981523 0.034414 0.031473
0 0.681168 0.753077 0.040175 0.036616
0 0.853895 0.332807 0.097262 0.077588
0 0.672209 0.320315 0.050937 0.045792
0 0.606009 0.386633 0.037467 0.031430
0 0.583219 0.484502 0.060004 0.052092
0 0.802703 0.874730 0.031033 0.029222
0 0.755832 0.556233 0.034619 0.030870
0 0.347413 0.848130 0.072747 0.061228
0 0.053594 0.087947 0.040642 0.034774
0 0.643751 0.395209 0.035258 0.030337
0 0.759181 0.202587 0.058316 0.048334
0 0.027094 0.346610 0.053925 0.053251
0 0.467645 0.146298 0.039244 0.034346
0 0.694862 0.725580 0.041975 0.037315
0 0.515188 0.401515 0.053687 0.045375
0 0.313404 0.385078 0.030635 0.027754
0 0.592407 0.261928 0.035267 0.030694
0 0.714708 0.460173 0.080249 0.068909
0 0.420689 0.557747 0.029085 0.024898
0 0.975576 0.197620 0.040947 0.034648
0 0.455956 0.208050 0.034938 0.032219
0 0.625659 0.260349 0.044933 0.042026
0 0.816550 0.127340 0.358256 0.249538
0 0.899723 0.347697 0.027792 0.024568
0 0.771950 0.956123 0.028485 0.027014
0 0.599238 0.701418 0.046834 0.040667
0 0.642494 0.212262 0.056078 0.047864
0 0.819241 0.718835 0.029114 0.027168
0 0.390564 0.326558 0.074940 0.066508
0 0.269103 0.377482 0.027164 0.024817
0 0.695847 0.356589 0.037502 0.031020
0 0.564114 0.159054 0.060922 0.056627
0 0.650106 0.931471 0.082908 0.076324
0 0.007827 0.982838 0.015576 0.034323
0 0.090183 0.242573 0.029871 0.024617
0 0.110763 0.652938 0.026611 0.024309
0 0.864699 0.718396 0.030273 0.027003
0 0.276220 0.029191 0.044273 0.039096
0 0.109042 0.912580 0.030414 0.027388
0 0.567122 0.008265 0.046726 0.016508
0 0.785646 0.789474 0.046161 0.042268
0 0.721557 0.468706 0.093103 0.075705
0 0.973146 0.230778 0.051848 0.041131
0 0.405385 0.247203 0.044706 0.041001
0 0.686698 0.233099 0.030797 0.028637
0 0.883599 0.574454 0.034835 0.029888
0 0.656263 0.372503 0.042790 0.036257
0 0.349476 0.594139 0.050390 0.044059
0 0.654005 0.495341 0.061451 0.054485