0 0.198147 0.367439 0.081808 0.081489
0 0.537120 0.463339 0.055506 0.054561
0 0.373000 0.644172 0.034930 0.035015
0 0.390102 0.179657 0.033931 0.033774
0 0.325569 0.823648 0.038810 0.036945
0 0.965112 0.705337 0.031501 0.029659
0 0.344431 0.382726 0.070164 0.070407
0 0.057291 0.619490 0.029006 0.028653
0 0.209616 0.752818 0.029045 0.029224
0 0.256511 0.447978 0.036124 0.035826
0 0.391196 0.218454 0.030450 0.030593
0 0.302683 0.283667 0.074854 0.075038
0 0.546399 0.187520 0.073915 0.074982
0 0.103607 0.708669 0.043184 0.043891
0 0.234590 0.870708 0.026221 0.025664
0 0.229654 0.273961 0.034126 0.032918
0 0.549849 0.010977 0.025731 0.021613
0 0.412248 0.412755 0.070861 0.068992
0 0.180332 0.280715 0.065799 0.065606
0 0.298076 0.664018 0.091499 0.087782
0 0.425002 0.357793 0.050345 0.052699
0 0.006773 0.648024 0.013546 0.026851
0 0.504631 0.520245 0.025104 0.025382