0 0.433052 0.963135 0.047801 0.035347
0 0.126818 0.224831 0.039928 0.029798
0 0.076809 0.119050 0.054513 0.039235
0 0.090845 0.382764 0.037938 0.027323
0 0.905086 0.513580 0.039326 0.030837
0 0.618723 0.185085 0.037541 0.027567
0 0.021986 0.588943 0.039969 0.031854
0 0.929631 0.461839 0.065621 0.045250
0 0.024529 0.227086 0.038826 0.028412
0 0.864108 0.417696 0.058781 0.041990
0 0.240611 0.285060 0.035693 0.026533
0 0.881050 0.599622 0.038509 0.028826
0 0.122693 0.641490 0.032932 0.026175
0 0.813028 0.438837 0.034295 0.026957
0 0.871292 0.482723 0.051229 0.041247
0 0.947459 0.061953 0.104791 0.122847
0 0.981319 0.626043 0.037361 0.062227
0 0.371788 0.030313 0.034180 0.023456
0 0.833339 0.524619 0.034512 0.025725
0 0.194081 0.494444 0.126001 0.103420
0 0.249392 0.139460 0.035583 0.025343
0 0.226999 0.125207 0.030192 0.023284
0 0.680802 0.423975 0.030463 0.025033
0 0.830285 0.994497 0.026963 0.011006
0 0.890017 0.122434 0.031295 0.026407
0 0.508816 0.944314 0.031103 0.021879
0 0.582774 0.037144 0.536240 0.074289
0 0.288127 0.710982 0.029755 0.022350