0 0.330194 0.828797 0.143143 0.136529
0 0.531964 0.511989 0.269530 0.265095
0 0.909863 0.823333 0.180275 0.223763
0 0.226675 0.295333 0.065089 0.063787
0 0.382666 0.311428 0.036963 0.035527
0 0.853199 0.425368 0.072717 0.070810
0 0.449020 0.727469 0.081218 0.078282
0 0.323619 0.477377 0.036140 0.035344
0 0.068170 0.183493 0.046605 0.045109
0 0.946897 0.087630 0.055368 0.052852
0 0.587682 0.324256 0.044644 0.042747
0 0.691750 0.063481 0.044636 0.043202
0 0.172055 0.149812 0.050621 0.047479
0 0.951494 0.262280 0.059987 0.060105
0 0.667092 0.094844 0.057171 0.055187
0 0.249777 0.438150 0.066413 0.065162
0 0.384234 0.123704 0.074494 0.071953
0 0.062146 0.060076 0.124050 0.116374
0 0.657904 0.959430 0.030441 0.028946
0 0.787685 0.403724 0.035241 0.034311
0 0.038515 0.207740 0.031083 0.031427
0 0.688593 0.961697 0.024908 0.024438
0 0.578115 0.659802 0.051870 0.050601
0 0.250840 0.642851 0.484111 0.457347
0 0.016301 0.307353 0.030299 0.030184
0 0.052259 0.826674 0.025187 0.024821
0 0.825760 0.632284 0.052471 0.051412
0 0.084627 0.291067 0.027308 0.026987
0 0.818932 0.141333 0.029649 0.028992
0 0.650574 0.645146 0.026379 0.026603
0 0.483507 0.915334 0.039460 0.038057
0 0.366359 0.283672 0.028028 0.027417
0 0.947416 0.987561 0.037336 0.024878
0 0.055342 0.940424 0.024473 0.025315
0 0.019896 0.934674 0.039793 0.050007
0 0.219908 0.629524 0.028524 0.027200
0 0.190304 0.395514 0.063777 0.063856
0 0.480159 0.987533 0.024635 0.022884
0 0.662239 0.013490 0.031190 0.026980
0 0.132925 0.394773 0.025537 0.025284
0 0.144594 0.723458 0.028775 0.028355
0 0.289096 0.447000 0.029889 0.031610
0 0.400292 0.641584 0.165848 0.164328
0 0.471636 0.104327 0.024898 0.023704
0 0.011380 0.745537 0.021157 0.021642
0 0.679204 0.327673 0.027775 0.027403
0 0.037580 0.991773 0.026482 0.015768
0 0.023555 0.842201 0.029159 0.026863
0 0.949218 0.966268 0.021208 0.019347
0 0.140637 0.125286 0.025993 0.025018
0 0.026418 0.827987 0.029368 0.028962
0 0.282483 0.027317 0.028883 0.026712
0 0.241885 0.068433 0.063539 0.062159
0 0.399302 0.007457 0.035994 0.014362
0 0.873299 0.133758 0.253402 0.261505
0 0.340279 0.121701 0.024815 0.023832