0 0.613867 0.671494 0.038850 0.033401
0 0.696024 0.822008 0.041354 0.035227
0 0.142540 0.518417 0.042425 0.035405
0 0.616272 0.737099 0.044906 0.039100
0 0.511129 0.157799 0.034032 0.032455
0 0.950280 0.592674 0.099440 0.114443
0 0.551541 0.684631 0.031147 0.028323
0 0.169932 0.369620 0.029986 0.025997
0 0.147796 0.891084 0.030319 0.027295
0 0.586964 0.720452 0.030558 0.029089
0 0.443988 0.184605 0.026686 0.025517
0 0.611406 0.132297 0.061618 0.055526
0 0.819173 0.880585 0.028738 0.025416
0 0.932887 0.992787 0.022340 0.014426
0 0.241720 0.791633 0.026403 0.023179