0 0.368766 0.337380 0.081855 0.078602
0 0.204552 0.548563 0.049246 0.047332
0 0.833934 0.800661 0.075615 0.072786
0 0.574766 0.696025 0.049482 0.047400
0 0.440943 0.780838 0.046935 0.043895
0 0.940979 0.842616 0.080082 0.079262
0 0.563530 0.801037 0.036926 0.035145
0 0.477154 0.022330 0.041474 0.039623
0 0.904708 0.659880 0.045053 0.044473
0 0.359319 0.426613 0.045993 0.042924
0 0.722144 0.019673 0.037308 0.036171
0 0.068382 0.985378 0.035784 0.029244
0 0.816168 0.109894 0.029853 0.029354
0 0.959167 0.387107 0.036205 0.035109
0 0.855447 0.313803 0.033158 0.031956
0 0.852530 0.054820 0.032285 0.031876
0 0.161238 0.009516 0.032861 0.018964
0 0.531790 0.646859 0.032180 0.030105
0 0.439892 0.835952 0.033509 0.031662
0 0.482210 0.759007 0.030189 0.027900
0 0.703609 0.892956 0.040666 0.038799
0 0.575911 0.890716 0.050105 0.049658
0 0.671434 0.697996 0.045330 0.044399
0 0.866539 0.404995 0.033191 0.032532
0 0.637640 0.026955 0.027208 0.027372
0 0.882446 0.835316 0.033412 0.032372
0 0.754266 0.628554 0.039095 0.037511
0 0.924848 0.099777 0.028956 0.027962
0 0.122311 0.850332 0.028215 0.027441
0 0.906948 0.552491 0.035075 0.033096
0 0.821599 0.218391 0.030598 0.031201
0 0.688749 0.281030 0.026399 0.026626
0 0.369513 0.272299 0.028925 0.028032
0 0.903084 0.162391 0.032629 0.031031
0 0.893999 0.698256 0.035299 0.033395
0 0.887808 0.947791 0.029516 0.028575
0 0.702762 0.580271 0.035649 0.035491
0 0.783866 0.950586 0.040636 0.041902
0 0.789966 0.705984 0.027979 0.027489
0 0.499150 0.877975 0.030246 0.028232
0 0.638342 0.300780 0.025865 0.025106
0 0.581967 0.587658 0.040313 0.038876
0 0.600129 0.464548 0.212619 0.201049
0 0.532087 0.390482 0.026659 0.025345
0 0.973977 0.147332 0.026710 0.026957
0 0.698254 0.412235 0.028377 0.029357
0 0.083734 0.149656 0.026600 0.024965
0 0.891635 0.860662 0.028191 0.027937
0 0.624143 0.682459 0.046257 0.044129
0 0.496762 0.552668 0.042593 0.040968
0 0.886757 0.428508 0.026143 0.025560
0 0.754353 0.931197 0.033154 0.032835
0 0.865931 0.887252 0.026090 0.025982
0 0.672096 0.517994 0.054465 0.049061
0 0.516985 0.589220 0.045590 0.043146
0 0.851472 0.336599 0.029908 0.028611
0 0.932972 0.475842 0.122061 0.116858
0 0.663920 0.815947 0.049222 0.047583