0 0.451556 0.143195 0.031696 0.032189
0 0.684345 0.185440 0.031950 0.030581
0 0.193586 0.492295 0.033726 0.033566
0 0.778203 0.956905 0.035913 0.034767
0 0.783700 0.088891 0.028960 0.028314
0 0.297690 0.069731 0.036286 0.035879
0 0.045038 0.227632 0.064302 0.063064
0 0.103254 0.962225 0.031776 0.030497
0 0.400688 0.041241 0.029399 0.029757
0 0.341043 0.715307 0.041568 0.040830
0 0.882445 0.853553 0.036748 0.035327
0 0.219079 0.394705 0.038389 0.039443
0 0.429366 0.912013 0.175737 0.175026
0 0.368856 0.840067 0.034600 0.032628
0 0.962719 0.635511 0.031876 0.031544
0 0.397913 0.700189 0.077960 0.076912
0 0.047650 0.277849 0.033304 0.033478
0 0.374296 0.620567 0.027664 0.027472
0 0.095561 0.989839 0.047477 0.020323
0 0.078200 0.886901 0.061541 0.063155
0 0.076003 0.053637 0.023622 0.024179
0 0.225697 0.964074 0.073153 0.067724