0 0.512225 0.128697 0.074140 0.070111
0 0.647611 0.052940 0.074160 0.071150
0 0.090558 0.317237 0.094199 0.088590
0 0.152267 0.182120 0.046408 0.041736
0 0.309794 0.964760 0.039125 0.037423
0 0.450827 0.240237 0.080833 0.074996
0 0.240212 0.380948 0.048645 0.043077
0 0.319748 0.342240 0.051879 0.046331
0 0.731392 0.748750 0.075217 0.068006
0 0.572069 0.958132 0.050176 0.041053
0 0.261249 0.912704 0.040442 0.038740
0 0.395883 0.371986 0.045835 0.041160
0 0.288720 0.029248 0.056663 0.052440
0 0.385399 0.022596 0.076056 0.045191
0 0.311339 0.865503 0.033185 0.032415
0 0.793724 0.649568 0.056667 0.049137
0 0.584797 0.589634 0.069070 0.064268
0 0.619721 0.223588 0.037126 0.035029
0 0.734006 0.906489 0.060168 0.049580
0 0.854934 0.589678 0.070190 0.063731
0 0.450935 0.022492 0.063378 0.044984
0 0.970609 0.527332 0.058732 0.058959
0 0.901333 0.541997 0.036246 0.033526
0 0.421920 0.055499 0.043108 0.037888
0 0.707078 0.199105 0.033929 0.031189
0 0.183698 0.932104 0.028975 0.028598
0 0.226571 0.358808 0.089654 0.081656
0 0.502606 0.391724 0.084574 0.076912
0 0.954684 0.777481 0.090461 0.106016
0 0.858434 0.529782 0.033078 0.032571
0 0.504365 0.448911 0.040834 0.034117
0 0.792442 0.824524 0.057030 0.048478
0 0.180020 0.738450 0.035275 0.032859
0 0.892054 0.975462 0.052299 0.047208
0 0.266365 0.072449 0.036608 0.034460
0 0.137712 0.864155 0.032830 0.032310
0 0.330790 0.223385 0.067459 0.057290
0 0.497039 0.316728 0.047341 0.043629
0 0.786029 0.727850 0.066512 0.060943
0 0.824853 0.962309 0.030883 0.028935
0 0.721781 0.940142 0.032717 0.028528
0 0.482836 0.174986 0.035433 0.031153
0 0.887705 0.224921 0.031064 0.029205
0 0.076936 0.012564 0.043898 0.025129
0 0.986101 0.203150 0.027797 0.034747
0 0.388024 0.934778 0.028607 0.027179
0 0.143956 0.046587 0.035228 0.034228
0 0.217296 0.274360 0.036460 0.031894
0 0.153445 0.718562 0.032502 0.030312
0 0.464700 0.342757 0.046734 0.040005
0 0.232441 0.689900 0.032148 0.031036
0 0.520340 0.217367 0.034455 0.032505
0 0.848824 0.364408 0.041594 0.040589
0 0.052605 0.720410 0.031441 0.031685
0 0.526032 0.826424 0.058882 0.054573
0 0.019719 0.461656 0.036435 0.034603
0 0.749096 0.987846 0.077624 0.024307
0 0.743089 0.678312 0.056095 0.051987
0 0.881306 0.798473 0.058748 0.054305
0 0.770658 0.953152 0.057663 0.050772
0 0.566152 0.224644 0.057169 0.054479
0 0.887270 0.831294 0.036274 0.035289
0 0.742195 0.498773 0.040190 0.037533
0 0.978476 0.369349 0.043049 0.075198
0 0.033551 0.182741 0.034947 0.033728
0 0.498925 0.564978 0.054396 0.051216
0 0.756937 0.988671 0.057729 0.022406
0 0.488484 0.064885 0.088905 0.081789
0 0.112527 0.840841 0.037057 0.036037
0 0.960650 0.278694 0.041885 0.040627
0 0.373315 0.299181 0.041592 0.038090
0 0.878690 0.878710 0.030189 0.025860
0 0.457318 0.784792 0.029701 0.027190
0 0.392090 0.456188 0.047386 0.042095
0 0.619971 0.109533 0.028085 0.026586
0 0.060251 0.360430 0.035747 0.032353
0 0.833766 0.721832 0.036872 0.033940
0 0.642335 0.479016 0.045271 0.044390
0 0.528913 0.601984 0.048491 0.043405
0 0.113051 0.791077 0.027703 0.026281
0 0.456420 0.363228 0.034189 0.028992
0 0.285309 0.382234 0.052201 0.047932
0 0.056537 0.749507 0.027611 0.026740
0 0.994867 0.941905 0.010231 0.023492
0 0.137443 0.441730 0.028930 0.026701
0 0.257257 0.681741 0.033531 0.033641
0 0.163935 0.536794 0.051754 0.050084
0 0.570511 0.795824 0.061250 0.055704
0 0.782912 0.882652 0.030198 0.027883
0 0.395666 0.866594 0.026912 0.027001
0 0.089557 0.789017 0.024789 0.024485
0 0.138646 0.744365 0.042658 0.041192
0 0.847739 0.848170 0.053373 0.045686
0 0.667982 0.438373 0.047864 0.044066
0 0.096253 0.366694 0.043103 0.039792
0 0.207451 0.920261 0.023543 0.023890
0 0.673453 0.443230 0.053722 0.049866
0 0.910230 0.397130 0.056416 0.055831
0 0.122340 0.700324 0.037138 0.036972
0 0.029201 0.611563 0.043413 0.040984
0 0.585709 0.689586 0.058563 0.052943
0 0.200408 0.886346 0.085520 0.086278
0 0.489729 0.986126 0.038116 0.027634
0 0.182301 0.339577 0.033452 0.031269
0 0.090642 0.902738 0.181284 0.193619
0 0.495122 0.006102 0.047211 0.012203
0 0.682992 0.362512 0.037273 0.036607
0 0.921930 0.841414 0.047241 0.041834
0 0.107670 0.900860 0.044322 0.041578