0 0.504806 0.171631 0.039400 0.039309
0 0.391228 0.200058 0.036984 0.036690
0 0.185501 0.579951 0.043071 0.042894
0 0.520556 0.227558 0.021630 0.021547
0 0.414825 0.417624 0.038122 0.038158
0 0.153793 0.430986 0.028976 0.028412
0 0.079047 0.921873 0.030197 0.031051
0 0.120486 0.200029 0.037492 0.037034
0 0.105647 0.331028 0.031601 0.031622
0 0.457912 0.125904 0.034001 0.033914
0 0.159130 0.986023 0.033407 0.027955
0 0.376389 0.484652 0.038992 0.038946
0 0.337696 0.167591 0.031413 0.031529
0 0.174620 0.538622 0.040792 0.040953
0 0.040785 0.983113 0.036939 0.033774
0 0.129145 0.019036 0.027633 0.027140
0 0.253481 0.047266 0.061289 0.061551
0 0.400512 0.008071 0.023806 0.016043
0 0.540848 0.296532 0.023952 0.023907
0 0.530159 0.153434 0.020854 0.021689
0 0.575623 0.318535 0.033055 0.033935
0 0.321244 0.101328 0.022322 0.022360
0 0.031113 0.307078 0.028475 0.028089
0 0.414690 0.235172 0.022347 0.022200
0 0.555219 0.109853 0.028534 0.027731
0 0.024473 0.552566 0.034776 0.033795
0 0.554664 0.169591 0.053716 0.056776
0 0.353846 0.239968 0.017762 0.018100
0 0.010849 0.686617 0.016311 0.016129
0 0.423907 0.607445 0.028736 0.028687
0 0.449257 0.409309 0.026850 0.026867
0 0.328071 0.072429 0.021811 0.021413
0 0.290254 0.340221 0.024411 0.024195
0 0.488481 0.800404 0.030413 0.029768
0 0.317408 0.180621 0.023111 0.020882
0 0.376420 0.155292 0.020067 0.020074
0 0.032965 0.389253 0.019742 0.019682
0 0.065573 0.613211 0.032933 0.032275
0 0.021395 0.488640 0.018105 0.018163
0 0.298449 0.657184 0.024397 0.024106
0 0.393728 0.350716 0.016457 0.016336
0 0.044909 0.572617 0.022784 0.026057
0 0.369007 0.768321 0.027071 0.026915
0 0.204844 0.796152 0.021369 0.020875
0 0.551837 0.646609 0.063824 0.062465
0 0.580293 0.378099 0.019518 0.019247
0 0.017403 0.581818 0.034807 0.045823
0 0.388483 0.038657 0.020115 0.020265
0 0.133649 0.482074 0.030280 0.030391
0 0.098863 0.614952 0.027426 0.027380
0 0.531250 0.104238 0.023403 0.023902
0 0.434098 0.816957 0.028581 0.027920
0 0.094425 0.507635 0.018726 0.018188
0 0.168616 0.839312 0.030927 0.028640
0 0.417536 0.981270 0.025087 0.024094
0 0.549609 0.789413 0.026311 0.026542
0 0.044470 0.417818 0.020011 0.020185
0 0.054484 0.387435 0.016206 0.016166
0 0.575957 0.492820 0.023500 0.024785
0 0.502461 0.486554 0.017835 0.017742
0 0.080915 0.043898 0.032535 0.032097