0 0.179399 0.215573 0.158105 0.157670
0 0.138562 0.106276 0.230210 0.210663
0 0.848276 0.039218 0.045612 0.045194
0 0.789746 0.056553 0.068587 0.068117
0 0.076261 0.373324 0.037946 0.035659
0 0.804345 0.285109 0.033759 0.032683
0 0.129781 0.459447 0.027462 0.026707
0 0.729766 0.216666 0.073252 0.071692
0 0.539542 0.180200 0.049442 0.046736
0 0.678500 0.778650 0.036673 0.033200
0 0.454474 0.536912 0.620094 0.526635
0 0.474438 0.152371 0.031146 0.030085
0 0.610843 0.020157 0.042143 0.038121
0 0.840925 0.020289 0.075737 0.040105
0 0.562853 0.213335 0.026063 0.025742
0 0.149630 0.682742 0.038964 0.038405
0 0.792554 0.160011 0.026960 0.026613
0 0.689868 0.020489 0.045737 0.039926
0 0.329097 0.258336 0.061901 0.059787
0 0.386536 0.170172 0.024552 0.024482
0 0.668123 0.106600 0.030773 0.029129
0 0.821148 0.233583 0.061444 0.063433
0 0.812858 0.399578 0.028266 0.028295
0 0.015255 0.178055 0.030510 0.047839