0 0.064061 0.100869 0.061851 0.049460
0 0.437992 0.322894 0.049864 0.037356
0 0.912976 0.181452 0.058311 0.045136
0 0.983643 0.700801 0.032714 0.035111
0 0.258505 0.391815 0.062909 0.046955
0 0.171292 0.206071 0.087194 0.063829
0 0.480182 0.074447 0.100181 0.075508
0 0.015380 0.200009 0.030759 0.041669
0 0.959546 0.462008 0.047205 0.037417
0 0.075723 0.216161 0.054820 0.045781
0 0.384849 0.071703 0.038521 0.028964
0 0.557461 0.217292 0.043499 0.035183
0 0.659719 0.180824 0.112274 0.085156
0 0.650746 0.062206 0.048766 0.039202
0 0.247597 0.560574 0.066987 0.046599
0 0.340240 0.565647 0.073673 0.056150
0 0.637586 0.567721 0.033433 0.024574
0 0.868850 0.464925 0.087789 0.058928
0 0.234278 0.773680 0.047323 0.031764
0 0.925732 0.315764 0.032689 0.026381
0 0.160822 0.643528 0.084512 0.062259
0 0.420422 0.532102 0.067663 0.055436
0 0.290720 0.025727 0.080013 0.051453
0 0.697856 0.231088 0.033422 0.025916
0 0.697339 0.735294 0.102869 0.072990
0 0.392983 0.279607 0.034884 0.026039
0 0.278873 0.130135 0.058563 0.042941
0 0.372146 0.472203 0.055503 0.042816
0 0.493435 0.570595 0.064298 0.051487
0 0.345524 0.400900 0.053608 0.039440
0 0.168367 0.731245 0.032042 0.022623
0 0.262860 0.463018 0.134915 0.108926
0 0.506275 0.053141 0.312149 0.106283
0 0.922393 0.417274 0.034933 0.030679
0 0.015119 0.096229 0.029428 0.029269
0 0.476142 0.067149 0.121515 0.079547
0 0.023495 0.644265 0.046874 0.039924
0 0.335409 0.243530 0.068872 0.053167
0 0.098285 0.441159 0.044727 0.033479
0 0.366765 0.700972 0.326421 0.203428