0 0.533807 0.821935 0.131126 0.128774
0 0.073558 0.455817 0.042892 0.040438
0 0.618551 0.525373 0.054312 0.051628
0 0.401911 0.159097 0.031747 0.030798
0 0.108067 0.227139 0.035042 0.032938
0 0.153025 0.481347 0.045647 0.044255
0 0.223629 0.853859 0.031813 0.031132
0 0.727571 0.331635 0.033377 0.032105
0 0.729085 0.480241 0.037497 0.034991
0 0.246336 0.188669 0.032366 0.031039
0 0.217455 0.825135 0.030971 0.030253
0 0.308633 0.090009 0.031624 0.030887
0 0.345057 0.920798 0.027761 0.027093
0 0.542854 0.279417 0.030816 0.030994
0 0.009639 0.269871 0.019278 0.047721
0 0.794971 0.697095 0.076460 0.072598
0 0.032730 0.138895 0.065243 0.153369
0 0.519465 0.540579 0.034842 0.034223
0 0.765808 0.769628 0.034612 0.033381
0 0.666374 0.184224 0.031652 0.031130
0 0.438435 0.840162 0.029229 0.029062
0 0.859554 0.056317 0.030777 0.030023
0 0.719281 0.857538 0.100078 0.093113
0 0.590156 0.116260 0.025984 0.025478
0 0.589055 0.037768 0.135397 0.075536
0 0.692999 0.468158 0.036791 0.035352
0 0.847423 0.371841 0.026172 0.025030
0 0.965679 0.125779 0.032594 0.030856
0 0.387722 0.988082 0.023703 0.022129
0 0.174656 0.717999 0.023369 0.023022
0 0.274220 0.323733 0.023975 0.023062
0 0.938762 0.982773 0.094168 0.034453
0 0.775414 0.434909 0.341815 0.325207
0 0.184350 0.040951 0.157108 0.081903
0 0.411467 0.857648 0.023746 0.022808
0 0.294991 0.947963 0.024181 0.023965
0 0.198767 0.005205 0.023937 0.010010