0 0.068313 0.612180 0.035435 0.028509
0 0.972007 0.675413 0.038879 0.031735
0 0.458692 0.230869 0.039820 0.031241
0 0.923448 0.105641 0.044920 0.039638
0 0.397503 0.973472 0.036705 0.031763
0 0.618532 0.086236 0.101863 0.082226
0 0.428281 0.956513 0.030633 0.025335
0 0.014248 0.991438 0.028496 0.017123
0 0.944451 0.208295 0.044239 0.036114
0 0.947565 0.137913 0.046750 0.039771
0 0.940276 0.184999 0.048126 0.042289
0 0.876491 0.491428 0.099399 0.084321
0 0.230338 0.279760 0.460675 0.351219
0 0.391153 0.483357 0.575594 0.568629
0 0.943591 0.141904 0.055778 0.046064
0 0.917418 0.948939 0.061227 0.050777
0 0.989714 0.650026 0.020521 0.028222
0 0.935817 0.180534 0.049390 0.045750
0 0.912631 0.943427 0.072289 0.061489