0 0.930556 0.623418 0.025505 0.024808
0 0.884647 0.520206 0.034915 0.034838
0 0.941872 0.646624 0.021519 0.021054
0 0.216781 0.974369 0.062623 0.051261
0 0.072715 0.885045 0.034516 0.033630
0 0.952859 0.400987 0.050611 0.050129
0 0.594143 0.764735 0.029647 0.029197
0 0.396137 0.555432 0.044611 0.041205
0 0.873403 0.831835 0.038394 0.038763
0 0.272230 0.854495 0.030633 0.029335
0 0.064706 0.955812 0.027994 0.028094
0 0.353935 0.709111 0.032376 0.032432
0 0.611103 0.949020 0.026435 0.026764
0 0.340866 0.693117 0.030292 0.028522
0 0.533759 0.918084 0.035998 0.034529
0 0.228569 0.140494 0.031656 0.030747
0 0.445314 0.675625 0.040990 0.040845
0 0.012721 0.185821 0.025442 0.056056
0 0.586097 0.908354 0.025802 0.025381
0 0.989216 0.738662 0.019234 0.019417
0 0.653394 0.990678 0.022555 0.018644
0 0.839751 0.272798 0.034491 0.031590
0 0.415467 0.853781 0.075454 0.073154
0 0.753462 0.677426 0.020869 0.020687
0 0.825988 0.621998 0.025502 0.026684
0 0.786520 0.023013 0.112593 0.046026
0 0.185768 0.293346 0.086566 0.080809
0 0.602732 0.557168 0.021570 0.021605
0 0.275498 0.874549 0.022896 0.022637
0 0.659956 0.492013 0.021549 0.021202
0 0.710552 0.253500 0.392674 0.410401
0 0.708750 0.729698 0.022916 0.022834
0 0.083801 0.973848 0.025394 0.025160
0 0.502887 0.830967 0.025609 0.025148