0 0.668909 0.642548 0.080807 0.070300
0 0.434186 0.092052 0.089096 0.072586
0 0.393659 0.041648 0.067576 0.057515
0 0.439066 0.625332 0.113714 0.100284
0 0.022274 0.432171 0.043900 0.043388
0 0.503488 0.221710 0.049702 0.040430
0 0.147103 0.045313 0.047962 0.040854
0 0.257321 0.304782 0.049379 0.041239
0 0.977739 0.028146 0.038189 0.036711
0 0.438543 0.017807 0.055382 0.034397
0 0.706010 0.888893 0.042443 0.036073
0 0.129399 0.304332 0.038096 0.036329
0 0.297430 0.290904 0.050228 0.041905
0 0.572950 0.764202 0.036016 0.029743
0 0.014845 0.541552 0.029690 0.031769
0 0.857722 0.753764 0.035378 0.030256
0 0.663639 0.249988 0.036948 0.029684
0 0.530203 0.723356 0.033834 0.029060
0 0.186006 0.193261 0.036807 0.031028
0 0.987135 0.597334 0.025672 0.030253
0 0.239235 0.569446 0.038620 0.036092
0 0.079309 0.547338 0.028826 0.026392
0 0.055827 0.295195 0.034237 0.032303
0 0.666595 0.122277 0.031510 0.028612
0 0.067713 0.779289 0.026598 0.025349
0 0.476188 0.562500 0.035257 0.030531
0 0.659944 0.559803 0.026865 0.024228
0 0.880991 0.665864 0.039325 0.033438
0 0.503195 0.156435 0.030202 0.024623
0 0.567508 0.224571 0.030392 0.025700
0 0.099542 0.430278 0.031069 0.027528
0 0.842190 0.070345 0.121173 0.109777
0 0.009901 0.467673 0.019802 0.030495
0 0.492434 0.980767 0.077378 0.038466
0 0.977408 0.547426 0.026912 0.024770
0 0.826345 0.553085 0.097460 0.083674
0 0.504650 0.019447 0.083605 0.038894
0 0.810822 0.609169 0.027883 0.026432
0 0.883992 0.143325 0.031547 0.029020
0 0.884590 0.843217 0.030203 0.027378
0 0.817734 0.559235 0.078389 0.068654
0 0.535566 0.165342 0.026838 0.023038
0 0.128833 0.167412 0.230186 0.203488