0 0.513754 0.288603 0.060701 0.050422
0 0.268193 0.052773 0.063429 0.054080
0 0.660468 0.599811 0.059044 0.046949
0 0.839878 0.213457 0.043741 0.036322
0 0.162155 0.365890 0.036863 0.031964
0 0.451153 0.159293 0.049635 0.040006
0 0.975322 0.035088 0.049355 0.050594
0 0.497734 0.787654 0.046276 0.036138
0 0.503876 0.838619 0.036722 0.030401
0 0.058352 0.166657 0.035399 0.030247
0 0.242777 0.406033 0.032254 0.027388
0 0.702808 0.723897 0.030093 0.025376
0 0.360583 0.912179 0.048728 0.038363
0 0.657376 0.641967 0.039524 0.035894
0 0.514531 0.238393 0.056250 0.046981
0 0.689353 0.991248 0.048714 0.016960
0 0.582893 0.174057 0.031898 0.026705
0 0.483270 0.894098 0.030375 0.025412
0 0.197465 0.363964 0.030193 0.026474
0 0.829257 0.155671 0.031081 0.026663
0 0.625596 0.171564 0.029432 0.024330
0 0.942020 0.990721 0.063984 0.018312
0 0.094912 0.169251 0.029553 0.024525
0 0.227565 0.123870 0.027433 0.023640
0 0.225226 0.012084 0.034048 0.024168
0 0.353823 0.576512 0.028156 0.023926
0 0.981559 0.596790 0.023449 0.022019
0 0.562038 0.067242 0.039816 0.031934
0 0.245798 0.704389 0.067623 0.055045
0 0.032154 0.609662 0.064308 0.084476