0 0.177425 0.396514 0.224106 0.191354
0 0.845941 0.538165 0.063766 0.051937
0 0.684036 0.795023 0.256443 0.212824
0 0.159940 0.039602 0.085799 0.075915
0 0.184183 0.559719 0.187566 0.149137
0 0.110246 0.706252 0.040246 0.034040
0 0.870422 0.106792 0.064463 0.059348
0 0.581722 0.924754 0.080334 0.066027
0 0.219338 0.074788 0.053251 0.047190
0 0.570731 0.043718 0.060267 0.058433
0 0.236784 0.876155 0.078832 0.061040
0 0.066486 0.441035 0.038538 0.031089
0 0.988075 0.057620 0.023090 0.037859
0 0.044431 0.677017 0.052901 0.041134
0 0.658653 0.918940 0.065911 0.054855
0 0.931420 0.518856 0.040567 0.033683
0 0.012727 0.090461 0.025223 0.051730
0 0.679959 0.693943 0.082286 0.063110
0 0.011377 0.661849 0.022755 0.067752
0 0.781073 0.389662 0.030938 0.028713
0 0.528354 0.762221 0.108054 0.092197
0 0.400498 0.360888 0.079657 0.066737
0 0.746057 0.967626 0.111238 0.064749
0 0.045655 0.218757 0.091311 0.118710
0 0.818626 0.057384 0.122228 0.104502
0 0.118765 0.010660 0.072193 0.021257
0 0.172275 0.504254 0.060539 0.046855
0 0.763219 0.262250 0.250202 0.243201
0 0.476910 0.150230 0.051624 0.045922
0 0.052320 0.118217 0.046477 0.040249
0 0.441679 0.741376 0.072631 0.061625
0 0.515318 0.207671 0.106861 0.094814
0 0.283406 0.975479 0.064013 0.048594
0 0.423102 0.281841 0.047994 0.042035
0 0.530967 0.075974 0.131778 0.128718
0 0.098560 0.118355 0.052046 0.045453
0 0.014096 0.977158 0.027032 0.031569
0 0.123757 0.013806 0.074084 0.027613
0 0.742070 0.043825 0.306746 0.087561
0 0.808920 0.499495 0.066424 0.056379
0 0.993530 0.098147 0.012941 0.042418
0 0.563541 0.593372 0.045490 0.035949
0 0.831156 0.888902 0.136062 0.122908
0 0.911378 0.812777 0.094989 0.077368
0 0.894607 0.190109 0.087211 0.084017
0 0.885219 0.350778 0.223546 0.281083
0 0.805371 0.044154 0.167957 0.088144