0 0.690054 0.419702 0.211235 0.154593
0 0.619062 0.715271 0.176124 0.129277
0 0.363993 0.279495 0.057163 0.042025
0 0.236237 0.525137 0.059894 0.041359
0 0.522364 0.593357 0.061626 0.044551
0 0.116935 0.454307 0.039536 0.028016
0 0.714636 0.582302 0.047942 0.036131
0 0.913883 0.528735 0.045903 0.032459
0 0.763188 0.215284 0.040389 0.029250
0 0.852533 0.574609 0.036554 0.025857
0 0.187051 0.212217 0.049270 0.035369
0 0.020489 0.164995 0.030571 0.024861
0 0.059282 0.398398 0.035276 0.026432
0 0.174238 0.408232 0.037486 0.025180
0 0.327131 0.437148 0.042238 0.031576
0 0.310873 0.280606 0.032251 0.022542
0 0.623902 0.055452 0.027476 0.021894
0 0.256911 0.484473 0.056817 0.041345
0 0.755350 0.327773 0.080590 0.062211
0 0.738236 0.115876 0.048151 0.038170
0 0.923073 0.722177 0.146404 0.113709
0 0.014022 0.079348 0.027263 0.029177
0 0.415016 0.586280 0.152761 0.112890
0 0.421184 0.493400 0.029371 0.023379
0 0.013387 0.740622 0.026774 0.068543