0 0.433923 0.445879 0.224433 0.215659
0 0.855527 0.240147 0.152498 0.139426
0 0.307886 0.622834 0.253841 0.235457
0 0.489230 0.082058 0.071841 0.067670
0 0.520901 0.558837 0.102670 0.092735
0 0.281074 0.472938 0.102608 0.098342
0 0.113027 0.086081 0.150921 0.142868
0 0.759905 0.590977 0.086590 0.082124
0 0.957392 0.809349 0.085216 0.101379
0 0.914666 0.333761 0.050366 0.043003
0 0.478813 0.822893 0.053467 0.049577
0 0.931923 0.668584 0.053022 0.049901
0 0.439026 0.151778 0.050489 0.045812
0 0.513754 0.227821 0.148449 0.141780
0 0.025301 0.846458 0.050452 0.059679
0 0.802413 0.885322 0.039037 0.036659
0 0.711868 0.909188 0.037235 0.032910
0 0.119931 0.317268 0.036538 0.034150
0 0.865888 0.427751 0.091475 0.084690
0 0.532185 0.955305 0.041124 0.038722
0 0.226247 0.348499 0.049000 0.045952
0 0.034498 0.120448 0.035019 0.032214
0 0.414422 0.311141 0.051379 0.046663
0 0.775836 0.804679 0.041772 0.039471
0 0.380065 0.798859 0.049314 0.045822
0 0.656451 0.642448 0.037396 0.033971
0 0.434990 0.933751 0.038841 0.035257
0 0.132377 0.924594 0.034619 0.033208
0 0.193423 0.949951 0.045483 0.044405
0 0.895114 0.610663 0.208704 0.390089
0 0.297735 0.268737 0.032408 0.030701
0 0.743001 0.833470 0.034389 0.033022
0 0.847552 0.754758 0.036382 0.034025
0 0.320084 0.336235 0.039600 0.037292
0 0.807334 0.325499 0.041106 0.035009
0 0.197924 0.943963 0.045770 0.043903
0 0.264458 0.377799 0.042447 0.039685
0 0.297037 0.932905 0.040726 0.038100
0 0.692261 0.013229 0.038090 0.026358
0 0.248642 0.957741 0.058086 0.056689
0 0.908871 0.860705 0.045284 0.042270
0 0.181716 0.151199 0.032682 0.031303
0 0.118912 0.518631 0.228059 0.239487
0 0.727198 0.139470 0.331870 0.274416
0 0.369529 0.339742 0.054269 0.052174
0 0.683250 0.464116 0.290735 0.252437
0 0.710948 0.656938 0.031482 0.028772
0 0.509495 0.156572 0.099055 0.095307
0 0.752935 0.246244 0.045679 0.040536
0 0.554029 0.840870 0.028973 0.028374
0 0.891296 0.789663 0.038791 0.036997
0 0.958978 0.906428 0.028863 0.027390
0 0.847578 0.815147 0.037682 0.035198
0 0.287772 0.226979 0.029246 0.029113
0 0.449047 0.023146 0.071455 0.046292
0 0.005890 0.793842 0.011516 0.044923
0 0.046155 0.759914 0.026623 0.026415
0 0.098104 0.349272 0.034464 0.031673
0 0.131049 0.231892 0.068896 0.063909
0 0.554047 0.110688 0.035423 0.032608
0 0.987266 0.324004 0.025467 0.037419
0 0.804976 0.759332 0.118423 0.108183
0 0.033513 0.308717 0.026606 0.026029
0 0.040304 0.628619 0.053615 0.053097
0 0.710680 0.963782 0.036091 0.034756
0 0.934279 0.023655 0.031229 0.029832
0 0.588778 0.529133 0.045848 0.041663
0 0.365591 0.820638 0.659450 0.357570