0 0.341188 0.354579 0.059268 0.056230
0 0.189036 0.649703 0.059062 0.052697
0 0.886978 0.707839 0.051826 0.047273
0 0.284820 0.072628 0.110921 0.102431
0 0.449341 0.241314 0.084226 0.080886
0 0.501891 0.611679 0.040845 0.038671
0 0.019910 0.913634 0.039819 0.049693
0 0.206779 0.495834 0.033681 0.031007
0 0.402391 0.676286 0.033465 0.031118
0 0.640890 0.283650 0.045747 0.043804
0 0.689936 0.728481 0.031778 0.028782
0 0.218102 0.747435 0.044260 0.042064
0 0.349396 0.011740 0.039551 0.023312
0 0.203538 0.345980 0.034141 0.031091
0 0.715728 0.959596 0.036042 0.033038
0 0.343790 0.499943 0.031726 0.029347
0 0.049644 0.872622 0.032099 0.029815
0 0.768045 0.317477 0.030460 0.029357
0 0.861636 0.937996 0.041896 0.037742
0 0.080094 0.122671 0.033888 0.030207
0 0.700167 0.799795 0.027962 0.025944
0 0.293321 0.392554 0.027626 0.025285
0 0.777663 0.989894 0.053683 0.020001
0 0.419361 0.324005 0.033771 0.029583
0 0.264605 0.137217 0.033055 0.030077
0 0.089944 0.547955 0.176255 0.226293
0 0.453531 0.125642 0.035360 0.033234
0 0.439601 0.290045 0.027744 0.026910
0 0.302027 0.584030 0.030540 0.028753
0 0.384872 0.344487 0.028659 0.026736
0 0.938533 0.971856 0.072569 0.054862
0 0.498731 0.227909 0.028860 0.028001
0 0.093868 0.147125 0.027183 0.026396
0 0.386206 0.246290 0.034504 0.029762
0 0.867452 0.282284 0.190910 0.167473
0 0.658221 0.777215 0.026480 0.023497
0 0.508971 0.982341 0.078773 0.034950
0 0.684195 0.136026 0.631611 0.272052
0 0.969074 0.222695 0.061723 0.166809
0 0.373852 0.982202 0.072886 0.035596
0 0.515542 0.986398 0.061583 0.027204
0 0.112817 0.250387 0.026502 0.023827