0 0.305992 0.290768 0.133836 0.120899
0 0.566276 0.893106 0.232390 0.203752
0 0.051640 0.614467 0.102088 0.200028
0 0.668575 0.608575 0.103964 0.096201
0 0.515521 0.110139 0.052380 0.046945
0 0.817537 0.900261 0.098311 0.093009
0 0.538681 0.219274 0.056974 0.051208
0 0.668178 0.751192 0.037418 0.034755
0 0.569063 0.098217 0.042599 0.039951
0 0.498270 0.913671 0.038861 0.035909
0 0.616293 0.495715 0.137037 0.125820
0 0.471214 0.314519 0.112757 0.108456
0 0.196708 0.402199 0.038243 0.034569
0 0.127520 0.245135 0.061157 0.055790
0 0.428421 0.136562 0.044503 0.041428
0 0.868554 0.929507 0.035693 0.034298
0 0.116542 0.852185 0.044158 0.040801
0 0.501094 0.707982 0.045926 0.040768
0 0.176008 0.312553 0.054843 0.051656
0 0.830427 0.502849 0.034429 0.030250
0 0.496064 0.984645 0.039062 0.029325
0 0.157168 0.015344 0.032980 0.029106
0 0.647344 0.289878 0.029970 0.028671
0 0.380405 0.419087 0.031412 0.029278
0 0.574708 0.983136 0.069708 0.033728
0 0.549103 0.921739 0.031362 0.029338
0 0.359799 0.463398 0.031796 0.030039
0 0.965029 0.019863 0.027672 0.027265
0 0.715924 0.820704 0.083831 0.076643
0 0.376336 0.171320 0.029290 0.027215
0 0.839687 0.506377 0.318089 0.539309
0 0.033295 0.286379 0.060657 0.059579
0 0.410662 0.303210 0.028518 0.027481
0 0.775716 0.132390 0.031163 0.031381
0 0.673154 0.013561 0.050693 0.027123
0 0.026719 0.181879 0.053438 0.312999
0 0.476162 0.463609 0.119834 0.106263
0 0.263521 0.469044 0.127969 0.118785
0 0.669374 0.386544 0.033741 0.031639
0 0.216297 0.340443 0.050180 0.043665
0 0.083343 0.157066 0.037137 0.034097
0 0.684783 0.058656 0.365205 0.116755
0 0.653248 0.809793 0.028821 0.026681
0 0.855652 0.968361 0.031537 0.027311
0 0.714532 0.134287 0.031104 0.029837
0 0.347054 0.120312 0.369272 0.240625
0 0.648533 0.119906 0.038573 0.037517