0 0.122250 0.826651 0.244500 0.284848
0 0.552349 0.938561 0.043504 0.043337
0 0.251104 0.379885 0.035765 0.035975
0 0.164471 0.575756 0.054700 0.053041
0 0.161908 0.667423 0.049878 0.049587
0 0.293224 0.960870 0.078509 0.074190
0 0.927888 0.935672 0.048950 0.044565
0 0.813407 0.341538 0.192071 0.190758
0 0.517978 0.422288 0.145003 0.142111
0 0.923617 0.302721 0.033788 0.033221
0 0.259928 0.292697 0.051252 0.049666
0 0.929200 0.787507 0.141156 0.304763
0 0.015414 0.181248 0.029414 0.031180
0 0.877932 0.234510 0.041615 0.039388
0 0.380797 0.919723 0.046144 0.045733
0 0.033223 0.207961 0.036725 0.036091
0 0.986802 0.943209 0.026395 0.042375
0 0.620386 0.988541 0.036491 0.022775
0 0.259651 0.918519 0.033112 0.031263
0 0.764802 0.545807 0.162323 0.155854
0 0.083910 0.655706 0.028918 0.027036
0 0.129703 0.246006 0.027648 0.026868
0 0.110569 0.616629 0.030820 0.030209
0 0.274942 0.236219 0.027070 0.024945
0 0.662783 0.595028 0.068114 0.067076
0 0.703790 0.799325 0.054546 0.050636
0 0.469019 0.335496 0.057867 0.056698
0 0.620544 0.498066 0.143884 0.143028
0 0.401927 0.296238 0.071261 0.071057
0 0.239306 0.022494 0.270938 0.044988
0 0.887130 0.618947 0.147095 0.140144
0 0.876369 0.157259 0.222959 0.206029
0 0.966787 0.342904 0.027606 0.027293
0 0.684894 0.835632 0.037722 0.036419
0 0.214561 0.971944 0.084551 0.055957
0 0.156603 0.622475 0.032181 0.030289
0 0.370795 0.913300 0.063639 0.060219
0 0.037187 0.008268 0.059215 0.016308
0 0.666451 0.719082 0.027098 0.025752
0 0.067621 0.276702 0.026678 0.026507
0 0.476041 0.446170 0.026739 0.027662
0 0.772663 0.459188 0.059070 0.058071
0 0.187109 0.277636 0.038851 0.038035
0 0.629418 0.819564 0.063441 0.060166
0 0.155094 0.134091 0.052986 0.049934
0 0.913732 0.102441 0.027840 0.027015
0 0.080158 0.682148 0.025449 0.023594
0 0.239342 0.478027 0.028905 0.029687
0 0.988028 0.292287 0.023751 0.036051
0 0.692522 0.900717 0.026113 0.024985
0 0.045356 0.439788 0.090711 0.252601
0 0.588524 0.223069 0.045152 0.043899
0 0.655592 0.790957 0.029140 0.027581
0 0.106849 0.317917 0.030487 0.029083
0 0.329868 0.460438 0.240693 0.240636
0 0.491783 0.094737 0.021336 0.020946
0 0.534979 0.420080 0.172220 0.165252
0 0.811999 0.052854 0.086509 0.083200