0 0.537836 0.270722 0.058452 0.057955
0 0.173423 0.489000 0.042108 0.041049
0 0.347097 0.267433 0.046552 0.043947
0 0.276217 0.838852 0.037121 0.036603
0 0.127078 0.714065 0.033032 0.032687
0 0.212392 0.963398 0.033789 0.032699
0 0.576396 0.938173 0.034370 0.033073
0 0.119036 0.800906 0.030485 0.030128
0 0.094828 0.167658 0.032729 0.030659
0 0.225545 0.030624 0.030255 0.028686
0 0.472030 0.449314 0.090364 0.089529
0 0.564313 0.614889 0.033377 0.032256
0 0.127259 0.772648 0.028675 0.027737
0 0.414331 0.814000 0.049010 0.048600
0 0.102480 0.925760 0.045242 0.044015
0 0.235459 0.161756 0.464064 0.323512
0 0.354154 0.988118 0.032228 0.023650
0 0.141865 0.905551 0.030103 0.028960
0 0.242384 0.538558 0.028659 0.028148
0 0.485794 0.045499 0.027625 0.027147
0 0.326935 0.448271 0.042870 0.042424
0 0.053307 0.868199 0.040009 0.039159
0 0.578323 0.410207 0.035753 0.035301
0 0.017442 0.866060 0.034550 0.047144
0 0.392374 0.525971 0.041261 0.041581
0 0.248985 0.007834 0.044407 0.015451
0 0.181660 0.397808 0.024665 0.024535
0 0.017995 0.705386 0.035990 0.047320
0 0.110441 0.920610 0.032007 0.031835
0 0.030921 0.090543 0.028456 0.026290
0 0.046349 0.614302 0.066619 0.065682
0 0.045398 0.976621 0.087546 0.046759
0 0.486459 0.138374 0.027404 0.026768
0 0.502929 0.915339 0.026009 0.025693
0 0.047441 0.592082 0.041401 0.039425
0 0.500451 0.244690 0.038570 0.037007
0 0.439522 0.980847 0.062240 0.038307