0 0.079175 0.194508 0.023990 0.023918
0 0.342390 0.250324 0.057184 0.052948
0 0.491546 0.873031 0.040281 0.037834
0 0.191233 0.789455 0.034986 0.034188
0 0.270071 0.527251 0.030894 0.029148
0 0.372142 0.399043 0.044919 0.042275
0 0.332588 0.185433 0.031722 0.028839
0 0.011754 0.200660 0.023508 0.029203
0 0.368669 0.988845 0.066543 0.022309
0 0.137287 0.184839 0.021101 0.020951
0 0.233914 0.664669 0.025263 0.024334
0 0.492666 0.801415 0.032036 0.030868
0 0.468512 0.013617 0.035292 0.026625
0 0.554290 0.924633 0.028814 0.027478
0 0.282160 0.483910 0.025834 0.024268
0 0.353292 0.210523 0.029274 0.027882
0 0.329623 0.375759 0.043080 0.039406
0 0.303566 0.821386 0.093482 0.084261
0 0.428710 0.974119 0.065800 0.051646
0 0.410156 0.672533 0.102436 0.076206