0 0.589978 0.153788 0.227559 0.187576
0 0.184675 0.040299 0.130934 0.080597
0 0.879601 0.323428 0.151560 0.121204
0 0.633443 0.607975 0.065315 0.047405
0 0.286411 0.544594 0.157897 0.116980
0 0.786911 0.790525 0.042457 0.033177
0 0.715076 0.463353 0.349505 0.253675
0 0.293259 0.383982 0.147792 0.125245
0 0.464284 0.228807 0.079502 0.062462
0 0.301714 0.297478 0.077395 0.059111
0 0.709206 0.238660 0.046433 0.033270
0 0.064659 0.902974 0.050433 0.037701
0 0.726494 0.344564 0.094744 0.071832
0 0.648743 0.349663 0.042885 0.031722
0 0.114133 0.621346 0.213279 0.158159
0 0.479121 0.513429 0.060623 0.046007
0 0.085340 0.823732 0.075576 0.058149
0 0.405681 0.165055 0.068106 0.054145
0 0.966556 0.628335 0.057918 0.048166
0 0.440788 0.305545 0.039305 0.029239
0 0.122738 0.979835 0.055585 0.038947
0 0.481211 0.373497 0.105922 0.079734
0 0.131307 0.407302 0.043295 0.030878
0 0.581372 0.083926 0.035396 0.030355
0 0.537056 0.454333 0.036018 0.027505
0 0.364804 0.236555 0.162296 0.123161
0 0.907351 0.241713 0.095016 0.073460
0 0.546338 0.414177 0.069496 0.052055
0 0.688284 0.695854 0.122541 0.100411
0 0.673141 0.172540 0.045434 0.036526
0 0.498666 0.319019 0.044693 0.034031
0 0.785020 0.297357 0.047827 0.036408
0 0.019817 0.447342 0.037957 0.029716
0 0.116441 0.894462 0.049390 0.036921
0 0.409411 0.535973 0.091258 0.064955
0 0.114239 0.796436 0.045885 0.037219
0 0.088071 0.290445 0.116783 0.098599
0 0.383583 0.291889 0.074502 0.054207
0 0.261992 0.180038 0.043727 0.033059
0 0.450595 0.949783 0.027818 0.025113
0 0.895441 0.236100 0.066707 0.051019
0 0.447694 0.430469 0.038840 0.026825
0 0.051079 0.739982 0.071980 0.057743
0 0.033842 0.971271 0.066676 0.054352
0 0.683796 0.222791 0.032152 0.027043
0 0.153312 0.481370 0.081068 0.063099
0 0.197494 0.161458 0.068885 0.051236
0 0.547954 0.127253 0.031431 0.027658
0 0.453125 0.170598 0.050162 0.042353
0 0.464854 0.394445 0.052489 0.037122
0 0.495847 0.370832 0.086913 0.066583
0 0.428831 0.337372 0.042329 0.032610
0 0.281923 0.149362 0.036977 0.028799
0 0.889518 0.855264 0.030619 0.023923
0 0.020971 0.693003 0.041941 0.068504
0 0.913426 0.270820 0.077752 0.061295
0 0.210157 0.442868 0.065067 0.048653