0 0.636602 0.768301 0.128147 0.115976
0 0.384298 0.814322 0.108108 0.095067
0 0.726654 0.940182 0.165522 0.119637
0 0.781279 0.515086 0.053350 0.048263
0 0.290415 0.027710 0.081140 0.055180
0 0.242823 0.546999 0.065573 0.057823
0 0.467645 0.475967 0.058650 0.049067
0 0.760708 0.921087 0.039276 0.037415
0 0.173991 0.394951 0.054945 0.050050
0 0.226540 0.732890 0.074514 0.069067
0 0.627130 0.906827 0.081320 0.070452
0 0.467438 0.133532 0.038386 0.033337
0 0.321431 0.753363 0.032995 0.030004
0 0.074278 0.383420 0.033363 0.029179
0 0.475752 0.878996 0.101218 0.088209
0 0.160732 0.501474 0.098781 0.085721
0 0.279060 0.793070 0.082831 0.072972
0 0.573081 0.594452 0.040708 0.035933
0 0.533587 0.657625 0.063302 0.057126
0 0.399725 0.887605 0.054782 0.048572
0 0.120906 0.368884 0.068655 0.060728
0 0.602987 0.685413 0.051774 0.043098
0 0.037044 0.377416 0.059278 0.051376
0 0.491800 0.882814 0.065738 0.059971
0 0.736193 0.098681 0.512432 0.196194
0 0.171312 0.698558 0.070452 0.061834
0 0.482515 0.748531 0.059784 0.051613
0 0.498053 0.578393 0.040177 0.034293
0 0.147595 0.843655 0.203205 0.172667
0 0.319959 0.371681 0.137385 0.119478
0 0.495522 0.583264 0.043194 0.039210
0 0.308246 0.837700 0.059330 0.051134
0 0.709621 0.606459 0.074248 0.060264
0 0.215020 0.639717 0.069745 0.062897
0 0.677323 0.554151 0.081546 0.072675
0 0.233437 0.394245 0.046544 0.038602
0 0.498219 0.797233 0.027654 0.026600
0 0.134607 0.949145 0.240591 0.101710
0 0.512351 0.136901 0.063439 0.057840
0 0.387201 0.570720 0.134250 0.118635
0 0.077762 0.437344 0.056126 0.049928
0 0.171519 0.706388 0.062291 0.057751
0 0.171764 0.714744 0.055792 0.043367
0 0.201531 0.947817 0.054478 0.048448
0 0.198538 0.975813 0.097889 0.048359