0 0.167794 0.796011 0.059478 0.049148
0 0.316301 0.249161 0.121551 0.096129
0 0.402767 0.341081 0.056594 0.046713
0 0.891193 0.562649 0.070737 0.059851
0 0.950073 0.435909 0.052325 0.042698
0 0.778976 0.948894 0.187801 0.102212
0 0.188082 0.058703 0.108626 0.081694
0 0.780570 0.776528 0.438860 0.419796
0 0.250032 0.422168 0.034121 0.030040
0 0.018731 0.418623 0.032478 0.027872
0 0.021182 0.185165 0.042364 0.039539
0 0.226472 0.763242 0.031917 0.027125
0 0.230650 0.061443 0.054877 0.046365
0 0.832320 0.124573 0.032166 0.026659
0 0.107977 0.531683 0.215953 0.505450
0 0.321323 0.765272 0.029891 0.027209
0 0.693266 0.394572 0.472852 0.443651
0 0.662025 0.986556 0.041975 0.026704
0 0.932701 0.264674 0.045360 0.034844
0 0.489076 0.683802 0.032919 0.028879
0 0.495611 0.574622 0.035176 0.030338
0 0.547489 0.990633 0.052716 0.017937
0 0.802224 0.022663 0.070812 0.045326
0 0.673446 0.671227 0.036540 0.029566
0 0.481309 0.515831 0.033673 0.029151
0 0.977385 0.580464 0.045229 0.108342
0 0.247665 0.448490 0.028057 0.025931
0 0.607558 0.372645 0.656785 0.523611
0 0.513717 0.639289 0.031087 0.026868
0 0.901762 0.044542 0.029724 0.024727
0 0.223202 0.604442 0.032624 0.029795