0 0.284847 0.570251 0.049532 0.041130
0 0.120911 0.959754 0.033724 0.028204
0 0.343834 0.074585 0.035830 0.029558
0 0.264535 0.210494 0.039185 0.034916
0 0.380490 0.709097 0.035881 0.031499
0 0.174672 0.124984 0.032217 0.029215
0 0.080921 0.363400 0.027949 0.027483
0 0.392810 0.854660 0.579492 0.290680
0 0.936238 0.559802 0.031553 0.028762
0 0.248199 0.962968 0.028155 0.024409
0 0.115350 0.207713 0.033623 0.030020
0 0.986448 0.988018 0.027104 0.023964
0 0.015754 0.704096 0.026973 0.024936
0 0.276067 0.188579 0.143434 0.124167
0 0.202060 0.744587 0.063015 0.053144
0 0.756517 0.936296 0.046892 0.043834
0 0.013041 0.203353 0.024457 0.025137
0 0.260558 0.904540 0.026080 0.023053
0 0.394596 0.898660 0.038826 0.031264
0 0.366639 0.107291 0.037820 0.032719
0 0.514360 0.004867 0.035932 0.009733
0 0.809315 0.990140 0.027011 0.019642
0 0.164859 0.839874 0.085723 0.071794
0 0.547234 0.657596 0.031722 0.027217