0 0.284493 0.932379 0.076149 0.056448
0 0.548768 0.512604 0.046169 0.035318
0 0.238122 0.021905 0.067105 0.043275
0 0.475566 0.430909 0.164750 0.124473
0 0.353410 0.211730 0.065875 0.048082
0 0.877595 0.337804 0.061831 0.042715
0 0.335315 0.714608 0.090273 0.068713
0 0.498992 0.013744 0.038367 0.026685
0 0.810211 0.394127 0.082686 0.067051
0 0.538404 0.797440 0.043384 0.030785
0 0.880249 0.405673 0.102038 0.087223
0 0.489198 0.107006 0.037051 0.029178
0 0.875804 0.288418 0.159957 0.132164
0 0.564338 0.009404 0.051635 0.018720
0 0.969349 0.303749 0.061302 0.060780
0 0.188384 0.587385 0.110392 0.082043
0 0.747408 0.394625 0.059201 0.047385
0 0.766135 0.749998 0.039423 0.028156
0 0.461362 0.239615 0.078163 0.057597
0 0.283856 0.250976 0.107167 0.086666
0 0.211696 0.351462 0.066160 0.051565
0 0.539161 0.897387 0.122103 0.090300
0 0.482358 0.935313 0.392488 0.126200
0 0.057896 0.527722 0.038892 0.030608
0 0.888254 0.420216 0.094591 0.073254
0 0.990392 0.487914 0.019216 0.071412
0 0.964246 0.166517 0.071507 0.257320
0 0.764222 0.754026 0.045731 0.033370
0 0.636975 0.954380 0.034343 0.028164
0 0.307114 0.021116 0.090694 0.041932
0 0.899616 0.436434 0.069143 0.051163
0 0.903066 0.510961 0.054409 0.040515
0 0.775333 0.546315 0.043470 0.032117
0 0.859000 0.804443 0.045286 0.036609
0 0.547411 0.928926 0.499010 0.142149
0 0.199495 0.044670 0.032270 0.025679
0 0.370989 0.042623 0.061879 0.055871