0 0.428141 0.347757 0.244295 0.226291
0 0.517574 0.558575 0.075360 0.069691
0 0.437842 0.530012 0.141305 0.132196
0 0.078158 0.830220 0.144740 0.121783
0 0.701954 0.158958 0.033944 0.033685
0 0.383252 0.086376 0.059741 0.055920
0 0.571214 0.676625 0.067724 0.057810
0 0.360113 0.556270 0.063205 0.057702
0 0.416884 0.235147 0.071992 0.068505
0 0.276564 0.533226 0.066361 0.058082
0 0.704105 0.429389 0.074372 0.063967
0 0.305528 0.592195 0.073210 0.064895
0 0.020705 0.543955 0.041379 0.067507
0 0.078807 0.627264 0.088242 0.074324
0 0.173483 0.471142 0.096488 0.088699
0 0.761473 0.907176 0.045724 0.036810
0 0.336174 0.837106 0.061010 0.048061
0 0.480682 0.735015 0.076639 0.061733
0 0.222627 0.580159 0.079087 0.066798
0 0.209239 0.724508 0.039061 0.033347
0 0.937580 0.014960 0.037206 0.029908
0 0.406950 0.823355 0.070736 0.059318
0 0.908867 0.493369 0.033314 0.031854
0 0.661172 0.492573 0.031010 0.029887
0 0.205969 0.421348 0.105514 0.098917
0 0.606318 0.711852 0.043299 0.035610
0 0.625762 0.286641 0.043952 0.042914
0 0.844579 0.860860 0.079191 0.069379
0 0.160113 0.638348 0.084965 0.073942
0 0.820296 0.916204 0.062398 0.051622
0 0.440841 0.710868 0.060186 0.049535
0 0.316189 0.366402 0.050085 0.046333
0 0.202066 0.139241 0.063132 0.060870
0 0.212851 0.379637 0.056101 0.049792
0 0.014734 0.479450 0.028957 0.029114
0 0.473089 0.120502 0.065848 0.062682
0 0.894910 0.923133 0.080150 0.068276
0 0.028949 0.190936 0.057149 0.061702
0 0.936298 0.378413 0.126074 0.121993
0 0.634538 0.239664 0.058325 0.055273
0 0.238594 0.766961 0.100862 0.077548
0 0.488564 0.430203 0.034346 0.033401
0 0.328296 0.490030 0.025863 0.024602
0 0.994198 0.601599 0.011604 0.033358
0 0.598967 0.825790 0.225867 0.203767
0 0.941689 0.733534 0.088090 0.082477
0 0.506752 0.649056 0.039659 0.034146
0 0.840261 0.960470 0.069326 0.056668
0 0.820970 0.319481 0.056311 0.052564
0 0.441048 0.615768 0.040498 0.036893
0 0.529481 0.269333 0.049417 0.046638
0 0.792487 0.743490 0.116000 0.103013
0 0.197246 0.971536 0.085539 0.056362
0 0.689967 0.120275 0.023635 0.023802
0 0.958998 0.287539 0.026159 0.026449
0 0.654555 0.838321 0.127303 0.110394
0 0.489049 0.865193 0.052655 0.047338
0 0.851764 0.535446 0.215143 0.178856
0 0.332299 0.651390 0.064215 0.055367
0 0.836583 0.838494 0.050859 0.043988
0 0.233821 0.447237 0.053872 0.050066
0 0.639247 0.789912 0.059863 0.051850
0 0.837082 0.397031 0.084359 0.081121
0 0.838920 0.988955 0.058248 0.021919
0 0.333537 0.976529 0.101398 0.046942
0 0.463916 0.257321 0.040939 0.039950
0 0.144439 0.169637 0.063523 0.058417
0 0.158312 0.647591 0.073696 0.057722
0 0.981955 0.898095 0.022971 0.022747
0 0.243000 0.491484 0.041593 0.036664
0 0.252544 0.390684 0.029701 0.028173
0 0.758232 0.857263 0.091324 0.078390
0 0.284660 0.269975 0.024785 0.023934
0 0.052202 0.116508 0.098824 0.088344
0 0.991216 0.560406 0.017569 0.023201
0 0.613077 0.835451 0.041008 0.033852