0 0.731568 0.205930 0.060926 0.060957
0 0.860624 0.918401 0.064801 0.064275
0 0.970797 0.682907 0.058405 0.082673
0 0.570995 0.349226 0.049365 0.047902
0 0.338483 0.245456 0.034179 0.033735
0 0.311908 0.069204 0.046133 0.044322
0 0.023270 0.973757 0.038791 0.037511
0 0.143083 0.233003 0.028191 0.027801
0 0.243045 0.626202 0.032861 0.032459
0 0.839630 0.066724 0.032116 0.031744
0 0.869656 0.838319 0.048739 0.048451
0 0.965431 0.271538 0.039504 0.039502
0 0.072358 0.553870 0.032132 0.032097
0 0.019980 0.410311 0.035026 0.034095
0 0.295173 0.902374 0.055352 0.054722
0 0.605132 0.639964 0.039910 0.038876
0 0.950372 0.375272 0.041698 0.040499
0 0.074837 0.341683 0.030508 0.030747
0 0.684218 0.647803 0.074596 0.074309
0 0.402855 0.091137 0.053320 0.053731
0 0.855339 0.448658 0.273905 0.279052
0 0.095311 0.063642 0.142070 0.126828
0 0.975421 0.523053 0.043353 0.041441
0 0.099528 0.839428 0.035647 0.033258
0 0.324002 0.117438 0.028657 0.028763
0 0.581871 0.525329 0.029435 0.028731
0 0.498309 0.289063 0.039480 0.038125
0 0.886930 0.792897 0.062667 0.060996
0 0.965008 0.202168 0.038286 0.038705
0 0.730173 0.108545 0.040178 0.039881
0 0.465244 0.092419 0.038071 0.038523
0 0.653125 0.705275 0.049317 0.049250
0 0.675894 0.085145 0.027149 0.026316
0 0.599827 0.912584 0.228436 0.172995
0 0.234113 0.529519 0.076114 0.075790
0 0.386264 0.477611 0.311950 0.306987
0 0.620459 0.324786 0.158680 0.158919
0 0.705458 0.386789 0.028761 0.027559
0 0.987524 0.164738 0.024952 0.035194
0 0.254628 0.411460 0.030229 0.028921
0 0.485480 0.402084 0.090356 0.088038
0 0.166290 0.513613 0.048671 0.046951
0 0.576906 0.449585 0.045147 0.044393
0 0.681237 0.889071 0.031826 0.029793
0 0.213030 0.682482 0.077981 0.083382
0 0.147949 0.766395 0.278478 0.277330
0 0.546749 0.472157 0.025935 0.025973
0 0.264631 0.437059 0.026557 0.026920
0 0.514555 0.016827 0.057135 0.033425
0 0.812012 0.526019 0.047567 0.047925
0 0.411551 0.202501 0.337104 0.328972
0 0.986032 0.359232 0.024395 0.024043
0 0.399182 0.025267 0.026637 0.026064
0 0.537304 0.074007 0.059018 0.058665
0 0.155452 0.093599 0.292875 0.184832
0 0.776527 0.327198 0.042929 0.043471
0 0.991048 0.035972 0.017905 0.037384
0 0.046847 0.170776 0.025523 0.024799
0 0.992532 0.332292 0.014264 0.030736
0 0.541181 0.067635 0.071812 0.070156
0 0.390513 0.361842 0.049154 0.048170
0 0.978640 0.544113 0.020856 0.020993
0 0.047956 0.991675 0.026738 0.016300
0 0.892648 0.158681 0.025304 0.024724
0 0.781354 0.326960 0.052923 0.051028