0 0.895046 0.390970 0.191812 0.189984
0 0.174934 0.563456 0.058940 0.057150
0 0.458797 0.232916 0.051404 0.049258
0 0.321581 0.779843 0.046505 0.044839
0 0.242920 0.358252 0.036915 0.036428
0 0.509173 0.586316 0.079259 0.077137
0 0.017482 0.406100 0.034964 0.043333
0 0.547903 0.206170 0.031654 0.031923
0 0.864268 0.587823 0.067583 0.065754
0 0.540678 0.658251 0.103184 0.097391
0 0.173676 0.906424 0.035793 0.034093
0 0.460416 0.524115 0.039125 0.037579
0 0.841082 0.649664 0.063397 0.062033
0 0.880939 0.391776 0.033922 0.032863
0 0.740612 0.271509 0.030738 0.030315
0 0.288041 0.430732 0.038552 0.037332
0 0.661904 0.125327 0.030277 0.029351
0 0.829973 0.262513 0.031607 0.030959
0 0.530852 0.096658 0.029589 0.028418
0 0.247090 0.085981 0.030818 0.029995
0 0.814024 0.301083 0.030679 0.030217
0 0.420046 0.578608 0.118118 0.119158
0 0.915103 0.494956 0.162135 0.160884
0 0.190427 0.451571 0.033337 0.032033
0 0.533954 0.527477 0.095864 0.092841
0 0.774694 0.535978 0.053594 0.051843
0 0.533963 0.245166 0.028401 0.028002
0 0.724226 0.006205 0.031082 0.012410
0 0.463798 0.876181 0.050177 0.047233
0 0.659097 0.591791 0.077007 0.074550
0 0.078280 0.789266 0.038450 0.035528
0 0.410875 0.199106 0.027331 0.027042
0 0.990091 0.816803 0.019818 0.029715
0 0.017512 0.957062 0.035023 0.049133
0 0.523614 0.447505 0.098506 0.095786
0 0.377491 0.264575 0.057078 0.054203