0 0.731834 0.775979 0.046385 0.046433
0 0.668237 0.754991 0.044935 0.044705
0 0.691821 0.156215 0.038591 0.037856
0 0.125454 0.578300 0.033903 0.033928
0 0.610821 0.470711 0.034324 0.034370
0 0.106104 0.537413 0.036890 0.035037
0 0.101682 0.960235 0.029953 0.028853
0 0.644760 0.525093 0.036178 0.036525
0 0.797350 0.185696 0.033621 0.033140
0 0.473414 0.741500 0.038828 0.037744
0 0.715454 0.849250 0.030049 0.029054
0 0.453876 0.987584 0.041442 0.024444
0 0.969068 0.298599 0.031626 0.030370
0 0.506731 0.220407 0.030908 0.030673
0 0.853574 0.188283 0.029454 0.028809
0 0.012370 0.765474 0.024374 0.034571
0 0.023478 0.566190 0.028844 0.029139
0 0.742320 0.501829 0.027521 0.027375
0 0.599659 0.526556 0.054033 0.053738
0 0.519237 0.296174 0.028166 0.027095
0 0.358046 0.611826 0.027431 0.027418
0 0.313917 0.348892 0.039414 0.037281
0 0.218467 0.907829 0.027710 0.026650
0 0.534109 0.035707 0.029558 0.029037
0 0.237713 0.770442 0.033314 0.032714
0 0.260528 0.566391 0.029571 0.030345
0 0.637182 0.610662 0.045683 0.045687
0 0.995068 0.146140 0.009863 0.034413
0 0.602818 0.135392 0.031299 0.030566
0 0.340650 0.946787 0.032688 0.032600
0 0.305735 0.545762 0.031009 0.030670
0 0.057636 0.399966 0.020671 0.021165
0 0.130656 0.630966 0.041508 0.037984
0 0.326610 0.255095 0.033457 0.032690
0 0.551224 0.692111 0.042719 0.041248
0 0.484313 0.852879 0.026498 0.026229
0 0.736604 0.525729 0.025237 0.025068
0 0.414563 0.035308 0.083079 0.070617
0 0.433045 0.606306 0.033271 0.032012
0 0.396302 0.839940 0.030221 0.030191
0 0.299475 0.895436 0.035018 0.034828
0 0.388918 0.787337 0.041018 0.040265
0 0.018289 0.360451 0.030332 0.030964
0 0.479182 0.019861 0.046086 0.039526
0 0.827428 0.113168 0.028714 0.028204
0 0.272257 0.913436 0.032422 0.032649
0 0.330263 0.232530 0.029890 0.027541
0 0.941624 0.266592 0.028242 0.028376