0 0.792827 0.884213 0.102908 0.094537
0 0.612100 0.851546 0.035218 0.031946
0 0.292991 0.502323 0.042582 0.038210
0 0.554472 0.777468 0.046846 0.046519
0 0.434222 0.301308 0.030935 0.030119
0 0.069238 0.011646 0.033841 0.023293
0 0.704338 0.518079 0.025494 0.023934
0 0.965621 0.967223 0.068712 0.065278
0 0.792020 0.240289 0.039331 0.039230
0 0.896902 0.970185 0.072537 0.059629
0 0.594291 0.930559 0.027970 0.026322
0 0.598707 0.985815 0.039822 0.028370
0 0.971506 0.556416 0.023095 0.021722
0 0.964926 0.977637 0.065800 0.044727
0 0.752516 0.914694 0.052159 0.048554
0 0.371327 0.983129 0.115714 0.033693
0 0.670661 0.974632 0.068947 0.050209