0 0.347301 0.779774 0.048528 0.046592
0 0.923544 0.765078 0.036943 0.036152
0 0.053778 0.707664 0.039062 0.037949
0 0.803592 0.256094 0.031244 0.031100
0 0.985061 0.527974 0.029877 0.073829
0 0.340099 0.026424 0.072482 0.052847
0 0.451937 0.618071 0.028046 0.030563
0 0.640776 0.287804 0.030523 0.030289
0 0.514365 0.310373 0.027128 0.026852
0 0.417407 0.025420 0.024118 0.023830
0 0.759639 0.024619 0.043981 0.042656
0 0.398405 0.085786 0.029649 0.028957
0 0.632224 0.037753 0.060925 0.061633
0 0.206351 0.386460 0.024568 0.025769