0 0.347073 0.226482 0.230335 0.230626
0 0.919600 0.259817 0.100022 0.096032
0 0.979160 0.937775 0.041679 0.045264
0 0.332807 0.429555 0.049113 0.045835
0 0.862379 0.036367 0.037570 0.035191
0 0.493239 0.668300 0.097693 0.094540
0 0.517512 0.555563 0.090194 0.088553
0 0.675433 0.571399 0.054749 0.053676
0 0.579532 0.661231 0.047341 0.045380
0 0.531163 0.469134 0.081838 0.077642
0 0.401656 0.373273 0.085671 0.083887
0 0.406842 0.068303 0.038899 0.036618
0 0.833292 0.713357 0.063508 0.062858
0 0.087979 0.249015 0.175779 0.318112
0 0.153677 0.335125 0.054351 0.054139
0 0.082368 0.564036 0.038436 0.037578
0 0.338345 0.501644 0.043031 0.041467
0 0.649360 0.187565 0.039828 0.036682
0 0.298611 0.464863 0.043530 0.042004
0 0.345412 0.091562 0.029640 0.029168
0 0.215341 0.087989 0.033255 0.031432
0 0.231082 0.111335 0.031095 0.030357
0 0.206069 0.621615 0.062503 0.060531
0 0.800635 0.799334 0.047939 0.046159
0 0.921609 0.533281 0.066800 0.071863
0 0.564222 0.015261 0.073599 0.030372
0 0.986766 0.426704 0.026468 0.029005
0 0.857821 0.549978 0.076661 0.075039
0 0.209641 0.438389 0.030634 0.029807
0 0.952565 0.655880 0.023365 0.024168
0 0.244254 0.380298 0.036947 0.035910
0 0.467085 0.748085 0.035626 0.032411
0 0.829704 0.321687 0.089867 0.085473
0 0.637629 0.732456 0.058168 0.053579
0 0.412942 0.337146 0.042391 0.040850
0 0.678757 0.325095 0.036993 0.035381
0 0.625899 0.037880 0.076269 0.070839
0 0.329938 0.529271 0.030161 0.029663
0 0.789562 0.473445 0.033364 0.031100
0 0.515734 0.777807 0.056711 0.050806
0 0.943061 0.465786 0.036835 0.036646
0 0.459003 0.466154 0.061069 0.059894
0 0.688670 0.353292 0.028885 0.028107
0 0.098999 0.715971 0.048170 0.046757
0 0.306586 0.119010 0.057283 0.056261
0 0.354573 0.017212 0.035188 0.032506
0 0.733396 0.493628 0.029004 0.028736
0 0.199993 0.528676 0.040901 0.040660
0 0.763464 0.492417 0.034808 0.034001
0 0.690461 0.187281 0.030702 0.029085
0 0.828518 0.986201 0.047894 0.027568
0 0.839943 0.478588 0.037125 0.036175
0 0.985956 0.470456 0.028088 0.032182
0 0.965590 0.405529 0.034562 0.032563
0 0.455236 0.359797 0.048833 0.049787
0 0.537025 0.964152 0.069698 0.064480
0 0.332658 0.222539 0.034643 0.032924
0 0.202084 0.629804 0.055586 0.054647
0 0.504943 0.813525 0.056734 0.049985
0 0.364152 0.981258 0.043117 0.036181
0 0.210212 0.615157 0.052890 0.049925
0 0.257206 0.022798 0.032811 0.031545
0 0.500089 0.718056 0.048577 0.044991
0 0.978823 0.868616 0.042353 0.055544
0 0.668007 0.014759 0.032507 0.027290
0 0.713503 0.539740 0.042313 0.040635
0 0.903871 0.672140 0.079715 0.078785
0 0.994568 0.899935 0.010863 0.024049
0 0.926768 0.954351 0.017295 0.018446
0 0.874676 0.476853 0.026125 0.026655
0 0.489632 0.399613 0.030910 0.029584
0 0.612193 0.629534 0.037249 0.037119