0 0.402375 0.190111 0.072766 0.070616
0 0.189635 0.529542 0.059957 0.058850
0 0.685680 0.247741 0.045416 0.044165
0 0.590249 0.545653 0.070384 0.068185
0 0.432969 0.389447 0.046619 0.045597
0 0.656270 0.018448 0.061905 0.036832
0 0.822549 0.951779 0.110272 0.096443
0 0.969413 0.620287 0.061175 0.064487
0 0.396806 0.473806 0.044946 0.044685
0 0.524629 0.931590 0.038341 0.036544
0 0.568228 0.130987 0.036624 0.035793
0 0.473637 0.437857 0.078365 0.075003
0 0.708398 0.131499 0.033358 0.032714
0 0.463430 0.826344 0.036054 0.034837
0 0.904546 0.893972 0.043006 0.042609
0 0.368033 0.427186 0.047226 0.048066
0 0.480910 0.976806 0.053026 0.045362
0 0.289420 0.259495 0.030004 0.028576
0 0.969658 0.245424 0.054387 0.052230
0 0.879776 0.206100 0.072066 0.070424
0 0.988388 0.072682 0.023224 0.039889
0 0.037725 0.676816 0.075450 0.113335
0 0.976351 0.474751 0.031861 0.031983
0 0.407756 0.822306 0.036989 0.035614
0 0.708494 0.316930 0.031969 0.031103
0 0.121373 0.441979 0.034816 0.034114
0 0.840028 0.245296 0.037276 0.037099
0 0.315415 0.372869 0.028327 0.027334
0 0.076128 0.921763 0.038313 0.036305
0 0.505127 0.181380 0.035689 0.034463
0 0.861695 0.887534 0.043097 0.042200
0 0.947360 0.511779 0.042463 0.041622
0 0.526259 0.568546 0.054941 0.053584
0 0.955512 0.021857 0.030987 0.028708
0 0.893309 0.298660 0.034910 0.034038
0 0.323049 0.222690 0.029732 0.029440
0 0.741271 0.123618 0.028555 0.027885
0 0.776231 0.529306 0.204187 0.199870
0 0.414572 0.734914 0.027846 0.027668
0 0.653760 0.546711 0.042640 0.041201
0 0.076470 0.801878 0.049224 0.048768
0 0.953753 0.813536 0.092494 0.110394
0 0.821538 0.984149 0.032711 0.031018
0 0.373789 0.231317 0.029209 0.028936
0 0.930136 0.129635 0.047389 0.045364
0 0.924629 0.686148 0.039898 0.038737
0 0.980727 0.298750 0.038545 0.048635
0 0.219800 0.970422 0.064277 0.059156
0 0.848170 0.663175 0.118423 0.115171
0 0.579314 0.078600 0.042799 0.042446
0 0.651006 0.326683 0.028615 0.028259
0 0.573126 0.909561 0.035391 0.034690
0 0.885536 0.221730 0.050716 0.047226
0 0.901479 0.767437 0.029838 0.030826
0 0.154036 0.817578 0.029286 0.028888
0 0.793267 0.336253 0.031956 0.030691
0 0.021702 0.393975 0.029235 0.028795
0 0.984292 0.498167 0.030027 0.031642
0 0.330744 0.701429 0.026920 0.026328
0 0.344427 0.453002 0.047820 0.047355
0 0.684554 0.168889 0.028589 0.028184
0 0.624352 0.228979 0.034709 0.034737
0 0.977926 0.887530 0.040318 0.040664
0 0.448544 0.239665 0.063206 0.061201
0 0.764949 0.686117 0.028271 0.028027
0 0.951780 0.574962 0.024976 0.025386
0 0.786505 0.845031 0.054523 0.052377
0 0.557865 0.260226 0.026679 0.026528
0 0.120359 0.484474 0.049905 0.050078
0 0.082527 0.455685 0.044680 0.043287
0 0.636445 0.229467 0.049855 0.046231
0 0.921861 0.015225 0.030265 0.029187