0 0.130967 0.317050 0.073177 0.066137
0 0.070434 0.122527 0.059609 0.052347
0 0.063380 0.592728 0.083739 0.075007
0 0.041103 0.273842 0.082207 0.082246
0 0.677716 0.087184 0.040509 0.036401
0 0.390765 0.192615 0.046905 0.040229
0 0.955380 0.892206 0.075966 0.068682
0 0.500590 0.302721 0.071218 0.062837
0 0.071930 0.823191 0.031102 0.030318
0 0.229304 0.498971 0.036430 0.031770
0 0.270192 0.124992 0.051957 0.046641
0 0.347379 0.629316 0.106998 0.096698
0 0.618408 0.427330 0.032897 0.031571
0 0.865773 0.750400 0.035628 0.032402
0 0.449735 0.324495 0.035702 0.032700
0 0.024949 0.023422 0.038623 0.035075
0 0.400879 0.930395 0.034373 0.033459
0 0.107671 0.476482 0.040884 0.035931
0 0.391591 0.258016 0.034481 0.032040
0 0.031064 0.426689 0.062128 0.063036
0 0.699799 0.466915 0.120080 0.112443
0 0.423895 0.756497 0.087512 0.081419
0 0.017934 0.161770 0.035824 0.038827
0 0.021361 0.687121 0.042721 0.055964
0 0.909790 0.921414 0.056081 0.048788
0 0.195506 0.152100 0.058837 0.051663
0 0.046617 0.152548 0.030366 0.028440
0 0.292025 0.939768 0.047579 0.045142
0 0.406058 0.970740 0.033579 0.031996
0 0.772572 0.847326 0.042706 0.040911
0 0.657662 0.326347 0.083773 0.070216
0 0.306063 0.569337 0.085932 0.074029
0 0.062033 0.359643 0.047794 0.041391
0 0.142926 0.755482 0.070934 0.066078
0 0.013888 0.334800 0.027293 0.034651
0 0.554170 0.348070 0.085279 0.075881
0 0.521514 0.780118 0.028131 0.028496
0 0.073265 0.769172 0.090892 0.085440
0 0.663101 0.794348 0.039198 0.035611
0 0.147540 0.188443 0.055460 0.046900
0 0.575420 0.988026 0.048211 0.023949
0 0.836093 0.347054 0.032264 0.028683
0 0.627295 0.813599 0.041351 0.038384
0 0.091808 0.507164 0.039601 0.037763
0 0.043923 0.006084 0.035184 0.012169
0 0.444547 0.399492 0.083896 0.074955
0 0.783335 0.392244 0.035767 0.032580
0 0.352856 0.744639 0.060948 0.055004
0 0.811742 0.270295 0.045623 0.038977
0 0.161261 0.429196 0.052800 0.046050
0 0.653807 0.867298 0.028243 0.025906
0 0.094010 0.512774 0.037327 0.033235
0 0.852439 0.608010 0.031023 0.030346
0 0.975148 0.074851 0.029611 0.027659
0 0.075547 0.739173 0.060083 0.055299
0 0.733701 0.902860 0.054798 0.048893
0 0.478448 0.397207 0.031385 0.029580
0 0.136491 0.396411 0.027790 0.024498