0 0.247271 0.211791 0.033044 0.032880
0 0.392174 0.270755 0.036291 0.036152
0 0.375588 0.894773 0.037139 0.036119
0 0.443184 0.078861 0.062227 0.062981
0 0.223814 0.176629 0.028158 0.028474
0 0.960884 0.240878 0.078231 0.087170
0 0.362087 0.279459 0.024629 0.024915
0 0.627274 0.906462 0.100058 0.092330
0 0.074162 0.308445 0.029668 0.030403
0 0.264496 0.452696 0.078897 0.080519
0 0.858767 0.354883 0.035852 0.036150
0 0.861577 0.445809 0.045668 0.043661
0 0.402095 0.940264 0.047068 0.046565
0 0.505455 0.058601 0.069596 0.068636
0 0.537290 0.913464 0.078901 0.074595
0 0.956090 0.581540 0.087712 0.093592
0 0.973692 0.319557 0.052357 0.072165
0 0.352766 0.677664 0.034153 0.032813
0 0.364914 0.093031 0.030097 0.029503
0 0.198264 0.081335 0.052403 0.051339
0 0.926035 0.058406 0.030111 0.028131
0 0.916127 0.194919 0.035232 0.033566
0 0.365879 0.795262 0.043470 0.042013
0 0.167336 0.703599 0.024175 0.023663
0 0.971132 0.049187 0.057737 0.091443
0 0.961545 0.012993 0.074311 0.025769
0 0.079196 0.772104 0.087014 0.086674
0 0.886958 0.926736 0.224363 0.146154
0 0.363320 0.813884 0.030175 0.028525
0 0.981174 0.183510 0.036553 0.036516
0 0.680025 0.711957 0.028790 0.028052
0 0.650098 0.153441 0.025005 0.025164
0 0.653341 0.765167 0.118789 0.125472
0 0.216290 0.308930 0.068468 0.065866
0 0.115472 0.599704 0.034245 0.032292
0 0.992890 0.885510 0.014220 0.065756
0 0.930454 0.880441 0.106188 0.095059