0 0.503629 0.655741 0.103577 0.085419
0 0.826863 0.214744 0.125718 0.103370
0 0.593377 0.775073 0.095120 0.080008
0 0.961691 0.947557 0.048201 0.038806
0 0.370766 0.034436 0.056823 0.043604
0 0.763612 0.131447 0.049323 0.039838
0 0.902941 0.285057 0.123998 0.108010
0 0.496172 0.488529 0.211215 0.177947
0 0.110780 0.877160 0.055805 0.046413
0 0.110315 0.299216 0.049700 0.038192
0 0.195201 0.160594 0.053453 0.039323
0 0.554969 0.703481 0.080814 0.062878
0 0.405057 0.891371 0.137943 0.115417
0 0.154040 0.678278 0.308080 0.435850
0 0.360176 0.874857 0.036153 0.030749
0 0.290468 0.623602 0.033071 0.028539
0 0.629782 0.671797 0.063405 0.051725
0 0.166926 0.067889 0.033989 0.027756
0 0.476377 0.574352 0.040209 0.031319
0 0.693971 0.129294 0.032548 0.028550
0 0.872400 0.873348 0.252124 0.249144
0 0.715767 0.817502 0.089320 0.069844
0 0.287871 0.904940 0.090934 0.076307
0 0.046571 0.957750 0.053777 0.046128
0 0.054029 0.393443 0.069051 0.051420
0 0.714456 0.829598 0.071602 0.047152
0 0.482660 0.434863 0.056038 0.045019
0 0.557987 0.198030 0.170575 0.133137
0 0.070830 0.704937 0.031206 0.026507
0 0.819515 0.150675 0.054259 0.047421
0 0.403871 0.367422 0.167189 0.130139
0 0.254586 0.238864 0.066480 0.047771
0 0.801029 0.692155 0.345619 0.275839
0 0.859805 0.986250 0.030989 0.026468
0 0.824628 0.149183 0.045842 0.040267
0 0.738614 0.802852 0.117362 0.090914
0 0.086229 0.988617 0.051554 0.022766
0 0.628987 0.450430 0.047390 0.041475
0 0.037877 0.324784 0.075755 0.085688
0 0.553771 0.937377 0.034252 0.028831
0 0.822304 0.662461 0.293434 0.222725
0 0.902690 0.384975 0.035421 0.029568
0 0.723949 0.248758 0.060495 0.050375
0 0.098268 0.105345 0.032239 0.026012