0 0.044685 0.969230 0.047011 0.039690
0 0.116991 0.434374 0.037107 0.030819
0 0.168843 0.351410 0.083746 0.069065
0 0.695785 0.152883 0.073523 0.060803
0 0.731475 0.066179 0.040240 0.031417
0 0.985926 0.657723 0.027325 0.025686
0 0.707253 0.150224 0.094533 0.073907
0 0.072478 0.028803 0.078242 0.057606
0 0.170012 0.065053 0.077408 0.063917
0 0.768684 0.533007 0.121835 0.094421
0 0.267047 0.333304 0.060188 0.047930
0 0.772204 0.015698 0.033153 0.027273
0 0.048485 0.248362 0.096969 0.104887
0 0.036808 0.764585 0.073616 0.087456
0 0.982535 0.386514 0.034929 0.055015
0 0.054242 0.306036 0.034496 0.028550
0 0.754619 0.222938 0.083678 0.066347
0 0.863608 0.790978 0.036384 0.031704
0 0.474738 0.336961 0.080264 0.063493
0 0.806585 0.331656 0.057475 0.040718
0 0.013480 0.024770 0.026950 0.049296
0 0.087101 0.534256 0.080889 0.063509
0 0.945861 0.732818 0.033904 0.029579
0 0.347704 0.324870 0.060409 0.049004
0 0.538218 0.437544 0.116223 0.084516
0 0.496141 0.168988 0.073279 0.055462
0 0.476518 0.328154 0.089018 0.063520
0 0.135272 0.270476 0.083575 0.068053
0 0.487560 0.304463 0.114292 0.088549
0 0.819557 0.060519 0.102304 0.078363
0 0.944279 0.009080 0.071977 0.018161
0 0.205813 0.535628 0.053503 0.039926
0 0.801978 0.656646 0.060343 0.043746
0 0.135945 0.258869 0.063979 0.047268
0 0.402926 0.820908 0.543047 0.300234
0 0.247015 0.153222 0.053134 0.042140