0 0.937997 0.425435 0.089361 0.071241
0 0.456970 0.420302 0.103533 0.080377
0 0.788209 0.612822 0.171612 0.119333
0 0.856927 0.186974 0.045429 0.034596
0 0.585603 0.189788 0.057186 0.044708
0 0.385774 0.368415 0.111698 0.090002
0 0.932557 0.299707 0.045027 0.033578
0 0.555027 0.458687 0.047700 0.036863
0 0.193024 0.452103 0.127489 0.103650
0 0.207436 0.405038 0.043043 0.033442
0 0.328248 0.864975 0.044402 0.034521
0 0.884107 0.905622 0.060893 0.046583
0 0.913387 0.951906 0.045534 0.034222
0 0.129711 0.971482 0.080005 0.056086
0 0.620258 0.961130 0.064232 0.049623
0 0.659101 0.628890 0.035287 0.026361
0 0.930447 0.104548 0.034926 0.025949
0 0.502651 0.759669 0.048629 0.032354
0 0.843433 0.929296 0.039792 0.033672
0 0.892864 0.814943 0.079267 0.057735
0 0.237558 0.689760 0.078359 0.066528
0 0.903297 0.710202 0.033919 0.025921
0 0.321709 0.954947 0.065632 0.049887
0 0.472128 0.126883 0.030299 0.023414
0 0.716403 0.979190 0.032866 0.028070
0 0.903542 0.354690 0.036186 0.030133
0 0.818102 0.225218 0.034932 0.027194
0 0.280199 0.737609 0.042172 0.032115
0 0.325799 0.629293 0.059092 0.046637
0 0.679936 0.232329 0.032289 0.024908
0 0.228047 0.134157 0.030926 0.024846
0 0.498221 0.729364 0.042839 0.030726
0 0.442957 0.076291 0.036969 0.027182
0 0.400179 0.671827 0.247428 0.207916
0 0.988601 0.082408 0.022799 0.034398
0 0.877752 0.778012 0.033427 0.024708
0 0.313159 0.805736 0.053431 0.041954
0 0.610837 0.090730 0.034065 0.027716
0 0.840722 0.236903 0.034315 0.026864
0 0.081523 0.992861 0.042686 0.013835
0 0.861251 0.879148 0.031298 0.023316
0 0.651934 0.364739 0.034504 0.026634
0 0.813333 0.863453 0.053862 0.040997
0 0.562028 0.616421 0.131457 0.093923
0 0.095857 0.458282 0.074294 0.059951
0 0.466976 0.563740 0.069543 0.057120
0 0.905175 0.327097 0.032630 0.024735
0 0.955990 0.093334 0.033696 0.027740
0 0.280081 0.479045 0.062514 0.052198
0 0.766490 0.145359 0.029766 0.024606
0 0.896704 0.388227 0.039008 0.030921
0 0.768497 0.105716 0.029101 0.023523
0 0.163832 0.734536 0.052944 0.041596
0 0.365022 0.178265 0.031546 0.025350
0 0.205136 0.531009 0.054851 0.042872
0 0.985690 0.335228 0.026938 0.024543
0 0.389171 0.323626 0.039186 0.029839
0 0.211636 0.765362 0.031984 0.026117
0 0.194150 0.262839 0.032840 0.027665
0 0.272594 0.485460 0.073637 0.060150
0 0.329742 0.256329 0.033174 0.023488
0 0.986639 0.314935 0.026713 0.049518
0 0.076865 0.989804 0.060431 0.020391
0 0.874902 0.729996 0.217750 0.168207
0 0.589339 0.676823 0.033867 0.028177