0 0.462008 0.840757 0.299076 0.296875
0 0.249803 0.910437 0.051336 0.051107
0 0.460350 0.202472 0.041677 0.040825
0 0.439366 0.329356 0.049995 0.050601
0 0.720966 0.354628 0.040876 0.040768
0 0.532285 0.088930 0.034319 0.034156
0 0.379739 0.053397 0.040039 0.040094
0 0.242104 0.296354 0.038248 0.038406
0 0.737795 0.840368 0.041268 0.040599
0 0.942179 0.289761 0.037582 0.037880
0 0.565656 0.320438 0.034768 0.034506
0 0.123234 0.544889 0.036089 0.034787
0 0.188231 0.857687 0.036513 0.035580
0 0.143988 0.701869 0.032666 0.032689
0 0.234584 0.967700 0.030365 0.029504
0 0.481069 0.105488 0.029466 0.028951
0 0.175967 0.828767 0.030200 0.030671
0 0.280797 0.248383 0.031281 0.030246
0 0.269246 0.120375 0.034526 0.034930
0 0.867502 0.894916 0.029763 0.029003
0 0.472367 0.431845 0.035965 0.035824
0 0.186458 0.096882 0.028513 0.027443
0 0.593674 0.976183 0.030429 0.029346
0 0.387900 0.492777 0.030486 0.030484
0 0.991553 0.196475 0.016894 0.050372
0 0.332447 0.418158 0.027716 0.026963
0 0.968020 0.908083 0.027978 0.026712
0 0.842826 0.608328 0.050883 0.051165
0 0.956254 0.702670 0.029355 0.030265
0 0.485019 0.820555 0.032565 0.031836
0 0.952910 0.817867 0.032611 0.031347
0 0.260711 0.598325 0.026976 0.026668
0 0.571498 0.990120 0.027521 0.019449
0 0.928656 0.716095 0.026554 0.026531
0 0.631220 0.913763 0.027387 0.026904
0 0.793276 0.777262 0.025861 0.025378
0 0.028400 0.909687 0.032821 0.032563
0 0.607670 0.580192 0.029044 0.029771
0 0.304756 0.528755 0.025384 0.025170
0 0.891805 0.738734 0.028719 0.027230
0 0.133867 0.012844 0.040989 0.025659
0 0.394061 0.233077 0.030137 0.030811
0 0.684103 0.412632 0.031065 0.031401
0 0.341656 0.105117 0.024672 0.024709
0 0.919340 0.183949 0.026226 0.025388
0 0.515999 0.627875 0.025799 0.026004
0 0.679339 0.514848 0.025506 0.025212
0 0.041824 0.744959 0.027878 0.026963
0 0.942622 0.829969 0.029533 0.027374
0 0.407724 0.989017 0.044830 0.021665
0 0.948608 0.823004 0.038231 0.035739
0 0.520098 0.339032 0.026213 0.026104
0 0.434647 0.232851 0.027225 0.026771
0 0.128798 0.422315 0.025330 0.025111
0 0.534491 0.240085 0.028284 0.028095
0 0.088649 0.384796 0.177298 0.229440
0 0.360267 0.364975 0.025510 0.025693