0 0.884226 0.206758 0.091633 0.089816
0 0.774858 0.711491 0.032813 0.032175
0 0.057186 0.706054 0.113569 0.294297
0 0.315047 0.533085 0.028981 0.027852
0 0.692013 0.915224 0.035054 0.034541
0 0.461175 0.097022 0.343307 0.192558
0 0.807217 0.823460 0.030785 0.029676
0 0.185421 0.462892 0.031505 0.030682
0 0.518724 0.472763 0.028279 0.027761
0 0.990145 0.092053 0.019711 0.023491
0 0.443681 0.399012 0.196386 0.192576
0 0.427390 0.508262 0.026109 0.025524
0 0.830896 0.111962 0.023775 0.023414
0 0.405275 0.366122 0.026263 0.025837
0 0.769358 0.173624 0.130400 0.120771
0 0.416504 0.155587 0.025261 0.024309
0 0.151821 0.389544 0.120769 0.113803