0 0.702269 0.297820 0.074526 0.055038
0 0.255865 0.896221 0.067506 0.051245
0 0.916298 0.549399 0.052568 0.043420
0 0.281338 0.841135 0.049099 0.037829
0 0.632437 0.437031 0.058828 0.043579
0 0.725587 0.123907 0.040173 0.031344
0 0.731306 0.668936 0.043277 0.032137
0 0.718323 0.723647 0.042256 0.033168
0 0.653564 0.640983 0.038334 0.032870
0 0.553575 0.519039 0.050604 0.039153
0 0.635344 0.496035 0.039814 0.031281
0 0.725074 0.467152 0.042294 0.032605
0 0.189486 0.835248 0.034927 0.031075
0 0.482836 0.713644 0.057010 0.047021
0 0.480579 0.362211 0.134740 0.110157
0 0.553865 0.190988 0.087541 0.066419
0 0.551560 0.155051 0.039925 0.033538
0 0.384270 0.078310 0.073579 0.067626
0 0.985399 0.445667 0.029202 0.026923
0 0.365252 0.082905 0.110959 0.095832
0 0.692742 0.753580 0.032228 0.025493
0 0.492949 0.609978 0.079092 0.062235
0 0.207487 0.725533 0.040302 0.033601
0 0.277097 0.034856 0.208647 0.069712
0 0.920153 0.247248 0.047089 0.038312
0 0.930325 0.476723 0.033938 0.028108
0 0.993276 0.668897 0.013355 0.027438