0 0.272344 0.714799 0.133937 0.127657
0 0.565307 0.171610 0.120015 0.115708
0 0.857183 0.204279 0.055700 0.055325
0 0.411789 0.447641 0.043871 0.043501
0 0.105849 0.144159 0.093543 0.089209
0 0.522448 0.389841 0.120807 0.120806
0 0.645023 0.260946 0.047950 0.048309
0 0.974512 0.905501 0.044050 0.043504
0 0.363705 0.029871 0.032965 0.032539
0 0.168367 0.112784 0.054236 0.051071
0 0.826140 0.794910 0.040823 0.039484
0 0.940520 0.882827 0.048315 0.046869
0 0.124118 0.352377 0.033497 0.032261
0 0.920428 0.816303 0.041976 0.041426
0 0.050146 0.324060 0.079433 0.080707
0 0.695307 0.170051 0.041363 0.040857
0 0.513023 0.087546 0.036882 0.034965
0 0.550908 0.493787 0.033336 0.033142
0 0.119322 0.570771 0.238644 0.405278
0 0.866755 0.717894 0.036522 0.035848
0 0.813633 0.713266 0.032475 0.032519
0 0.397343 0.661812 0.047892 0.046115
0 0.817331 0.672301 0.043430 0.041770
0 0.296817 0.128483 0.059603 0.057483
0 0.598749 0.111645 0.030943 0.030891
0 0.409305 0.011858 0.042862 0.023717
0 0.406969 0.221278 0.027959 0.027554
0 0.598216 0.448656 0.031169 0.030358
0 0.730011 0.329217 0.028006 0.027609
0 0.930209 0.096837 0.031582 0.030278
0 0.488608 0.341382 0.031671 0.030888
0 0.633388 0.972896 0.079945 0.054209
0 0.195788 0.434804 0.046970 0.045526
0 0.731945 0.976374 0.033948 0.031944
0 0.586687 0.033603 0.044255 0.043783
0 0.902464 0.487488 0.025794 0.025560
0 0.735810 0.021344 0.148659 0.042687
0 0.892483 0.017351 0.029679 0.028847
0 0.011369 0.234008 0.021835 0.030221
0 0.320257 0.639023 0.072803 0.071438
0 0.935343 0.972104 0.034374 0.031477
0 0.640822 0.713180 0.029251 0.028154
0 0.552520 0.356006 0.072922 0.070766
0 0.823244 0.838376 0.041596 0.038594
0 0.156886 0.316877 0.027390 0.026805
0 0.460963 0.980350 0.030181 0.028944
0 0.968891 0.328313 0.022984 0.022816
0 0.239114 0.338686 0.024960 0.024832
0 0.423802 0.160418 0.026633 0.026978
0 0.965492 0.036502 0.031688 0.030422
0 0.278435 0.153274 0.025368 0.024555
0 0.079433 0.438636 0.035097 0.035029
0 0.675830 0.710151 0.031728 0.031244
0 0.409947 0.190339 0.036075 0.035003
0 0.749224 0.094256 0.111321 0.116054
0 0.076569 0.443334 0.032545 0.031985
0 0.804815 0.738129 0.024332 0.023963
0 0.229168 0.465286 0.029113 0.026948
0 0.347700 0.925123 0.054886 0.051950
0 0.358845 0.829440 0.229733 0.220191
0 0.661050 0.742170 0.028429 0.026913
0 0.209712 0.892000 0.044393 0.040737
0 0.859008 0.851928 0.035654 0.034180
0 0.770188 0.983774 0.029417 0.028429
0 0.400916 0.832368 0.101587 0.097463
0 0.614867 0.793743 0.032619 0.033039
0 0.886100 0.125285 0.029541 0.030056
0 0.860302 0.351517 0.024482 0.024297