0 0.495487 0.741717 0.312337 0.304345
0 0.056205 0.703162 0.071949 0.069511
0 0.195948 0.824409 0.048725 0.046801
0 0.158389 0.978094 0.035525 0.035291
0 0.824814 0.485550 0.048668 0.046885
0 0.183110 0.249367 0.035803 0.035421
0 0.016962 0.474224 0.033924 0.044863
0 0.445742 0.405866 0.034981 0.034535
0 0.913336 0.257997 0.135747 0.125927
0 0.754248 0.018223 0.067906 0.036215
0 0.338396 0.412214 0.031863 0.031136
0 0.598465 0.528879 0.074883 0.073903
0 0.295414 0.310680 0.032946 0.031748
0 0.909677 0.068356 0.083316 0.074137
0 0.797998 0.133409 0.085114 0.078819
0 0.945532 0.938189 0.029789 0.028541
0 0.498885 0.247304 0.076350 0.074150
0 0.253749 0.451153 0.031117 0.029408
0 0.791649 0.235733 0.092830 0.090427
0 0.202159 0.746561 0.092452 0.090672
0 0.030590 0.963276 0.061181 0.073447
0 0.901232 0.977794 0.080405 0.044412
0 0.163773 0.140820 0.040257 0.039686
0 0.834737 0.907825 0.062339 0.055572
0 0.370924 0.325861 0.030725 0.029259
0 0.891998 0.468520 0.046600 0.044321
0 0.870609 0.654759 0.030547 0.030357
0 0.570543 0.984953 0.068209 0.030094
0 0.088199 0.374071 0.176399 0.261495
0 0.310912 0.863901 0.027355 0.027409
0 0.105763 0.047235 0.151743 0.094470
0 0.523992 0.323277 0.099331 0.096577
0 0.575182 0.446341 0.064675 0.063246