0 0.547172 0.460112 0.067357 0.058057
0 0.336094 0.361673 0.043894 0.037663
0 0.265040 0.500180 0.040750 0.036496
0 0.759631 0.903480 0.047368 0.044692
0 0.222397 0.448228 0.046196 0.040993
0 0.144761 0.553510 0.040279 0.036503
0 0.080817 0.702191 0.042324 0.038218
0 0.581800 0.843335 0.037683 0.034681
0 0.015823 0.427866 0.031646 0.047749
0 0.759798 0.362917 0.033572 0.030531
0 0.656902 0.351990 0.036083 0.031084
0 0.317317 0.578305 0.051205 0.046418
0 0.598224 0.099513 0.415849 0.199025
0 0.450195 0.137643 0.035409 0.030256
0 0.837864 0.884908 0.028385 0.026601
0 0.256891 0.543018 0.034245 0.030327
0 0.916026 0.575734 0.033712 0.030350
0 0.840027 0.048749 0.086953 0.080000
0 0.975878 0.341521 0.033917 0.033194
0 0.989208 0.406601 0.021583 0.025374
0 0.605157 0.237968 0.028519 0.026391
0 0.368508 0.181114 0.028897 0.025766
0 0.920204 0.603998 0.028238 0.025713