0 0.834006 0.625910 0.078765 0.074770
0 0.606073 0.408133 0.137330 0.125982
0 0.981851 0.111257 0.036298 0.037042
0 0.959694 0.018716 0.033981 0.032238
0 0.889650 0.142731 0.063388 0.060910
0 0.938373 0.876843 0.122697 0.131271
0 0.502930 0.973893 0.044881 0.040283
0 0.648496 0.330385 0.069044 0.065720
0 0.012661 0.846476 0.025088 0.031296
0 0.466847 0.293918 0.045425 0.043979
0 0.649404 0.116549 0.063558 0.059901
0 0.821248 0.382793 0.037998 0.035413
0 0.820154 0.850481 0.088986 0.083870
0 0.055491 0.272074 0.034435 0.033294
0 0.626043 0.061014 0.056215 0.053841
0 0.770090 0.878177 0.033589 0.031346
0 0.797831 0.144439 0.043029 0.040890
0 0.798061 0.274836 0.030728 0.029332
0 0.748999 0.278004 0.059897 0.056670
0 0.286155 0.386755 0.076245 0.072858
0 0.736952 0.622851 0.107465 0.102102
0 0.142271 0.364911 0.051653 0.046538
0 0.760204 0.222616 0.031308 0.029289
0 0.569734 0.124865 0.040568 0.038160
0 0.686725 0.187805 0.028796 0.027106
0 0.589431 0.065154 0.029818 0.028597
0 0.536421 0.023475 0.044468 0.042461
0 0.467572 0.428436 0.028676 0.027525
0 0.393563 0.288898 0.028960 0.027959
0 0.096779 0.272456 0.041851 0.039176
0 0.478937 0.215390 0.036584 0.034991
0 0.918460 0.960281 0.163081 0.079438
0 0.503143 0.009530 0.077034 0.019061
0 0.566689 0.869016 0.033118 0.030423
0 0.387393 0.050925 0.169289 0.101850
0 0.364840 0.221102 0.558732 0.442203
0 0.062218 0.336506 0.035578 0.033956
0 0.316120 0.143386 0.043159 0.040410
0 0.549253 0.990597 0.047420 0.018806
0 0.826292 0.472671 0.029549 0.028086
0 0.484359 0.231564 0.032186 0.030450
0 0.647294 0.262477 0.027549 0.026273
0 0.154427 0.819285 0.028639 0.028168
0 0.090567 0.240577 0.046668 0.044845
0 0.445885 0.266354 0.040584 0.038255
0 0.497192 0.628221 0.036293 0.033200
0 0.152378 0.936487 0.087106 0.085165
0 0.700866 0.390274 0.072241 0.069016
0 0.592627 0.847398 0.040272 0.037603
0 0.737723 0.970784 0.282859 0.058432
0 0.862223 0.561401 0.029385 0.027207
0 0.656312 0.170115 0.033718 0.032237
0 0.574223 0.121800 0.049806 0.046569
0 0.788605 0.014248 0.023315 0.022381
0 0.693265 0.050577 0.030534 0.028538
0 0.654378 0.708362 0.026385 0.024401