0 0.614620 0.539363 0.479067 0.352362
0 0.196022 0.573201 0.075454 0.054294
0 0.053101 0.041776 0.051333 0.039568
0 0.759177 0.099318 0.183981 0.130757
0 0.021232 0.484268 0.040203 0.034961
0 0.310447 0.360521 0.042747 0.031262
0 0.545070 0.088760 0.039086 0.031825
0 0.449347 0.013553 0.034595 0.025867
0 0.412798 0.286258 0.072261 0.055963
0 0.789939 0.038061 0.040750 0.032353
0 0.395552 0.063954 0.036040 0.028558
0 0.768234 0.772559 0.227686 0.187805
0 0.016962 0.144883 0.029958 0.023578
0 0.126232 0.119777 0.034748 0.025847
0 0.988516 0.191317 0.022968 0.071987
0 0.973372 0.498953 0.030821 0.025888
0 0.875259 0.688638 0.189637 0.149450
0 0.753746 0.915990 0.033789 0.025137
0 0.623308 0.028970 0.046066 0.038703
0 0.497196 0.933918 0.030186 0.021506
0 0.711664 0.042496 0.050799 0.041373
0 0.722863 0.008141 0.039182 0.016283
0 0.212295 0.448262 0.034611 0.026704
0 0.069757 0.938983 0.139419 0.121761
0 0.922392 0.943977 0.107051 0.091052