0 0.679103 0.853730 0.087754 0.064967
0 0.967276 0.819469 0.044991 0.034145
0 0.516293 0.921134 0.079690 0.058454
0 0.062687 0.711920 0.071521 0.050934
0 0.934827 0.549243 0.062072 0.046071
0 0.386667 0.459428 0.082698 0.065956
0 0.652413 0.696587 0.068391 0.051594
0 0.832384 0.086304 0.084577 0.069249
0 0.145069 0.357096 0.127337 0.106932
0 0.467555 0.338537 0.039462 0.031576
0 0.209642 0.132418 0.134918 0.106298
0 0.672882 0.385059 0.055412 0.045311
0 0.451293 0.124525 0.053733 0.044560
0 0.021872 0.049705 0.043744 0.046211
0 0.830707 0.187637 0.064097 0.050639
0 0.424086 0.212775 0.158713 0.123463
0 0.731690 0.988089 0.044502 0.023822
0 0.145751 0.870672 0.092788 0.065750
0 0.235288 0.676067 0.050250 0.037691
0 0.498725 0.018383 0.054354 0.035484
0 0.088157 0.804263 0.044633 0.031272
0 0.848663 0.888077 0.129456 0.095580
0 0.906108 0.317414 0.091729 0.069633
0 0.043330 0.644327 0.054215 0.038970
0 0.141800 0.703785 0.058373 0.041803
0 0.545210 0.634533 0.041530 0.032686
0 0.052784 0.582051 0.102044 0.085930
0 0.954705 0.612026 0.079338 0.059440
0 0.327773 0.259644 0.065163 0.054594
0 0.585592 0.665396 0.073363 0.053858
0 0.703585 0.287727 0.045259 0.034046
0 0.886778 0.890764 0.045311 0.033712
0 0.913399 0.258462 0.040326 0.032206
0 0.987669 0.478461 0.024663 0.037400
0 0.068958 0.944837 0.064405 0.046893
0 0.288231 0.834517 0.034101 0.028167
0 0.400998 0.272571 0.034841 0.028691
0 0.172841 0.406073 0.075743 0.055879
0 0.674563 0.053986 0.077876 0.059625
0 0.189620 0.715428 0.054265 0.040193
0 0.397907 0.527445 0.222238 0.182961
0 0.689338 0.120628 0.127217 0.093433
0 0.187411 0.226316 0.072141 0.059216
0 0.813609 0.675690 0.066681 0.051155
0 0.516555 0.668279 0.041981 0.030602
0 0.482305 0.835067 0.075649 0.058899
0 0.062003 0.603271 0.065268 0.047339
0 0.274494 0.316634 0.031492 0.024565
0 0.012075 0.699672 0.024150 0.064330
0 0.775335 0.105346 0.046456 0.036535
0 0.555439 0.024788 0.063393 0.048416
0 0.056762 0.908781 0.040161 0.028849
0 0.497757 0.417002 0.111735 0.084768
0 0.028096 0.935300 0.048333 0.037841
0 0.312140 0.116631 0.081193 0.062530
0 0.492824 0.777139 0.050497 0.039729
0 0.968042 0.102423 0.063916 0.099595
0 0.550941 0.031901 0.055188 0.039999
0 0.236676 0.720401 0.044029 0.032760
0 0.478820 0.405607 0.072611 0.060444
0 0.984286 0.842173 0.031428 0.033605
0 0.692110 0.140256 0.147679 0.125020
0 0.144378 0.562064 0.056712 0.044316
0 0.389126 0.556112 0.176027 0.131223
0 0.183719 0.402973 0.055076 0.045586
0 0.399568 0.648692 0.057814 0.047441
0 0.264092 0.810296 0.039435 0.029362
0 0.302007 0.383429 0.030853 0.026154
0 0.487939 0.411047 0.090562 0.072764
0 0.007354 0.630827 0.014576 0.042578
0 0.598133 0.676575 0.032184 0.026404
0 0.207378 0.155910 0.089951 0.075468
0 0.463640 0.261389 0.045010 0.033989
0 0.813169 0.794667 0.140233 0.104619