0 0.505184 0.024867 0.062747 0.049734
0 0.522223 0.893767 0.042460 0.041705
0 0.361257 0.269560 0.079140 0.077479
0 0.444418 0.851253 0.032269 0.031581
0 0.164748 0.657315 0.037612 0.036337
0 0.980852 0.758469 0.036618 0.039705
0 0.015003 0.295192 0.030006 0.032731
0 0.839998 0.239666 0.061684 0.061429
0 0.384120 0.090871 0.134197 0.134985
0 0.270680 0.252203 0.031312 0.029807
0 0.375835 0.396119 0.032982 0.033087
0 0.329188 0.713499 0.028744 0.028295
0 0.130255 0.776288 0.030827 0.029517
0 0.040596 0.924643 0.039280 0.036538
0 0.074443 0.900136 0.029021 0.027900
0 0.254525 0.127201 0.076715 0.077116
0 0.718304 0.474702 0.058558 0.056945
0 0.847908 0.288210 0.062741 0.061535
0 0.586015 0.369768 0.028155 0.027658
0 0.402846 0.205780 0.167358 0.160736
0 0.372238 0.632872 0.029486 0.029280
0 0.227717 0.916193 0.040662 0.042097
0 0.740432 0.512283 0.074363 0.074205
0 0.305670 0.972110 0.028722 0.028140
0 0.270629 0.064965 0.038648 0.038005
0 0.949503 0.868737 0.026327 0.026729
0 0.415973 0.509860 0.049001 0.049892
0 0.229480 0.922038 0.038728 0.039877
0 0.333558 0.015578 0.066591 0.031157
0 0.550518 0.018976 0.029700 0.029963
0 0.277278 0.500863 0.059754 0.059443
0 0.554507 0.526601 0.076157 0.073483
0 0.486107 0.408838 0.074507 0.074058
0 0.474610 0.345914 0.119120 0.113677
0 0.224125 0.764536 0.028208 0.027415
0 0.045177 0.920511 0.036704 0.035728
0 0.837933 0.169261 0.059994 0.059940
0 0.441760 0.268975 0.082473 0.080215
0 0.643417 0.324038 0.027808 0.026838
0 0.995426 0.693078 0.009149 0.030317
0 0.434270 0.274937 0.070384 0.066910
0 0.963699 0.959471 0.025965 0.025577
0 0.870776 0.115929 0.255919 0.231335
0 0.883377 0.372991 0.124730 0.118196
0 0.721866 0.140515 0.031943 0.032395
0 0.888522 0.390461 0.120029 0.116905
0 0.446663 0.343581 0.069951 0.068206
0 0.059119 0.132696 0.044828 0.041988
0 0.813330 0.116629 0.037925 0.036547