0 0.768732 0.811055 0.077875 0.072371
0 0.558398 0.756293 0.050128 0.048307
0 0.746189 0.051675 0.050311 0.048504
0 0.071047 0.456630 0.033666 0.032776
0 0.348666 0.659811 0.105058 0.098552
0 0.847546 0.089496 0.038439 0.037531
0 0.243409 0.716922 0.035885 0.034173
0 0.972194 0.265695 0.030487 0.029458
0 0.020127 0.389688 0.030730 0.030286
0 0.039273 0.861082 0.030680 0.030226
0 0.726300 0.139726 0.030029 0.028744
0 0.717673 0.194676 0.033758 0.032932
0 0.656690 0.083086 0.034886 0.032424
0 0.814969 0.074850 0.030719 0.029688
0 0.480657 0.626709 0.034507 0.031609
0 0.426790 0.756093 0.026950 0.025258
0 0.124121 0.098812 0.030032 0.027037
0 0.380694 0.276674 0.037094 0.031139
0 0.252261 0.884844 0.031312 0.030047
0 0.470944 0.259517 0.030469 0.027132
0 0.011593 0.838677 0.022978 0.061662
0 0.932087 0.811690 0.026074 0.025792
0 0.121617 0.872056 0.026639 0.026059
0 0.277954 0.983480 0.023722 0.023095
0 0.846719 0.293970 0.024884 0.024122
0 0.955044 0.669591 0.043586 0.042205
0 0.042520 0.520652 0.085040 0.137700
0 0.734415 0.428861 0.043071 0.038805
0 0.693269 0.100526 0.026641 0.025620