0 0.618758 0.579597 0.058643 0.056575
0 0.813532 0.646362 0.028879 0.028337
0 0.575058 0.849257 0.035873 0.035281
0 0.340391 0.476460 0.041841 0.041464
0 0.319458 0.109751 0.051855 0.050315
0 0.971942 0.938489 0.035362 0.035053
0 0.041577 0.391799 0.083070 0.114297
0 0.186832 0.951290 0.031001 0.030648
0 0.965054 0.588789 0.025746 0.025467
0 0.912587 0.346874 0.031997 0.031716
0 0.737443 0.773323 0.020878 0.021285
0 0.621924 0.642191 0.024498 0.024288
0 0.094565 0.949303 0.024425 0.023708
0 0.658697 0.557055 0.026582 0.026290
0 0.303382 0.934710 0.024261 0.023868
0 0.620178 0.669748 0.025937 0.025352
0 0.443949 0.473294 0.023348 0.023177
0 0.951382 0.980491 0.020760 0.020820
0 0.741525 0.836469 0.041868 0.042581
0 0.944532 0.014187 0.025576 0.024400
0 0.267429 0.992726 0.023472 0.014541
0 0.676347 0.806657 0.050572 0.050325
0 0.745286 0.020421 0.047667 0.040649
0 0.788928 0.796158 0.058472 0.060175
0 0.770062 0.615079 0.017360 0.017312
0 0.602429 0.456209 0.019787 0.020089
0 0.849857 0.914589 0.094067 0.089884
0 0.492067 0.725155 0.032216 0.030573
0 0.218755 0.702286 0.030992 0.029838
0 0.395538 0.067713 0.085401 0.084826
0 0.974933 0.263826 0.022264 0.021843
0 0.016722 0.891393 0.033443 0.047704
0 0.685919 0.648941 0.017916 0.018339
0 0.557782 0.061669 0.103959 0.100805
0 0.665452 0.842410 0.057186 0.054429
0 0.569254 0.634086 0.019939 0.019574
0 0.045322 0.694400 0.046521 0.045880
0 0.823354 0.794676 0.122280 0.119852
0 0.842422 0.981565 0.020042 0.020779
0 0.640967 0.656399 0.018282 0.018503
0 0.085430 0.500673 0.040898 0.040700
0 0.762824 0.936229 0.016772 0.016426
0 0.822694 0.734542 0.027007 0.027286
0 0.236106 0.330855 0.018668 0.018647
0 0.504979 0.933823 0.020339 0.020212
0 0.537168 0.587903 0.018787 0.018954
0 0.870223 0.438824 0.053672 0.052276
0 0.615556 0.383072 0.034290 0.034452
0 0.566733 0.435554 0.022474 0.022060