0 0.327419 0.290507 0.251593 0.225421
0 0.650124 0.927471 0.157229 0.135747
0 0.922594 0.934752 0.052557 0.040910
0 0.070069 0.240681 0.137469 0.250972
0 0.808089 0.038964 0.047501 0.040651
0 0.839202 0.628707 0.122834 0.093118
0 0.642547 0.047863 0.039375 0.031912
0 0.021483 0.716811 0.033720 0.029677
0 0.929770 0.837011 0.039320 0.033399
0 0.719197 0.752706 0.083592 0.065038
0 0.761080 0.051944 0.036725 0.032072
0 0.645342 0.760817 0.124629 0.099715
0 0.881324 0.262523 0.053311 0.043129
0 0.495034 0.487078 0.652815 0.598344
0 0.959084 0.546274 0.081832 0.081067
0 0.941258 0.421971 0.031211 0.026896
0 0.503503 0.827553 0.047938 0.040608
0 0.027512 0.808074 0.031674 0.025650
0 0.469880 0.895578 0.415422 0.208845
0 0.607955 0.029083 0.033481 0.027707
0 0.778405 0.960818 0.032558 0.026760
0 0.865015 0.470659 0.044849 0.035645
0 0.293080 0.095844 0.052207 0.041254
0 0.039682 0.230197 0.021506 0.021169
0 0.854583 0.299765 0.036402 0.029607
0 0.490912 0.365086 0.036456 0.031780
0 0.881682 0.779659 0.036417 0.029591
0 0.978250 0.964317 0.043499 0.070957
0 0.983268 0.386722 0.033397 0.053479
0 0.437640 0.022699 0.067746 0.045398
0 0.160298 0.503394 0.054759 0.046433