0 0.072480 0.829888 0.140912 0.180397
0 0.397724 0.955585 0.125679 0.088829
0 0.244620 0.260835 0.073274 0.057702
0 0.496765 0.802580 0.120285 0.091864
0 0.755538 0.967019 0.089815 0.065081
0 0.675766 0.737866 0.192605 0.136429
0 0.707281 0.420293 0.117966 0.095700
0 0.880709 0.874942 0.068542 0.053590
0 0.795802 0.551614 0.063321 0.048722
0 0.180979 0.935346 0.160416 0.123540
0 0.710373 0.656602 0.048472 0.037182
0 0.759198 0.106060 0.036562 0.029105
0 0.398840 0.799241 0.063723 0.044775
0 0.261769 0.175191 0.034289 0.028817
0 0.347409 0.190223 0.069304 0.053936
0 0.669411 0.935040 0.040040 0.033107
0 0.267548 0.898641 0.047490 0.035445
0 0.832537 0.963191 0.062027 0.050406
0 0.321996 0.891180 0.041769 0.033934
0 0.462466 0.681430 0.077971 0.058359
0 0.595708 0.987929 0.041950 0.023505
0 0.279872 0.805888 0.098961 0.080020
0 0.897843 0.943793 0.068172 0.053184
0 0.257376 0.097607 0.510096 0.195214
0 0.903632 0.974597 0.085449 0.050692
0 0.901035 0.966539 0.095494 0.065117
0 0.419924 0.360436 0.031877 0.027424
0 0.492806 0.985882 0.036129 0.027798
0 0.343210 0.703863 0.067090 0.053640
0 0.261138 0.816742 0.137880 0.104143
0 0.900202 0.955040 0.090669 0.070254
0 0.487821 0.614695 0.105604 0.081331
0 0.166359 0.067917 0.028997 0.023951
0 0.293288 0.980160 0.102879 0.039264
0 0.330086 0.625075 0.094896 0.070903