0 0.604428 0.534722 0.066426 0.065757
0 0.741452 0.075726 0.062731 0.061469
0 0.621457 0.679054 0.060904 0.060631
0 0.590762 0.383114 0.052400 0.052792
0 0.540263 0.128909 0.041390 0.041232
0 0.563126 0.438789 0.049626 0.049996
0 0.753774 0.255722 0.034246 0.033946
0 0.627549 0.902001 0.035765 0.036062
0 0.635650 0.938637 0.043263 0.042894
0 0.486955 0.137283 0.033331 0.031996
0 0.198846 0.732543 0.032205 0.032545
0 0.157418 0.751223 0.030490 0.030048
0 0.568031 0.770493 0.028756 0.028362
0 0.546889 0.208907 0.037739 0.037281
0 0.351496 0.412206 0.047340 0.047646
0 0.465691 0.257960 0.027392 0.026573
0 0.182483 0.800689 0.071761 0.071305
0 0.159999 0.159986 0.029013 0.029089
0 0.451523 0.397094 0.039875 0.038739
0 0.587069 0.230938 0.028991 0.029050
0 0.917263 0.476909 0.038440 0.038566
0 0.643320 0.967422 0.034035 0.033475
0 0.973594 0.650527 0.028781 0.029004
0 0.362369 0.450029 0.048243 0.047811
0 0.886168 0.979336 0.030012 0.029496
0 0.183232 0.014126 0.039809 0.028018
0 0.601056 0.102076 0.028150 0.028355
0 0.134869 0.200212 0.032276 0.032760
0 0.991473 0.270979 0.017055 0.057984
0 0.063300 0.103829 0.066865 0.066404
0 0.374911 0.649502 0.025935 0.025706
0 0.519558 0.218693 0.022408 0.023217
0 0.322765 0.718405 0.026731 0.027491
0 0.214282 0.433082 0.034162 0.034428
0 0.972064 0.368392 0.036757 0.035400
0 0.766254 0.886057 0.026554 0.026768
0 0.784803 0.029341 0.025619 0.025996
0 0.539331 0.175195 0.024480 0.024478
0 0.646748 0.439059 0.026248 0.025443
0 0.489090 0.215536 0.023919 0.023662
0 0.487267 0.573931 0.029211 0.029153
0 0.263834 0.426260 0.024401 0.023982
0 0.483280 0.273230 0.023785 0.023376
0 0.458712 0.368702 0.045162 0.042720
0 0.304753 0.302685 0.024952 0.025196
0 0.175577 0.963885 0.044194 0.042115
0 0.041198 0.014439 0.046351 0.028574