0 0.042322 0.492675 0.061892 0.060897
0 0.380787 0.958035 0.069628 0.068557
0 0.055956 0.232383 0.061297 0.059444
0 0.669435 0.780042 0.055279 0.053704
0 0.568730 0.717000 0.048893 0.048386
0 0.430938 0.840878 0.035609 0.035209
0 0.075573 0.465540 0.036068 0.036330
0 0.724452 0.612655 0.045857 0.044724
0 0.321585 0.192018 0.037767 0.037149
0 0.475389 0.682304 0.032306 0.031971
0 0.172673 0.471170 0.054996 0.056133
0 0.632970 0.580411 0.036854 0.034739
0 0.432395 0.660345 0.059091 0.058635
0 0.167316 0.088843 0.040180 0.040287
0 0.303836 0.643657 0.062757 0.061068
0 0.597076 0.782347 0.033316 0.032269
0 0.662816 0.566448 0.032728 0.033080
0 0.336084 0.891980 0.033363 0.034023
0 0.282187 0.114418 0.060808 0.059729
0 0.915210 0.613424 0.026462 0.025382
0 0.305615 0.323767 0.054499 0.053150
0 0.640926 0.900969 0.035835 0.035431
0 0.260851 0.383255 0.028829 0.029625
0 0.558183 0.197719 0.231076 0.224156
0 0.600495 0.714838 0.026457 0.027144
0 0.077074 0.804221 0.051956 0.051661
0 0.319369 0.376361 0.029582 0.028579
0 0.303393 0.892784 0.026010 0.026608
0 0.225516 0.563904 0.122839 0.126776
0 0.522783 0.843779 0.028567 0.028421
0 0.019044 0.006104 0.031781 0.012207
0 0.489110 0.851680 0.032051 0.032268
0 0.921920 0.855290 0.034793 0.033838
0 0.229463 0.249129 0.026961 0.026906
0 0.642129 0.045976 0.396563 0.091952
0 0.728103 0.461730 0.024889 0.024417
0 0.923579 0.830854 0.026567 0.026858
0 0.635128 0.436129 0.130792 0.129345
0 0.874769 0.330030 0.024049 0.024871
0 0.734524 0.526944 0.027442 0.027848
0 0.496360 0.961295 0.132627 0.077298
0 0.835116 0.954250 0.073612 0.073035
0 0.324444 0.521439 0.050740 0.051369
0 0.664965 0.852093 0.074062 0.074538
0 0.524000 0.468699 0.121604 0.127393
0 0.446055 0.881607 0.033638 0.032871
0 0.618086 0.729999 0.021515 0.022113
0 0.502061 0.810893 0.027872 0.028009
0 0.351229 0.990934 0.037198 0.018132
0 0.292497 0.266418 0.025244 0.026416