0 0.168128 0.295411 0.055299 0.056070
0 0.839335 0.464839 0.312036 0.310662
0 0.063328 0.075503 0.037900 0.037759
0 0.632167 0.295909 0.096242 0.096529
0 0.378396 0.253741 0.026891 0.027430
0 0.348547 0.103444 0.026175 0.026251
0 0.253456 0.169049 0.027433 0.027402
0 0.762421 0.336698 0.023057 0.023000
0 0.190439 0.234741 0.036246 0.035798
0 0.745217 0.225052 0.048079 0.048713
0 0.204394 0.093176 0.025107 0.025258
0 0.725531 0.153066 0.026221 0.026073
0 0.924764 0.265825 0.022282 0.022129
0 0.408335 0.292287 0.024076 0.024780
0 0.362397 0.156035 0.033737 0.034470
0 0.752156 0.280567 0.056685 0.054808
0 0.735154 0.314247 0.031769 0.031606
0 0.102987 0.685133 0.039527 0.039177
0 0.420304 0.073916 0.024634 0.024281
0 0.021083 0.518421 0.042044 0.078142
0 0.301739 0.225227 0.026309 0.025780
0 0.236305 0.303297 0.043154 0.043018
0 0.178514 0.093599 0.022030 0.022009
0 0.490553 0.106299 0.021606 0.022165
0 0.816337 0.340350 0.025949 0.026159
0 0.580314 0.220724 0.023996 0.024333
0 0.054319 0.473143 0.030464 0.030508
0 0.517942 0.120953 0.015395 0.015407
0 0.101367 0.086503 0.027530 0.027251
0 0.552709 0.115450 0.016898 0.017458
0 0.378296 0.416533 0.038447 0.037961
0 0.583864 0.376134 0.044695 0.042870
0 0.066464 0.600154 0.095972 0.094393
0 0.679985 0.362291 0.037734 0.036499
0 0.791339 0.220354 0.017408 0.016887
0 0.969299 0.323772 0.031227 0.031172
0 0.170360 0.202516 0.019463 0.018945
0 0.958414 0.128969 0.022378 0.021914
0 0.112212 0.469532 0.033140 0.033131
0 0.562052 0.057272 0.025503 0.028158
0 0.646162 0.217989 0.017144 0.017476
0 0.647442 0.034397 0.130190 0.068444
0 0.927992 0.319095 0.021962 0.022412
0 0.172122 0.123093 0.020514 0.021217
0 0.107100 0.121138 0.018492 0.017778
0 0.587709 0.250908 0.020234 0.020345
0 0.779020 0.954099 0.024542 0.024039
0 0.994334 0.112821 0.011156 0.024249
0 0.664125 0.423168 0.045356 0.046748
0 0.226909 0.244455 0.025790 0.024511
0 0.113617 0.019005 0.023105 0.023080
0 0.100832 0.539251 0.027530 0.027418
0 0.837907 0.875502 0.028979 0.028615
0 0.462291 0.366890 0.020984 0.020850
0 0.385818 0.039282 0.018791 0.018879
0 0.098786 0.089262 0.033052 0.034152
0 0.420414 0.342870 0.019417 0.020076
0 0.553574 0.437581 0.026937 0.027793
0 0.862090 0.822755 0.068110 0.066757
0 0.560190 0.317420 0.018204 0.017987
0 0.420403 0.248166 0.020489 0.020089
0 0.559043 0.537887 0.027733 0.027999
0 0.096775 0.030924 0.022026 0.022029