0 0.420159 0.762521 0.292337 0.261185
0 0.229847 0.658844 0.143883 0.141008
0 0.445336 0.045654 0.053928 0.052301
0 0.464613 0.153309 0.043738 0.042524
0 0.587707 0.041487 0.041969 0.040540
0 0.564463 0.846522 0.042486 0.040466
0 0.197994 0.070734 0.031751 0.030704
0 0.820654 0.341918 0.041154 0.038683
0 0.306138 0.220699 0.030992 0.030024
0 0.051290 0.017066 0.042323 0.033582
0 0.190007 0.274960 0.081524 0.080786
0 0.786494 0.634355 0.045450 0.044206
0 0.881429 0.722016 0.031335 0.030306
0 0.057198 0.557463 0.031627 0.031359
0 0.067239 0.778998 0.133665 0.136779
0 0.947631 0.968651 0.104738 0.062697
0 0.294040 0.892989 0.160857 0.134818
0 0.517817 0.974809 0.041873 0.039770
0 0.790709 0.924762 0.085034 0.083943
0 0.380837 0.612758 0.057241 0.052206
0 0.398919 0.389755 0.031912 0.031191
0 0.134397 0.813204 0.044275 0.041495
0 0.515847 0.052892 0.033463 0.033576
0 0.966332 0.434656 0.067120 0.070633
0 0.944388 0.769980 0.108695 0.256604
0 0.443568 0.007743 0.030860 0.015472
0 0.538830 0.884144 0.059613 0.053747
0 0.954629 0.393527 0.030819 0.031362
0 0.115345 0.516603 0.030073 0.030297
0 0.711747 0.235856 0.066227 0.063482
0 0.842849 0.106655 0.025938 0.025007
0 0.888970 0.878911 0.122361 0.105682
0 0.385992 0.278846 0.027371 0.026546
0 0.983510 0.911372 0.032669 0.035111
0 0.820774 0.130209 0.352057 0.257432
0 0.115748 0.365291 0.126889 0.117679
0 0.405924 0.041025 0.026679 0.026671
0 0.473300 0.886862 0.043051 0.041198
0 0.732287 0.980892 0.052933 0.038216
0 0.918166 0.008038 0.022156 0.016077
0 0.737798 0.438716 0.060634 0.060111
0 0.972462 0.510077 0.055077 0.084673
0 0.900627 0.902907 0.143189 0.140036
0 0.743067 0.749863 0.135085 0.131438
0 0.415548 0.940067 0.059311 0.057426
0 0.613873 0.452496 0.061266 0.058820
0 0.657889 0.318708 0.123020 0.117836
0 0.715058 0.280046 0.023349 0.023311
0 0.367394 0.327469 0.148196 0.142511
0 0.780057 0.787677 0.214702 0.203584
0 0.646266 0.940646 0.078377 0.070976
0 0.757607 0.826978 0.150419 0.130722
0 0.257106 0.963143 0.235369 0.073714
0 0.813059 0.294729 0.025544 0.024629
0 0.886486 0.056431 0.023785 0.023198
0 0.316564 0.726301 0.041514 0.040377
0 0.063458 0.655937 0.026956 0.025645