0 0.496238 0.574307 0.039931 0.039432
0 0.694890 0.186135 0.062971 0.058553
0 0.706168 0.147022 0.042212 0.038180
0 0.145390 0.465532 0.037101 0.036226
0 0.240499 0.438354 0.040638 0.040440
0 0.810442 0.094038 0.074046 0.066409
0 0.867792 0.088997 0.045822 0.045051
0 0.734976 0.197227 0.040963 0.040269
0 0.641220 0.081300 0.050215 0.047702
0 0.846231 0.449107 0.029052 0.027476
0 0.426638 0.564243 0.028167 0.027568
0 0.333839 0.183093 0.025577 0.025210
0 0.652373 0.934031 0.167536 0.131623
0 0.236561 0.416406 0.034070 0.031659
0 0.649389 0.141053 0.030198 0.029791
0 0.321396 0.403168 0.027271 0.026849
0 0.987760 0.145284 0.024049 0.025531
0 0.295873 0.398511 0.024244 0.023984
0 0.416867 0.958716 0.023668 0.022948
0 0.803496 0.905392 0.148911 0.139993
0 0.440057 0.093804 0.170558 0.153324
0 0.786202 0.538369 0.024377 0.024270
0 0.560036 0.364346 0.026295 0.025848
0 0.833794 0.045712 0.034745 0.034121
0 0.589003 0.052700 0.102783 0.100062