0 0.899089 0.116464 0.034027 0.033660
0 0.864165 0.202480 0.029818 0.029802
0 0.921624 0.171081 0.019755 0.019598
0 0.970202 0.263772 0.027946 0.027699
0 0.517305 0.802443 0.058119 0.056548
0 0.958694 0.665741 0.039636 0.038429
0 0.954348 0.115241 0.022153 0.022521
0 0.965751 0.225429 0.017896 0.017884
0 0.690662 0.078060 0.025026 0.025103
0 0.677738 0.484856 0.042605 0.043116
0 0.501206 0.409296 0.052286 0.052224
0 0.622603 0.745038 0.028409 0.028008
0 0.176019 0.320269 0.054834 0.054407
0 0.901495 0.296903 0.023926 0.023831
0 0.038208 0.333548 0.029310 0.029053
0 0.480418 0.304338 0.036173 0.035505
0 0.983535 0.049873 0.019860 0.019753
0 0.518150 0.882365 0.029745 0.029216
0 0.948414 0.062926 0.018590 0.018796
0 0.615878 0.333844 0.116928 0.113668
0 0.340148 0.078635 0.024493 0.024356
0 0.670444 0.215475 0.061445 0.060339
0 0.456965 0.088120 0.065994 0.065483
0 0.669057 0.405251 0.032011 0.031087
0 0.715304 0.558303 0.034520 0.034474
0 0.611749 0.297670 0.024062 0.023571
0 0.017305 0.074046 0.024818 0.023660
0 0.664759 0.064923 0.028310 0.027877
0 0.733573 0.483140 0.038866 0.040056
0 0.412604 0.100905 0.026579 0.026843
0 0.617245 0.025695 0.062728 0.051247
0 0.456498 0.554948 0.033045 0.033189
0 0.523735 0.468484 0.102058 0.098005
0 0.750106 0.159375 0.030421 0.029898
0 0.125142 0.394360 0.035461 0.035352
0 0.501706 0.838032 0.038626 0.037269
0 0.428659 0.904504 0.107696 0.104680
0 0.763901 0.443542 0.046766 0.046292
0 0.525441 0.065045 0.066552 0.065888
0 0.734095 0.866602 0.037073 0.037864
0 0.546262 0.375157 0.033468 0.032974
0 0.539277 0.724565 0.101252 0.101711
0 0.371340 0.598446 0.024077 0.023898
0 0.066119 0.365259 0.058308 0.055510
0 0.809828 0.521234 0.055918 0.053578
0 0.533724 0.390760 0.030906 0.030693
0 0.507876 0.730202 0.042338 0.042876