0 0.144791 0.425663 0.264841 0.264793
0 0.378570 0.657502 0.064955 0.063352
0 0.163597 0.053061 0.064350 0.063369
0 0.783148 0.191052 0.065182 0.064232
0 0.105507 0.696634 0.058594 0.056486
0 0.319854 0.586587 0.054450 0.051936
0 0.302369 0.111473 0.146125 0.143776
0 0.866000 0.397440 0.052578 0.050397
0 0.709445 0.496266 0.038146 0.037530
0 0.413927 0.938933 0.073100 0.070568
0 0.624362 0.820037 0.062718 0.062540
0 0.610274 0.150716 0.250624 0.238362
0 0.907431 0.551715 0.043955 0.042460
0 0.104884 0.748021 0.049616 0.047477
0 0.905507 0.460260 0.034385 0.033169
0 0.512324 0.816069 0.044603 0.042159
0 0.222967 0.290605 0.048434 0.046545
0 0.357255 0.417926 0.031511 0.030921
0 0.365303 0.849905 0.035042 0.033249
0 0.742748 0.127104 0.033197 0.031206
0 0.499813 0.723715 0.038413 0.036452
0 0.072566 0.850587 0.039611 0.038845
0 0.862043 0.550009 0.036016 0.034533
0 0.323778 0.368558 0.052159 0.048509
0 0.975053 0.117134 0.039616 0.038691
0 0.022325 0.633970 0.037674 0.037224
0 0.160928 0.244239 0.044331 0.042215
0 0.705574 0.527119 0.032298 0.031064
0 0.371877 0.916832 0.067198 0.066833
0 0.050265 0.237242 0.051176 0.050574
0 0.975223 0.321880 0.028746 0.029094
0 0.624846 0.602928 0.031102 0.030365
0 0.363333 0.241806 0.055740 0.053761
0 0.976062 0.786340 0.034564 0.033899
0 0.525766 0.624915 0.118258 0.110352
0 0.910543 0.251564 0.100484 0.098854
0 0.053844 0.638329 0.106440 0.186577
0 0.613415 0.013630 0.064344 0.027260
0 0.507248 0.557799 0.140477 0.135577
0 0.989046 0.901953 0.021909 0.035340
0 0.323499 0.211599 0.038997 0.037325
0 0.806188 0.730562 0.041483 0.040502
0 0.295926 0.677237 0.035773 0.034945
0 0.748638 0.545288 0.028621 0.028311
0 0.207499 0.012183 0.053327 0.024367
0 0.128357 0.190319 0.029379 0.029157
0 0.957014 0.590976 0.030436 0.029824
0 0.423412 0.539088 0.035738 0.035498
0 0.835084 0.337633 0.027890 0.027068
0 0.143207 0.762564 0.028261 0.027197
0 0.074507 0.800283 0.040037 0.038188
0 0.800965 0.573688 0.042319 0.041114
0 0.643282 0.579693 0.030023 0.029553
0 0.080912 0.887557 0.161825 0.183553
0 0.792595 0.362444 0.035686 0.034747
0 0.176294 0.167680 0.028883 0.028799
0 0.442486 0.481332 0.028123 0.027642
0 0.808888 0.380239 0.030781 0.031109
0 0.839501 0.254708 0.030922 0.031037
0 0.849631 0.201112 0.041170 0.042809
0 0.820908 0.528394 0.027874 0.026589
0 0.526148 0.889747 0.030716 0.030137
0 0.708483 0.279829 0.247167 0.226162
0 0.062397 0.206087 0.046300 0.042142
0 0.024560 0.865805 0.030532 0.029851
0 0.885760 0.661214 0.067174 0.066117
0 0.014653 0.047848 0.029301 0.078292
0 0.235172 0.903657 0.027602 0.027288
0 0.971865 0.520122 0.027769 0.028001
0 0.963543 0.654596 0.028180 0.028145
0 0.165274 0.957536 0.037356 0.036852
0 0.980631 0.018831 0.038739 0.036537
0 0.702688 0.024993 0.071356 0.049985
0 0.964286 0.382336 0.071428 0.085387
0 0.242703 0.569489 0.098219 0.095550
0 0.281720 0.641286 0.082831 0.080815
0 0.803589 0.083404 0.202902 0.166620
0 0.219037 0.218293 0.036414 0.036943
0 0.595297 0.715550 0.029520 0.029419
0 0.773554 0.497890 0.024221 0.024268
0 0.234279 0.586890 0.063002 0.060925
0 0.730447 0.400413 0.030365 0.029385
0 0.912441 0.399190 0.026131 0.024967
0 0.311314 0.489969 0.027520 0.026817
0 0.538804 0.305312 0.057095 0.054271
0 0.951928 0.196387 0.032636 0.031853
0 0.985857 0.288621 0.027903 0.068696
0 0.024975 0.581295 0.032681 0.034389
0 0.222129 0.637804 0.031376 0.029859
0 0.458309 0.725088 0.036325 0.035913
0 0.410508 0.464814 0.032446 0.031247
0 0.312461 0.624311 0.033062 0.031244
0 0.448326 0.135710 0.062497 0.064996
0 0.680170 0.531764 0.084452 0.085192
0 0.793008 0.556844 0.021872 0.019605
0 0.115904 0.662513 0.028179 0.026822
0 0.627259 0.791744 0.029410 0.027681
0 0.164589 0.991656 0.028261 0.016411
0 0.826589 0.911948 0.024156 0.024998
0 0.976286 0.450637 0.047027 0.091516
0 0.795900 0.560855 0.028395 0.026780
0 0.653670 0.010334 0.031542 0.020567
0 0.739180 0.164469 0.044702 0.042384
0 0.734163 0.466424 0.038962 0.039771
0 0.623804 0.366459 0.031093 0.030566
0 0.086151 0.775786 0.029075 0.027786
0 0.850632 0.195775 0.036600 0.036693
0 0.790386 0.983521 0.023184 0.022307
0 0.682921 0.265079 0.294472 0.268334
0 0.670745 0.863489 0.024876 0.024139