0 0.375201 0.524777 0.122615 0.120829
0 0.922970 0.659603 0.060168 0.059816
0 0.127083 0.821694 0.071983 0.072016
0 0.676702 0.719310 0.060986 0.060513
0 0.081221 0.699772 0.064791 0.065155
0 0.431458 0.325390 0.052955 0.051206
0 0.692701 0.902190 0.051430 0.051402
0 0.581027 0.619127 0.047322 0.046349
0 0.221766 0.360939 0.045485 0.044253
0 0.714597 0.412512 0.045833 0.045758
0 0.340079 0.747655 0.033910 0.033817
0 0.751179 0.649804 0.037850 0.037495
0 0.697156 0.159686 0.061314 0.060763
0 0.388395 0.073648 0.039210 0.039106
0 0.171964 0.347137 0.045413 0.044351
0 0.848418 0.326883 0.035638 0.035589
0 0.135029 0.266778 0.033775 0.032990
0 0.096855 0.963505 0.052880 0.052276
0 0.023777 0.350461 0.047554 0.053559
0 0.445731 0.675378 0.031417 0.031074
0 0.922310 0.351979 0.039507 0.039756
0 0.179549 0.861300 0.038504 0.038496
0 0.586554 0.499874 0.044815 0.044565
0 0.103670 0.524221 0.034806 0.034156
0 0.885381 0.918260 0.063792 0.064553
0 0.167434 0.450682 0.036042 0.036017
0 0.582565 0.470304 0.034613 0.034067
0 0.321722 0.453304 0.031411 0.031378
0 0.769063 0.524628 0.041690 0.041544
0 0.404756 0.599960 0.050003 0.048951
0 0.315295 0.388468 0.031830 0.030769
0 0.310085 0.630433 0.032594 0.032612
0 0.367571 0.900794 0.059797 0.057175
0 0.048400 0.381902 0.042146 0.041768
0 0.751138 0.468628 0.050926 0.051765
0 0.867541 0.580589 0.039516 0.039004
0 0.132136 0.421038 0.069298 0.070672
0 0.487856 0.231492 0.031133 0.029949
0 0.138869 0.166898 0.046466 0.046374
0 0.206667 0.428050 0.049791 0.048420
0 0.496894 0.272567 0.030990 0.030564
0 0.106221 0.368901 0.035743 0.033927
0 0.384855 0.820304 0.056946 0.058815
0 0.104731 0.393538 0.034538 0.034809
0 0.249645 0.874902 0.030212 0.030020
0 0.284547 0.370481 0.029068 0.028617
0 0.014991 0.415370 0.028924 0.029149
0 0.646976 0.809211 0.030383 0.030370
0 0.796864 0.494676 0.054506 0.053691
0 0.558980 0.878449 0.040732 0.041506
0 0.277186 0.780220 0.046219 0.044390
0 0.746023 0.058233 0.028725 0.028600
0 0.988082 0.741804 0.023700 0.037912
0 0.211625 0.849156 0.028799 0.029222
0 0.898832 0.834120 0.045383 0.044388
0 0.151163 0.979641 0.070080 0.040541
0 0.359361 0.271196 0.040010 0.038084
0 0.005888 0.604526 0.011776 0.051565
0 0.822249 0.013468 0.043428 0.026935
0 0.805281 0.099272 0.083284 0.083997
0 0.108501 0.616145 0.210354 0.237308
0 0.342155 0.837133 0.029686 0.029344
0 0.989674 0.606368 0.020653 0.030033
0 0.741562 0.025383 0.036807 0.035730
0 0.560670 0.865776 0.043469 0.044662
0 0.804606 0.983503 0.045877 0.032995
0 0.517552 0.478615 0.026323 0.026084
0 0.306955 0.758542 0.029340 0.028823
0 0.764306 0.814597 0.030577 0.030756
0 0.533754 0.385201 0.037744 0.036527
0 0.234524 0.771908 0.041253 0.042268
0 0.095357 0.481627 0.070831 0.070638
0 0.669699 0.011651 0.035480 0.023303
0 0.445320 0.397192 0.026806 0.026375
0 0.991436 0.655417 0.017129 0.047302
0 0.960941 0.046879 0.078118 0.093758
0 0.253337 0.076680 0.035039 0.033976
0 0.184165 0.406011 0.031041 0.031658
0 0.033087 0.680577 0.035588 0.034867
0 0.243778 0.475145 0.029862 0.028519
0 0.993168 0.984840 0.013664 0.030320
0 0.353850 0.864161 0.029281 0.028694
0 0.219248 0.261284 0.065515 0.065186
0 0.306889 0.910714 0.028544 0.028234
0 0.657927 0.921142 0.035659 0.035667
0 0.311783 0.695230 0.097309 0.096619
0 0.217254 0.990145 0.039812 0.019691
0 0.454278 0.621966 0.026510 0.025916
0 0.984354 0.716593 0.027657 0.026535
0 0.712680 0.944227 0.036594 0.036511
0 0.551160 0.536796 0.027953 0.027357
0 0.309974 0.841518 0.042759 0.041743
0 0.910270 0.277640 0.110139 0.112234
0 0.137489 0.694616 0.063112 0.063928