0 0.343112 0.502097 0.159913 0.142021
0 0.103927 0.839369 0.046858 0.040921
0 0.191778 0.949381 0.061014 0.058791
0 0.959407 0.973067 0.037992 0.034093
0 0.019550 0.214946 0.028676 0.026221
0 0.301378 0.297636 0.034226 0.029414
0 0.593555 0.801802 0.048805 0.041141
0 0.200030 0.483683 0.047723 0.037869
0 0.764534 0.227301 0.022601 0.021150
0 0.707291 0.898094 0.028489 0.026445
0 0.188696 0.988520 0.035060 0.022945
0 0.721263 0.065379 0.029935 0.029557
0 0.955946 0.038113 0.019343 0.019325
0 0.164565 0.120267 0.048546 0.044796
0 0.653510 0.139341 0.022100 0.021068
0 0.070556 0.234063 0.054696 0.043208
0 0.077029 0.090708 0.034415 0.030151
0 0.767627 0.144476 0.018879 0.018377
0 0.595952 0.370265 0.032890 0.029259
0 0.919539 0.353945 0.052340 0.045089
0 0.313215 0.157451 0.106419 0.088238
0 0.094043 0.352509 0.105580 0.086897
0 0.112290 0.736241 0.040828 0.038138
0 0.042109 0.270047 0.041258 0.035540
0 0.100030 0.243318 0.200060 0.284893
0 0.326960 0.237676 0.026851 0.024188