0 0.657184 0.751021 0.078078 0.076370
0 0.902295 0.560423 0.097890 0.094664
0 0.450947 0.468267 0.086039 0.084943
0 0.509106 0.544135 0.128589 0.123543
0 0.090708 0.491299 0.084528 0.081374
0 0.445267 0.899510 0.190814 0.192448
0 0.661886 0.583382 0.044220 0.042382
0 0.874612 0.657916 0.122916 0.116263
0 0.640851 0.310417 0.046727 0.045916
0 0.254895 0.383471 0.073816 0.071377
0 0.362584 0.750279 0.037604 0.036246
0 0.365406 0.556816 0.075361 0.072565
0 0.775124 0.728263 0.067546 0.065942
0 0.823164 0.436202 0.061144 0.059554
0 0.021297 0.324666 0.042593 0.085938
0 0.427317 0.280187 0.037531 0.036646
0 0.685377 0.647666 0.048256 0.047114
0 0.603195 0.074699 0.076939 0.074414
0 0.586996 0.688439 0.044505 0.043392
0 0.504221 0.220486 0.044904 0.042773
0 0.757556 0.568416 0.034046 0.032960
0 0.626730 0.706466 0.050868 0.051035
0 0.054651 0.620550 0.053442 0.049705
0 0.818114 0.959066 0.036633 0.035249
0 0.961777 0.676943 0.075803 0.191428
0 0.550496 0.363063 0.069955 0.067804
0 0.845748 0.133330 0.036898 0.036719
0 0.870051 0.332189 0.043589 0.041384
0 0.742757 0.179684 0.036408 0.035197
0 0.270941 0.334296 0.071278 0.070508
0 0.518150 0.702286 0.031085 0.029983
0 0.646316 0.244297 0.035811 0.036041
0 0.492075 0.412749 0.043729 0.043298
0 0.764784 0.018962 0.045594 0.037924
0 0.087738 0.677759 0.050051 0.048038
0 0.869746 0.163601 0.039576 0.038641
0 0.225826 0.123698 0.036475 0.035201
0 0.299145 0.061577 0.423705 0.123154
0 0.743204 0.057824 0.051823 0.048903
0 0.730696 0.705131 0.033191 0.033237
0 0.502039 0.168896 0.030720 0.030831
0 0.659122 0.675435 0.033468 0.033485
0 0.274654 0.986581 0.032234 0.026832
0 0.868962 0.189616 0.027397 0.026812
0 0.106720 0.777655 0.035998 0.034255
0 0.081366 0.085862 0.030950 0.029552
0 0.803600 0.012503 0.031046 0.024290
0 0.122166 0.585454 0.160139 0.148082
0 0.297336 0.208816 0.031977 0.030976
0 0.247598 0.062684 0.259238 0.125367
0 0.865736 0.505506 0.035982 0.034389
0 0.713628 0.678801 0.033129 0.034128
0 0.253580 0.162108 0.080672 0.076867
0 0.565902 0.338815 0.037160 0.034749
0 0.726437 0.042210 0.044446 0.043297
0 0.384679 0.479477 0.041691 0.039462
0 0.586616 0.964147 0.113037 0.071691
0 0.469331 0.385114 0.040537 0.038703
0 0.474815 0.814523 0.047792 0.045858
0 0.331575 0.738786 0.031341 0.030707
0 0.738590 0.431610 0.045675 0.043202
0 0.820015 0.150826 0.033362 0.032263
0 0.711096 0.019057 0.028130 0.027803
0 0.192412 0.395683 0.049847 0.048538
0 0.708715 0.244306 0.043012 0.041763
0 0.032642 0.401313 0.034760 0.033470
0 0.537836 0.657057 0.055308 0.052948
0 0.958575 0.855218 0.028724 0.027999
0 0.788181 0.246743 0.028392 0.028397
0 0.426248 0.072888 0.041041 0.037918
0 0.426123 0.825970 0.060483 0.057509
0 0.954038 0.974345 0.044165 0.043118
0 0.743122 0.665571 0.031115 0.030702
0 0.635159 0.899779 0.028245 0.027077
0 0.181350 0.722234 0.032470 0.031553
0 0.032126 0.961468 0.031465 0.030928
0 0.732837 0.048485 0.057908 0.054897
0 0.408787 0.100067 0.042367 0.041086
0 0.971861 0.580426 0.053504 0.052096
0 0.755343 0.988396 0.045160 0.023207
0 0.763686 0.983388 0.113278 0.033224
0 0.278195 0.332935 0.059214 0.056082
0 0.328383 0.506892 0.034585 0.034355
0 0.588034 0.799016 0.086150 0.085254