0 0.882235 0.738439 0.076609 0.073544
0 0.769769 0.984654 0.054116 0.030581
0 0.659136 0.016888 0.046093 0.033046
0 0.889363 0.216971 0.046726 0.044875
0 0.585449 0.708976 0.059134 0.056585
0 0.739676 0.820746 0.050029 0.048322
0 0.114728 0.109739 0.026379 0.025226
0 0.770286 0.411688 0.030981 0.029816
0 0.516204 0.033055 0.026295 0.025701
0 0.503034 0.085491 0.026202 0.025552
0 0.964612 0.826300 0.056897 0.052597
0 0.953891 0.744994 0.065273 0.063143
0 0.765068 0.987827 0.067325 0.024345
0 0.951829 0.811846 0.044582 0.042234
0 0.164429 0.950685 0.042728 0.041298
0 0.667263 0.908853 0.032748 0.031097
0 0.552287 0.008708 0.039152 0.017416
0 0.968980 0.923357 0.062008 0.093298
0 0.921875 0.686902 0.044831 0.044193
0 0.959215 0.570025 0.081570 0.092046
0 0.951145 0.501509 0.097709 0.132322