0 0.569687 0.875028 0.065787 0.058265
0 0.033274 0.823186 0.063338 0.062524
0 0.154635 0.809347 0.063302 0.062282
0 0.941900 0.419041 0.116201 0.111101
0 0.108537 0.936581 0.086263 0.082798
0 0.915092 0.927217 0.051023 0.044789
0 0.106810 0.153329 0.091269 0.088688
0 0.422257 0.974466 0.108117 0.051068
0 0.184533 0.029483 0.058720 0.055354
0 0.071201 0.637578 0.037529 0.036111
0 0.702753 0.236408 0.049811 0.047485
0 0.197499 0.705158 0.072345 0.069824
0 0.721889 0.937045 0.078851 0.069748
0 0.282815 0.941411 0.111563 0.099459
0 0.835455 0.273334 0.045141 0.042357
0 0.476572 0.608580 0.047316 0.044643
0 0.574623 0.484917 0.043934 0.039787
0 0.356650 0.154514 0.069323 0.062094
0 0.616297 0.973269 0.107304 0.053461
0 0.035547 0.407362 0.071094 0.117349
0 0.470803 0.192277 0.039727 0.037350
0 0.723365 0.017620 0.051129 0.034331
0 0.322956 0.065048 0.070491 0.066691
0 0.573509 0.307158 0.109844 0.102507
0 0.014241 0.874709 0.028349 0.048698
0 0.678839 0.903598 0.046463 0.041422
0 0.816604 0.945243 0.100817 0.093227
0 0.814801 0.168387 0.049336 0.046776
0 0.740142 0.369329 0.045866 0.042702
0 0.591735 0.087138 0.045057 0.042517
0 0.978407 0.492098 0.043133 0.112251
0 0.761572 0.887049 0.039518 0.033548
0 0.945270 0.863323 0.092864 0.083912
0 0.902052 0.073181 0.097765 0.091642
0 0.616937 0.195963 0.040377 0.038371
0 0.010483 0.061549 0.020965 0.069638
0 0.817940 0.793922 0.037098 0.033860
0 0.577615 0.448119 0.037565 0.034067
0 0.784997 0.376018 0.042406 0.040518
0 0.861983 0.300840 0.032425 0.030700
0 0.923514 0.562060 0.144278 0.126378
0 0.006821 0.700995 0.013643 0.051470
0 0.264946 0.749305 0.111627 0.104808
0 0.858019 0.357166 0.042993 0.040405
0 0.258153 0.622551 0.034859 0.031851
0 0.561927 0.021891 0.049919 0.042106
0 0.511745 0.639425 0.041169 0.036995
0 0.525989 0.462790 0.063541 0.058563
0 0.755474 0.437673 0.033864 0.031064
0 0.188928 0.140662 0.042873 0.041040
0 0.754444 0.725663 0.088500 0.082243
0 0.690167 0.452630 0.056720 0.052086
0 0.110021 0.603221 0.066007 0.064934
0 0.846314 0.834320 0.033955 0.031299
0 0.545128 0.963527 0.034814 0.031041
0 0.423938 0.584541 0.070643 0.068235
0 0.647645 0.880251 0.035498 0.032405
0 0.656739 0.771454 0.050378 0.046137
0 0.572558 0.550011 0.040916 0.037985
0 0.991279 0.657950 0.017441 0.041670
0 0.079389 0.771323 0.052487 0.051518
0 0.285319 0.298031 0.080205 0.077954
0 0.957821 0.154963 0.083755 0.093290
0 0.464274 0.479015 0.058409 0.055835
0 0.661881 0.851891 0.034189 0.030828
0 0.379372 0.745650 0.039349 0.036869
0 0.765932 0.498633 0.044194 0.037001
0 0.862172 0.514396 0.041848 0.038520
0 0.620451 0.499857 0.044595 0.041788
0 0.913013 0.645204 0.066308 0.061581
0 0.230464 0.106940 0.048902 0.047140
0 0.693744 0.859279 0.032306 0.028160
0 0.338596 0.571663 0.033811 0.033273
0 0.390582 0.556036 0.063387 0.058555
0 0.083763 0.553162 0.065612 0.059712
0 0.309942 0.782801 0.036743 0.034774
0 0.568301 0.644855 0.062909 0.056756
0 0.352160 0.527844 0.066947 0.060383
0 0.231518 0.141607 0.036863 0.034414
0 0.900324 0.021246 0.065360 0.042492
0 0.203530 0.456268 0.070258 0.065782
0 0.208564 0.573643 0.066767 0.062920
0 0.977940 0.619666 0.044019 0.050392
0 0.954737 0.717430 0.089195 0.088671
0 0.192890 0.788286 0.026953 0.026796
0 0.168778 0.989230 0.051072 0.020940
0 0.338081 0.984089 0.067144 0.031823
0 0.653464 0.715511 0.036753 0.034052
0 0.254863 0.987924 0.048738 0.024152
0 0.303787 0.047238 0.040678 0.038393
0 0.860429 0.447296 0.041602 0.036611
0 0.368631 0.861371 0.085478 0.078177
0 0.632494 0.429769 0.071918 0.068670
0 0.310836 0.403030 0.131329 0.119223
0 0.939029 0.215304 0.063568 0.058220
0 0.594691 0.704968 0.045554 0.040784
0 0.708888 0.285480 0.026826 0.026314
0 0.164560 0.424662 0.062770 0.057676
0 0.567344 0.548774 0.048776 0.043217
0 0.208943 0.395532 0.054239 0.048889
0 0.833528 0.023523 0.065682 0.047047
0 0.848532 0.132184 0.033389 0.030932
0 0.816267 0.692028 0.052797 0.048598
0 0.147466 0.245473 0.141391 0.126544
0 0.311123 0.604766 0.034526 0.033842
0 0.344006 0.875212 0.141512 0.114483