0 0.428199 0.335022 0.038018 0.037329
0 0.838133 0.923121 0.039677 0.038835
0 0.277158 0.923152 0.032696 0.030841
0 0.623342 0.987731 0.029667 0.023790
0 0.702794 0.982085 0.031356 0.029344
0 0.430890 0.433194 0.025866 0.024766
0 0.518588 0.503170 0.033323 0.032463
0 0.333089 0.467901 0.030784 0.030123
0 0.696341 0.495782 0.028548 0.027118
0 0.017698 0.340824 0.035396 0.040760
0 0.250026 0.769308 0.032614 0.031162
0 0.439606 0.266213 0.040780 0.040000
0 0.644952 0.981019 0.024627 0.024532
0 0.442622 0.758516 0.035667 0.033919
0 0.008112 0.834128 0.016223 0.034461
0 0.573578 0.823173 0.027940 0.026682
0 0.932746 0.346187 0.034620 0.032382
0 0.048924 0.361328 0.031849 0.031598
0 0.546941 0.260523 0.033372 0.032063
0 0.228526 0.339933 0.029792 0.028240
0 0.114644 0.432087 0.027458 0.026353
0 0.549290 0.717466 0.025942 0.024906
0 0.801816 0.490512 0.029193 0.028564
0 0.849074 0.239988 0.028596 0.028290
0 0.580813 0.398858 0.029780 0.027466
0 0.605441 0.091048 0.036397 0.034065
0 0.669779 0.731054 0.027272 0.025709