0 0.581926 0.804488 0.141177 0.133946
0 0.211016 0.497690 0.139806 0.130178
0 0.106244 0.757709 0.054810 0.050757
0 0.422772 0.947511 0.045055 0.043903
0 0.111023 0.914923 0.060921 0.058778
0 0.925485 0.857819 0.096490 0.092602
0 0.404503 0.531581 0.045941 0.040729
0 0.251311 0.942741 0.032579 0.032150
0 0.742654 0.984491 0.038336 0.031017
0 0.586724 0.236624 0.040180 0.036712
0 0.976216 0.613980 0.037285 0.036353
0 0.960997 0.537021 0.077859 0.112827
0 0.690324 0.989124 0.043297 0.021645
0 0.771253 0.193562 0.219891 0.194579
0 0.461146 0.356269 0.040541 0.036590
0 0.257584 0.730528 0.059314 0.054425
0 0.590723 0.348382 0.034812 0.033134
0 0.796552 0.869070 0.046417 0.043477
0 0.416005 0.924356 0.184573 0.147998
0 0.039141 0.502336 0.045635 0.042738
0 0.295986 0.619515 0.063688 0.064116
0 0.064277 0.534118 0.041788 0.038306
0 0.819469 0.519372 0.037628 0.036618
0 0.098263 0.862434 0.026765 0.026572
0 0.832429 0.840067 0.033508 0.032249
0 0.746306 0.170626 0.167297 0.159608
0 0.329410 0.819586 0.043726 0.042742
0 0.765731 0.254453 0.271268 0.306407
0 0.354465 0.324307 0.080605 0.074558
0 0.242071 0.176732 0.027228 0.026548
0 0.778754 0.124063 0.063419 0.059780
0 0.887625 0.979585 0.032002 0.030629
0 0.788462 0.687172 0.044975 0.043649
0 0.188412 0.359867 0.125634 0.120583
0 0.253115 0.075865 0.506230 0.151730
0 0.276247 0.619920 0.103748 0.093146
0 0.848447 0.703248 0.034534 0.033136
0 0.779227 0.889329 0.028316 0.026918
0 0.357724 0.213705 0.079421 0.076837