0 0.488514 0.147206 0.033890 0.031309
0 0.860262 0.494833 0.022113 0.021895
0 0.200631 0.321724 0.327975 0.307548
0 0.510866 0.192801 0.027004 0.025465
0 0.117965 0.712351 0.074886 0.069625
0 0.902677 0.907247 0.026594 0.025265
0 0.708093 0.374423 0.051305 0.048025
0 0.863915 0.732357 0.031270 0.030196
0 0.818488 0.449050 0.018552 0.018589
0 0.731022 0.504626 0.018982 0.019308
0 0.775855 0.335322 0.448289 0.469109
0 0.021749 0.462382 0.043498 0.118003
0 0.225000 0.673224 0.056068 0.051122
0 0.731792 0.481589 0.020023 0.020086
0 0.736419 0.117078 0.021795 0.021182
0 0.521825 0.959217 0.041717 0.039769
0 0.311559 0.891330 0.066344 0.064544