0 0.102815 0.417508 0.142022 0.122549
0 0.144034 0.726179 0.072284 0.058750
0 0.592038 0.139535 0.062897 0.051616
0 0.296992 0.672696 0.043852 0.037664
0 0.631005 0.577559 0.040534 0.034870
0 0.089479 0.769890 0.045617 0.036730
0 0.841343 0.048767 0.121361 0.097534
0 0.046446 0.703578 0.046040 0.036819
0 0.867100 0.385735 0.047319 0.044524
0 0.281648 0.020699 0.054586 0.041218
0 0.910835 0.584711 0.103667 0.086775
0 0.027079 0.671937 0.039017 0.034049
0 0.925631 0.362344 0.037616 0.033169
0 0.566079 0.715896 0.033273 0.029193
0 0.104565 0.181223 0.041238 0.037674
0 0.009315 0.112584 0.018463 0.034889
0 0.149705 0.013495 0.069717 0.026866
0 0.965497 0.328245 0.039675 0.035527
0 0.405097 0.437398 0.035047 0.030660
0 0.859828 0.435239 0.037914 0.032885
0 0.041552 0.562638 0.036866 0.031406
0 0.843972 0.013474 0.039237 0.026070
0 0.432344 0.142080 0.032000 0.029682
0 0.880151 0.131107 0.031860 0.029276
0 0.366726 0.981964 0.068473 0.036073
0 0.816175 0.461690 0.035195 0.029771
0 0.326765 0.013739 0.058408 0.027478
0 0.148550 0.118660 0.028273 0.026890
0 0.493665 0.190992 0.036812 0.031104
0 0.271680 0.362278 0.038912 0.034798
0 0.600164 0.503216 0.030996 0.027633
0 0.370560 0.987597 0.069671 0.024805
0 0.959134 0.727182 0.036609 0.031521
0 0.101734 0.145944 0.047697 0.044144
0 0.047946 0.194635 0.045436 0.041596
0 0.493816 0.222623 0.028761 0.026198
0 0.444309 0.225689 0.031322 0.027417
0 0.557330 0.053211 0.263361 0.103750
0 0.801009 0.992891 0.067431 0.014218
0 0.086847 0.161113 0.077565 0.070528
0 0.019690 0.226799 0.036371 0.035286
0 0.525570 0.889533 0.028579 0.025311
0 0.094533 0.734317 0.033537 0.030118
0 0.687749 0.567531 0.029950 0.027280
0 0.377153 0.990054 0.058255 0.019797
0 0.995399 0.679071 0.009203 0.039836
0 0.357229 0.978083 0.050874 0.037408
0 0.008428 0.950953 0.016856 0.050692
0 0.460330 0.067451 0.026368 0.022199
0 0.646792 0.941353 0.031309 0.028943
0 0.749415 0.757814 0.031242 0.025501
0 0.397264 0.390235 0.030481 0.027483
0 0.786091 0.853554 0.035508 0.027701
0 0.116286 0.111021 0.043644 0.040377
0 0.152713 0.863219 0.041918 0.035654
0 0.697403 0.063102 0.127756 0.115048
0 0.524878 0.656435 0.030188 0.028192
0 0.446925 0.199577 0.031452 0.030316
0 0.890494 0.580650 0.126388 0.086825
0 0.846296 0.986311 0.030579 0.026044
0 0.240435 0.035248 0.049830 0.041002