0 0.180257 0.185968 0.071818 0.063562
0 0.494097 0.429805 0.180722 0.177129
0 0.576416 0.047345 0.047421 0.042405
0 0.366805 0.787369 0.101167 0.089090
0 0.902383 0.781635 0.062672 0.054676
0 0.963413 0.617959 0.037143 0.032837
0 0.649158 0.852682 0.095454 0.077099
0 0.284247 0.014598 0.086523 0.028965
0 0.208409 0.121394 0.045621 0.039858
0 0.521293 0.535134 0.032498 0.028508
0 0.242969 0.267941 0.071641 0.067317
0 0.361114 0.933592 0.309174 0.132423
0 0.542356 0.894161 0.190793 0.151932
0 0.766964 0.257916 0.039702 0.034531
0 0.305007 0.206286 0.112179 0.098773
0 0.812992 0.301706 0.043074 0.039161
0 0.364655 0.183579 0.063258 0.058308
0 0.281509 0.312876 0.039013 0.035719
0 0.536716 0.919171 0.042383 0.035911
0 0.173456 0.005331 0.034696 0.010637
0 0.796108 0.232017 0.040882 0.036796
0 0.779375 0.289502 0.439607 0.579005
0 0.751220 0.760921 0.058916 0.051487
0 0.168308 0.057907 0.027761 0.025059
0 0.828565 0.288867 0.034617 0.032582
0 0.280028 0.596462 0.029349 0.025998
0 0.931439 0.761570 0.029659 0.027439
0 0.085503 0.386995 0.075628 0.069758
0 0.124710 0.607950 0.246436 0.315157
0 0.817619 0.298050 0.048464 0.043231
0 0.070931 0.485920 0.110209 0.097133
0 0.401789 0.163952 0.031425 0.029666
0 0.270264 0.283518 0.036693 0.034644
0 0.268713 0.520672 0.032808 0.028673
0 0.710716 0.234879 0.054960 0.044910
0 0.720546 0.235088 0.037023 0.033145
0 0.612383 0.734091 0.049182 0.040248
0 0.617681 0.006044 0.034315 0.012073
0 0.009808 0.179864 0.019616 0.041251
0 0.087693 0.399028 0.065864 0.053007
0 0.129213 0.099284 0.047031 0.041054
0 0.800325 0.260821 0.024990 0.023839
0 0.797344 0.902162 0.405312 0.190640
0 0.444134 0.084327 0.063420 0.062928
0 0.248820 0.118778 0.040320 0.038388
0 0.753872 0.754401 0.066873 0.059009
0 0.089208 0.405379 0.057758 0.045350