0 0.396569 0.032957 0.049574 0.049504
0 0.371548 0.121069 0.086040 0.084416
0 0.066784 0.041270 0.114874 0.082540
0 0.534455 0.822361 0.023107 0.022766
0 0.893736 0.900745 0.019463 0.019591
0 0.798020 0.034602 0.043027 0.043074
0 0.781594 0.905357 0.023062 0.023112
0 0.925632 0.033559 0.031843 0.031840
0 0.916828 0.873291 0.020271 0.020167
0 0.948739 0.524066 0.092823 0.095388
0 0.603597 0.828167 0.017430 0.017245
0 0.321290 0.960661 0.023252 0.023173
0 0.696109 0.936353 0.018473 0.018464
0 0.679050 0.636206 0.025518 0.025733
0 0.077669 0.108682 0.025239 0.025117
0 0.985874 0.315719 0.024253 0.024802
0 0.642260 0.410279 0.029636 0.029414
0 0.935192 0.100037 0.027580 0.027398
0 0.686354 0.770631 0.020444 0.020201
0 0.933833 0.758386 0.020953 0.020769
0 0.307274 0.990821 0.022356 0.018359
0 0.272219 0.010058 0.029368 0.020117
0 0.950900 0.559985 0.060248 0.056777
0 0.192091 0.026712 0.047416 0.046355
0 0.602389 0.413385 0.027954 0.027538
0 0.553549 0.765286 0.029761 0.029499
0 0.536896 0.670485 0.024265 0.025309
0 0.771004 0.530909 0.027209 0.026544
0 0.157044 0.815055 0.047765 0.047015
0 0.549629 0.715321 0.017206 0.017315
0 0.759573 0.991918 0.016477 0.015631
0 0.635897 0.885201 0.018140 0.018336
0 0.630043 0.325742 0.024933 0.024685
0 0.239306 0.910915 0.016379 0.016477
0 0.807045 0.741436 0.060218 0.058298
0 0.267946 0.606351 0.026732 0.026251
0 0.878259 0.589503 0.025888 0.026199
0 0.150202 0.311810 0.028210 0.027223
0 0.828871 0.500170 0.024927 0.025213
0 0.318732 0.043222 0.031477 0.032186
0 0.924311 0.924939 0.017213 0.017274
0 0.803373 0.954624 0.024792 0.024942
0 0.934279 0.867237 0.016716 0.016764
0 0.338745 0.616558 0.062316 0.061348
0 0.481790 0.732683 0.025808 0.025913
0 0.936664 0.235511 0.038863 0.037883
0 0.260091 0.918654 0.015284 0.015374
0 0.759171 0.211169 0.021989 0.022160
0 0.663738 0.197435 0.022054 0.021267
0 0.297413 0.008245 0.020619 0.016491
0 0.185414 0.257606 0.021642 0.021466