0 0.212008 0.877989 0.084655 0.067653
0 0.130331 0.931129 0.062012 0.051879
0 0.537172 0.799883 0.055284 0.046343
0 0.966251 0.227441 0.037185 0.035423
0 0.032299 0.361714 0.064041 0.137964
0 0.950341 0.865048 0.045610 0.040810
0 0.963077 0.598332 0.069907 0.065039
0 0.811047 0.226769 0.035061 0.033429
0 0.691313 0.248022 0.033801 0.031613
0 0.885172 0.330979 0.038048 0.036430
0 0.740869 0.555096 0.034324 0.030717
0 0.260643 0.138527 0.035287 0.035059
0 0.249925 0.466970 0.224877 0.196765
0 0.738642 0.751907 0.040084 0.035889
0 0.190731 0.457429 0.044385 0.039159
0 0.542938 0.557725 0.262851 0.227574
0 0.881370 0.209424 0.031336 0.029014
0 0.903079 0.485397 0.037759 0.034394
0 0.551084 0.393818 0.034053 0.030467
0 0.742275 0.654302 0.031126 0.029870
0 0.207212 0.153682 0.035361 0.032921
0 0.708518 0.192411 0.030524 0.028444
0 0.557853 0.868032 0.046063 0.038973
0 0.958754 0.432198 0.033480 0.031245
0 0.990036 0.293686 0.019832 0.036068
0 0.111609 0.056088 0.223218 0.109093
0 0.418917 0.010812 0.056693 0.021567
0 0.728428 0.892982 0.034942 0.031579
0 0.942077 0.451245 0.052140 0.045034
0 0.856133 0.599033 0.169958 0.163384
0 0.318872 0.829352 0.439266 0.341296
0 0.836900 0.614058 0.211758 0.204410
0 0.910737 0.305576 0.031153 0.029345
0 0.906379 0.094374 0.028645 0.026820
0 0.273549 0.797009 0.527011 0.405981
0 0.343881 0.026689 0.028571 0.027066
0 0.940748 0.481318 0.025689 0.024976
0 0.556883 0.037603 0.146930 0.075206
0 0.288143 0.026650 0.114920 0.053299
0 0.920226 0.724530 0.100641 0.088908
0 0.308782 0.839711 0.030398 0.026105