0 0.600570 0.902314 0.177281 0.168332
0 0.758086 0.711476 0.045936 0.045267
0 0.938145 0.778832 0.036266 0.035713
0 0.558370 0.151399 0.093368 0.093457
0 0.798327 0.431086 0.052043 0.051274
0 0.379894 0.271936 0.046433 0.045009
0 0.845362 0.547346 0.040170 0.039203
0 0.377242 0.615783 0.075428 0.071292
0 0.771307 0.272677 0.038525 0.038272
0 0.283112 0.955071 0.059451 0.057317
0 0.646487 0.479872 0.028144 0.028008
0 0.518828 0.352376 0.030685 0.031057
0 0.122125 0.880758 0.044522 0.043260
0 0.141533 0.071936 0.037803 0.036187
0 0.344725 0.018268 0.040231 0.036076
0 0.570072 0.087016 0.176283 0.166445
0 0.471171 0.552459 0.029496 0.028734
0 0.183992 0.502403 0.367983 0.423958
0 0.985067 0.908748 0.029866 0.049727
0 0.110742 0.252820 0.039089 0.039025
0 0.067786 0.951264 0.131991 0.097472
0 0.649343 0.238869 0.039419 0.039598
0 0.321300 0.731537 0.032799 0.032864
0 0.876260 0.861792 0.030013 0.027994
0 0.229538 0.825576 0.039457 0.039948
0 0.156394 0.102295 0.027592 0.027284
0 0.670518 0.259264 0.025131 0.025032
0 0.651069 0.415382 0.025005 0.025091
0 0.852171 0.923598 0.103263 0.098041
0 0.187304 0.753603 0.030089 0.029436
0 0.730490 0.803878 0.026477 0.026013
0 0.479905 0.684424 0.028644 0.028138
0 0.853924 0.368956 0.042508 0.041395
0 0.983995 0.681867 0.031955 0.084905
0 0.516996 0.618452 0.029023 0.027687
0 0.032406 0.158078 0.026845 0.025806
0 0.355111 0.061055 0.048682 0.049206
0 0.827019 0.855038 0.058480 0.054827
0 0.853470 0.229419 0.029800 0.028712
0 0.006723 0.012272 0.013445 0.022883
0 0.686813 0.735081 0.037497 0.035657
0 0.905858 0.142982 0.037346 0.036060
0 0.351412 0.320050 0.029815 0.031123
0 0.397352 0.090818 0.042958 0.041158
0 0.837792 0.583415 0.026993 0.025695
0 0.894851 0.477731 0.029092 0.029238
0 0.359068 0.067306 0.038036 0.038704
0 0.697268 0.275325 0.030707 0.029066
0 0.600351 0.198460 0.027056 0.026951
0 0.356928 0.094751 0.024844 0.025622
0 0.801146 0.321632 0.028812 0.028346
0 0.790378 0.068330 0.419244 0.134795
0 0.318393 0.765057 0.026037 0.024569
0 0.383955 0.560591 0.076133 0.073070
0 0.981697 0.652028 0.036607 0.048844
0 0.722059 0.231336 0.024978 0.024756
0 0.504061 0.235927 0.029559 0.030421
0 0.733576 0.267283 0.031310 0.031155
0 0.093038 0.515633 0.026956 0.026100
0 0.040742 0.080040 0.028960 0.029357
0 0.776995 0.974837 0.140370 0.050326
0 0.628933 0.690672 0.207135 0.200449
0 0.377795 0.017476 0.031934 0.030533
0 0.866178 0.729202 0.025027 0.024091
0 0.483303 0.510588 0.022014 0.021960
0 0.286690 0.906849 0.033152 0.032848
0 0.041697 0.263988 0.081691 0.233927
0 0.217679 0.015973 0.049442 0.031946
0 0.841412 0.101749 0.037646 0.038021
0 0.063312 0.154675 0.026979 0.026527