0 0.093423 0.962295 0.088774 0.071901
0 0.373892 0.239690 0.056056 0.045674
0 0.498584 0.343358 0.091511 0.079410
0 0.454858 0.137321 0.079902 0.066889
0 0.866105 0.048829 0.047765 0.037217
0 0.040970 0.849277 0.058785 0.048044
0 0.174622 0.969799 0.075008 0.060060
0 0.795329 0.184277 0.101831 0.078573
0 0.724877 0.020355 0.084995 0.040160
0 0.505116 0.894425 0.034877 0.030535
0 0.797626 0.072075 0.047120 0.034813
0 0.838335 0.888817 0.036682 0.032433
0 0.558109 0.190890 0.077763 0.064460
0 0.439990 0.460770 0.078136 0.070512
0 0.128230 0.748373 0.047533 0.037173
0 0.834646 0.442784 0.119531 0.105751
0 0.740902 0.562904 0.509229 0.443879
0 0.215599 0.670795 0.041372 0.037427
0 0.140926 0.914549 0.073487 0.058893
0 0.024446 0.710126 0.048891 0.067443
0 0.044693 0.708742 0.032562 0.027802
0 0.111260 0.650698 0.052521 0.046069
0 0.352286 0.920734 0.042633 0.035880
0 0.857342 0.145787 0.054356 0.042209
0 0.843148 0.095514 0.070960 0.057137
0 0.565239 0.411624 0.088419 0.072946
0 0.246804 0.157010 0.060227 0.047258
0 0.896863 0.167666 0.057402 0.044163
0 0.225843 0.805714 0.042526 0.034546
0 0.587144 0.863183 0.030746 0.026564
0 0.175653 0.789011 0.072997 0.063362
0 0.608366 0.088632 0.064829 0.047560
0 0.675241 0.094146 0.070798 0.056271
0 0.837461 0.226890 0.114499 0.091488
0 0.642919 0.033550 0.085286 0.065478
0 0.674774 0.566369 0.650451 0.489144
0 0.568967 0.203577 0.068552 0.056214
0 0.904093 0.063472 0.048010 0.040079
0 0.784903 0.028881 0.052124 0.041996
0 0.955229 0.179584 0.058780 0.044654
0 0.837413 0.014918 0.120409 0.029837
0 0.033679 0.924725 0.067240 0.143005
0 0.011088 0.823625 0.022080 0.065514
0 0.332307 0.845118 0.084336 0.066827
0 0.918710 0.417918 0.048377 0.039316
0 0.412093 0.406637 0.063205 0.051883
0 0.423996 0.849034 0.034843 0.028709
0 0.039883 0.708459 0.034478 0.034343
0 0.974829 0.349136 0.050341 0.046304
0 0.629646 0.153195 0.059528 0.042772
0 0.313807 0.313165 0.036847 0.031203
0 0.221563 0.129668 0.054609 0.038668
0 0.905726 0.169438 0.055926 0.042588
0 0.024117 0.773030 0.042672 0.039319
0 0.657446 0.054618 0.029790 0.024266
0 0.521530 0.899287 0.165438 0.158931
0 0.891504 0.037175 0.145831 0.073763