0 0.229077 0.484329 0.064308 0.047855
0 0.636626 0.087047 0.043938 0.033616
0 0.844105 0.131344 0.058799 0.047405
0 0.899070 0.975375 0.044182 0.033480
0 0.530082 0.267007 0.045048 0.034650
0 0.769206 0.014012 0.056396 0.026860
0 0.381701 0.979128 0.037527 0.030053
0 0.230950 0.146043 0.039088 0.029566
0 0.364684 0.111839 0.038307 0.030806
0 0.726498 0.577601 0.050570 0.037330
0 0.547167 0.472784 0.050941 0.034741
0 0.016978 0.585368 0.032501 0.029530
0 0.429256 0.472734 0.043866 0.034933
0 0.554991 0.574728 0.037892 0.028541
0 0.395938 0.293684 0.038074 0.030232
0 0.232464 0.590575 0.039079 0.028369
0 0.464445 0.613110 0.039078 0.028927
0 0.882670 0.638717 0.076244 0.059294
0 0.808649 0.585114 0.124735 0.101395
0 0.727836 0.166188 0.077943 0.061637
0 0.839138 0.965811 0.033747 0.027189
0 0.343716 0.138881 0.039283 0.031934
0 0.506036 0.324556 0.040622 0.030934
0 0.435061 0.107557 0.040218 0.032169
0 0.156778 0.500856 0.034499 0.025911
0 0.962144 0.652294 0.075712 0.061589
0 0.642814 0.346291 0.046303 0.036000
0 0.305617 0.087910 0.039464 0.032522
0 0.493143 0.676219 0.032676 0.024371
0 0.924944 0.533337 0.035465 0.025279
0 0.413903 0.086031 0.033812 0.027167
0 0.859425 0.991171 0.032795 0.017657
0 0.259672 0.614177 0.034554 0.027081
0 0.010824 0.961971 0.021518 0.035626
0 0.087624 0.578915 0.174007 0.299984
0 0.565882 0.987142 0.024043 0.021555
0 0.820637 0.401952 0.031959 0.023899
0 0.418849 0.026914 0.037294 0.030747
0 0.552184 0.646256 0.117415 0.094677
0 0.517796 0.566627 0.041679 0.031799
0 0.851141 0.258909 0.051845 0.038732
0 0.916988 0.242020 0.032431 0.024877
0 0.036330 0.312305 0.072495 0.096259
0 0.384348 0.540836 0.031729 0.023865
0 0.774206 0.514115 0.074825 0.057399
0 0.853604 0.431266 0.179113 0.144993
0 0.281468 0.271469 0.031604 0.023016
0 0.340532 0.333458 0.031993 0.025063
0 0.639338 0.520617 0.043282 0.035818
0 0.551357 0.176145 0.038822 0.025427
0 0.980620 0.138646 0.030759 0.025729
0 0.506355 0.460757 0.033319 0.025243
0 0.008623 0.971940 0.017246 0.044426
0 0.668439 0.711154 0.042416 0.034035
0 0.005667 0.933183 0.010928 0.024668
0 0.451001 0.521534 0.035519 0.027712
0 0.449758 0.103940 0.087236 0.067437