0 0.126524 0.767674 0.044886 0.042492
0 0.589837 0.974199 0.038289 0.036232
0 0.040394 0.186290 0.047190 0.045719
0 0.395187 0.592607 0.037876 0.036504
0 0.311632 0.619869 0.043329 0.040277
0 0.190038 0.697529 0.035619 0.033682
0 0.082867 0.587452 0.027578 0.026464
0 0.209100 0.506772 0.033398 0.031664
0 0.647786 0.311977 0.029794 0.028452
0 0.776504 0.044477 0.035884 0.034237
0 0.425780 0.077156 0.028560 0.026104
0 0.597001 0.331018 0.037301 0.036073
0 0.179339 0.152568 0.358679 0.305137
0 0.935043 0.861370 0.024002 0.023079
0 0.411364 0.797110 0.025636 0.025323
0 0.820914 0.349907 0.025629 0.024856
0 0.723276 0.808501 0.023419 0.022794
0 0.802162 0.052567 0.024871 0.024113
0 0.845407 0.175236 0.028641 0.028397
0 0.595775 0.243134 0.026235 0.025755
0 0.855963 0.387678 0.025195 0.024092
0 0.229676 0.357516 0.122748 0.123540
0 0.024498 0.136986 0.048997 0.058060
0 0.391437 0.416682 0.024668 0.023564