0 0.780745 0.903602 0.153393 0.139587
0 0.656443 0.449178 0.088093 0.085670
0 0.374764 0.816403 0.061475 0.058690
0 0.020153 0.443023 0.032427 0.030828
0 0.723142 0.093142 0.032470 0.032143
0 0.158377 0.117328 0.029132 0.029062
0 0.618225 0.569523 0.088083 0.079254
0 0.420682 0.617812 0.036775 0.035429
0 0.985334 0.990563 0.029331 0.018874
0 0.987368 0.672808 0.025264 0.036008
0 0.606784 0.578906 0.066263 0.059945
0 0.368412 0.057471 0.025365 0.024834
0 0.761586 0.655606 0.038711 0.037077
0 0.639655 0.043703 0.059472 0.054574
0 0.927644 0.571434 0.030059 0.029753
0 0.994369 0.727662 0.011263 0.019920
0 0.801988 0.427407 0.025998 0.025693
0 0.149567 0.543713 0.024140 0.022969
0 0.631560 0.552134 0.059029 0.054652