0 0.116541 0.636587 0.233082 0.287475
0 0.337939 0.574238 0.048008 0.037791
0 0.920094 0.836147 0.051353 0.038319
0 0.792636 0.783298 0.049572 0.037610
0 0.535996 0.402408 0.059237 0.046326
0 0.848844 0.478722 0.035490 0.028366
0 0.283503 0.651481 0.035888 0.029018
0 0.508493 0.074172 0.059819 0.050782
0 0.928671 0.197210 0.039752 0.032418
0 0.977322 0.272910 0.037685 0.031368
0 0.750453 0.765575 0.045443 0.031485
0 0.946684 0.047257 0.104600 0.094515
0 0.970804 0.069265 0.058393 0.054780
0 0.986022 0.650176 0.027956 0.028802
0 0.701252 0.479824 0.044803 0.032609
0 0.926118 0.678714 0.035335 0.027700
0 0.832565 0.298430 0.038671 0.032113
0 0.616744 0.404284 0.032006 0.025702
0 0.727377 0.741540 0.032371 0.027669
0 0.189026 0.541188 0.029046 0.024113
0 0.207946 0.734109 0.055600 0.044196
0 0.861989 0.665046 0.032338 0.027060
0 0.795112 0.686924 0.029765 0.024346
0 0.799137 0.261984 0.031407 0.027927
0 0.714640 0.468679 0.035693 0.026460
0 0.775611 0.120738 0.437558 0.241477
0 0.962883 0.064777 0.072413 0.065715
0 0.441169 0.322830 0.047564 0.037814
0 0.988170 0.963069 0.023541 0.073863
0 0.331216 0.414991 0.205194 0.191701
0 0.723366 0.944123 0.029739 0.023113
0 0.408888 0.782420 0.029859 0.025785
0 0.082455 0.152883 0.064269 0.058123
0 0.532745 0.892006 0.027925 0.021962