0 0.966972 0.904019 0.065308 0.068315
0 0.745321 0.029776 0.069365 0.050581
0 0.961043 0.313904 0.076442 0.065261
0 0.933244 0.643210 0.115455 0.105630
0 0.795708 0.167567 0.110063 0.079808
0 0.834633 0.041323 0.091850 0.069032
0 0.975306 0.370790 0.048469 0.049865
0 0.538022 0.101273 0.039980 0.030862
0 0.535206 0.782405 0.057967 0.044516
0 0.619324 0.959699 0.100647 0.079771
0 0.330871 0.982291 0.054605 0.035418
0 0.799119 0.065464 0.073348 0.053848
0 0.957006 0.963373 0.043388 0.040651
0 0.883953 0.983968 0.067506 0.032014
0 0.848769 0.956276 0.042493 0.033777
0 0.641010 0.225137 0.046899 0.036736
0 0.599318 0.763542 0.042473 0.033573
0 0.922752 0.611395 0.034972 0.030897
0 0.494902 0.106940 0.038210 0.032955
0 0.854377 0.323759 0.026938 0.023328
0 0.554794 0.875143 0.056264 0.044797