0 0.083693 0.589066 0.063318 0.055306
0 0.657764 0.718181 0.040606 0.034060
0 0.721288 0.201377 0.042205 0.033878
0 0.378371 0.836719 0.036170 0.031206
0 0.306505 0.950665 0.061887 0.052230
0 0.679610 0.425625 0.035871 0.030379
0 0.968282 0.762569 0.060825 0.298831
0 0.049575 0.301847 0.044595 0.038611
0 0.673584 0.986037 0.053855 0.027569
0 0.631090 0.671153 0.027254 0.024246
0 0.801951 0.534981 0.041468 0.035306
0 0.124005 0.042400 0.030379 0.026909
0 0.592739 0.991603 0.043081 0.016632
0 0.666979 0.240366 0.050497 0.039067
0 0.045750 0.511643 0.029265 0.027814
0 0.342494 0.028849 0.070402 0.055561
0 0.392524 0.535716 0.077526 0.068987
0 0.095471 0.661207 0.057467 0.046981