0 0.134218 0.816325 0.107924 0.103447
0 0.714310 0.303262 0.037910 0.036082
0 0.413070 0.156043 0.047542 0.044315
0 0.028864 0.888817 0.057727 0.119273
0 0.826965 0.328244 0.345108 0.330077
0 0.516353 0.374998 0.036351 0.034745
0 0.833878 0.133355 0.045760 0.041133
0 0.575423 0.583836 0.045420 0.042144
0 0.162792 0.458083 0.325585 0.369472
0 0.272424 0.051153 0.036893 0.034873
0 0.560624 0.171922 0.482343 0.343844
0 0.845876 0.070615 0.086713 0.081279
0 0.718915 0.064668 0.063855 0.060175
0 0.450352 0.310359 0.045177 0.042239
0 0.621341 0.258172 0.042287 0.040077
0 0.086449 0.058088 0.071335 0.066706
0 0.119881 0.946764 0.038891 0.036519
0 0.388873 0.832856 0.256759 0.238788
0 0.573584 0.782141 0.028098 0.027524
0 0.745577 0.777566 0.026708 0.025086
0 0.774872 0.578533 0.027277 0.025813
0 0.516137 0.142813 0.388333 0.285625
0 0.794952 0.025788 0.048134 0.042720
0 0.783544 0.523443 0.041108 0.041987
0 0.760004 0.146485 0.146352 0.138163
0 0.413696 0.425469 0.182864 0.181322