0 0.813928 0.471959 0.057586 0.043621
0 0.926782 0.160843 0.146436 0.128854
0 0.481561 0.588313 0.046186 0.033973
0 0.576338 0.088115 0.047492 0.037289
0 0.126633 0.657040 0.042474 0.033962
0 0.251901 0.872458 0.041022 0.032653
0 0.187707 0.878773 0.040136 0.033077
0 0.714860 0.522484 0.038638 0.029253
0 0.053180 0.013731 0.095337 0.027463
0 0.162464 0.172608 0.043614 0.034678
0 0.201884 0.520162 0.038611 0.029249
0 0.522773 0.012483 0.041121 0.024965
0 0.013565 0.485627 0.026986 0.033192
0 0.982344 0.519550 0.032498 0.026148
0 0.013097 0.601156 0.026005 0.031620
0 0.386206 0.028182 0.032656 0.025951
0 0.500673 0.870770 0.038300 0.027418
0 0.967523 0.259570 0.064955 0.103080
0 0.293717 0.017398 0.032453 0.026131
0 0.042679 0.892719 0.032015 0.026139
0 0.015728 0.643066 0.031456 0.039317
0 0.065924 0.521534 0.033423 0.026089
0 0.700013 0.262426 0.030780 0.022983
0 0.054596 0.064634 0.029962 0.025504
0 0.058085 0.498016 0.029165 0.024282
0 0.334482 0.799918 0.037528 0.029666
0 0.990255 0.681932 0.019489 0.023744
0 0.029479 0.459212 0.039167 0.032570
0 0.572108 0.136596 0.029391 0.024671
0 0.849131 0.790090 0.031741 0.022784
0 0.880015 0.576102 0.031575 0.023090
0 0.023711 0.635695 0.042526 0.034777
0 0.579110 0.240355 0.034426 0.024089