0 0.159244 0.748171 0.044032 0.043497
0 0.628922 0.951078 0.030855 0.029472
0 0.357935 0.886780 0.048192 0.047406
0 0.563428 0.142073 0.103779 0.098398
0 0.119131 0.064499 0.025873 0.025328
0 0.336001 0.955700 0.096741 0.088600
0 0.876755 0.974815 0.072144 0.050124
0 0.128929 0.092030 0.020779 0.021303
0 0.704257 0.105370 0.086908 0.085540
0 0.219492 0.006879 0.058439 0.013759
0 0.577709 0.099377 0.029894 0.029985
0 0.697806 0.089843 0.065103 0.061749
0 0.931544 0.661432 0.136346 0.444745
0 0.582569 0.516318 0.061117 0.058870
0 0.089858 0.732629 0.091148 0.091093
0 0.534176 0.479367 0.068930 0.068129
0 0.018805 0.554795 0.037609 0.046032
0 0.255340 0.930958 0.043595 0.043256
0 0.772640 0.424462 0.028585 0.027897
0 0.454132 0.595782 0.024968 0.024525
0 0.363020 0.304064 0.046976 0.045734
0 0.382082 0.362881 0.091512 0.088747
0 0.650898 0.629320 0.025863 0.025951
0 0.498268 0.875412 0.030780 0.030384
0 0.797630 0.212332 0.071171 0.071133