0 0.142008 0.081887 0.059757 0.059814
0 0.127973 0.198228 0.068931 0.068913
0 0.336923 0.244910 0.046004 0.044972
0 0.099895 0.244528 0.047349 0.047079
0 0.273292 0.277977 0.042530 0.042356
0 0.254504 0.100858 0.028012 0.028171
0 0.287646 0.078001 0.025341 0.025389
0 0.218233 0.851536 0.216003 0.221014
0 0.214746 0.091423 0.029160 0.029109
0 0.268223 0.409434 0.079528 0.078409
0 0.191731 0.079870 0.027595 0.027662
0 0.046414 0.444297 0.041262 0.040804
0 0.453802 0.338627 0.042034 0.041924
0 0.899935 0.187599 0.093206 0.089110
0 0.507932 0.055343 0.033875 0.033672
0 0.814650 0.207754 0.054930 0.052668
0 0.071748 0.598636 0.033021 0.032958
0 0.907133 0.299595 0.057690 0.055098
0 0.333412 0.707517 0.036588 0.036839
0 0.101236 0.360753 0.135057 0.135177
0 0.165907 0.684156 0.046560 0.045389
0 0.840723 0.243613 0.055647 0.054595
0 0.586216 0.466176 0.032593 0.031935
0 0.808582 0.680394 0.042683 0.040734
0 0.238415 0.935830 0.048825 0.048381
0 0.934650 0.968955 0.029918 0.028633
0 0.232041 0.173294 0.047599 0.047896
0 0.523621 0.433117 0.036891 0.036120
0 0.336114 0.636664 0.073902 0.074046
0 0.067519 0.488352 0.029458 0.029769
0 0.550096 0.934964 0.035925 0.034858
0 0.984838 0.543414 0.030323 0.045302
0 0.125717 0.548070 0.064226 0.064974
0 0.867253 0.032910 0.114614 0.065246
0 0.988390 0.488906 0.023220 0.046754
0 0.845379 0.496168 0.040536 0.038546
0 0.499053 0.352648 0.052118 0.050497
0 0.497158 0.869392 0.032281 0.031917
0 0.064818 0.017449 0.023300 0.023035
0 0.506178 0.725120 0.041702 0.041458
0 0.903928 0.822761 0.190685 0.293789
0 0.538080 0.553866 0.027570 0.027333
0 0.051073 0.540768 0.029350 0.029292
0 0.757254 0.527443 0.031128 0.029065
0 0.088938 0.862298 0.063355 0.063919
0 0.888347 0.697554 0.029689 0.029493
0 0.985299 0.745910 0.029403 0.040443
0 0.213837 0.786339 0.026877 0.026682
0 0.556552 0.657541 0.027780 0.027600
0 0.790743 0.581819 0.035757 0.034823
0 0.271651 0.020749 0.021821 0.021022
0 0.021587 0.129520 0.018972 0.019115
0 0.703567 0.971543 0.057843 0.054201
0 0.713708 0.971826 0.084074 0.056347
0 0.221445 0.063401 0.021623 0.021976
0 0.094853 0.741198 0.029495 0.028942
0 0.058775 0.901502 0.028328 0.028426
0 0.127931 0.123156 0.025064 0.024505
0 0.735740 0.979924 0.088508 0.039655
0 0.179270 0.442235 0.028099 0.027768
0 0.167295 0.616054 0.028235 0.027407
0 0.725006 0.975045 0.098528 0.049910
0 0.132047 0.492456 0.032548 0.032832
0 0.887906 0.939027 0.027298 0.026965
0 0.926938 0.765101 0.026801 0.026825
0 0.199012 0.657327 0.029692 0.031077
0 0.264499 0.150478 0.019960 0.020002
0 0.256194 0.559573 0.062737 0.060404
0 0.393793 0.062423 0.163902 0.120772
0 0.664534 0.041133 0.026227 0.025847
0 0.961911 0.985688 0.042989 0.028624
0 0.410223 0.308828 0.024842 0.025736
0 0.006723 0.937998 0.013446 0.058097
0 0.488968 0.559600 0.031835 0.031562
0 0.781386 0.647116 0.033097 0.031754
0 0.770015 0.110514 0.077424 0.074964
0 0.746261 0.874496 0.048372 0.046232
0 0.109505 0.722122 0.027784 0.027219
0 0.552907 0.361143 0.027441 0.027231
0 0.717341 0.357907 0.053499 0.052760
0 0.212577 0.984490 0.038072 0.030977
0 0.186543 0.132281 0.018086 0.018144
0 0.256959 0.040827 0.021352 0.020988