0 0.198420 0.280188 0.063123 0.059514
0 0.445149 0.814102 0.080848 0.076097
0 0.286295 0.294033 0.045324 0.042502
0 0.462276 0.397537 0.042129 0.038202
0 0.604275 0.714189 0.040015 0.035869
0 0.836073 0.427399 0.035028 0.031183
0 0.227870 0.482136 0.030826 0.027256
0 0.263432 0.823536 0.033436 0.029651
0 0.978049 0.215193 0.027527 0.024215
0 0.767396 0.386943 0.038219 0.035463
0 0.094593 0.309672 0.037397 0.035122
0 0.101218 0.621275 0.029971 0.026966
0 0.564636 0.850056 0.033851 0.030098
0 0.325349 0.682722 0.076081 0.071538
0 0.575035 0.552408 0.028721 0.025932
0 0.595996 0.991643 0.030299 0.016713
0 0.460427 0.580486 0.077668 0.069452
0 0.634096 0.463797 0.027496 0.025270
0 0.688412 0.900590 0.033567 0.031773
0 0.114381 0.284045 0.032501 0.030934
0 0.222780 0.547192 0.026948 0.025195