0 0.856307 0.774921 0.111367 0.088734
0 0.966166 0.676359 0.067668 0.093923
0 0.386140 0.266849 0.271444 0.228397
0 0.583856 0.892305 0.388736 0.215380
0 0.275187 0.418196 0.039344 0.029799
0 0.050641 0.725203 0.100558 0.287625
0 0.671186 0.344019 0.036064 0.028118
0 0.587695 0.123056 0.044654 0.032099
0 0.935439 0.610587 0.031289 0.029496
0 0.738265 0.224496 0.050598 0.039190
0 0.085181 0.943761 0.170362 0.111931
0 0.904934 0.889427 0.094093 0.084734
0 0.967879 0.598559 0.064243 0.073806
0 0.180937 0.569695 0.100477 0.076116
0 0.278531 0.897431 0.034257 0.026447
0 0.470289 0.572223 0.050925 0.038322
0 0.275330 0.941204 0.239988 0.117591
0 0.793660 0.624159 0.036338 0.028409
0 0.343024 0.434491 0.043413 0.031878
0 0.184721 0.150633 0.316042 0.256062
0 0.310041 0.069288 0.053293 0.038151
0 0.935971 0.004869 0.036790 0.009738
0 0.174727 0.212968 0.341181 0.385337
0 0.179576 0.581986 0.094034 0.072565
0 0.058536 0.847212 0.046968 0.037193
0 0.893780 0.032670 0.031459 0.023981
0 0.868032 0.376257 0.030012 0.023663