0 0.145560 0.869471 0.071091 0.058355
0 0.330793 0.743600 0.053173 0.043396
0 0.344252 0.262884 0.069384 0.067532
0 0.112732 0.295709 0.044519 0.040270
0 0.422942 0.889036 0.044416 0.037931
0 0.437237 0.161458 0.070465 0.067928
0 0.215680 0.923705 0.076283 0.067496
0 0.460678 0.674269 0.051938 0.045364
0 0.962286 0.189890 0.035987 0.033946
0 0.353591 0.877982 0.049749 0.039583
0 0.487716 0.406651 0.037732 0.037064
0 0.586219 0.870567 0.040348 0.035957
0 0.881276 0.933537 0.035649 0.032369
0 0.049317 0.430245 0.038284 0.034746
0 0.201460 0.982735 0.042531 0.033980
0 0.725682 0.222546 0.031893 0.030002
0 0.788124 0.547934 0.054602 0.047854
0 0.230215 0.385988 0.035136 0.033334
0 0.917538 0.849335 0.036074 0.031384
0 0.473579 0.489778 0.237253 0.216252
0 0.308901 0.919653 0.033025 0.026247
0 0.206767 0.174969 0.038005 0.036341
0 0.552144 0.697926 0.039747 0.033171
0 0.661728 0.839708 0.031231 0.029878
0 0.319044 0.647375 0.070895 0.059604
0 0.441218 0.477937 0.036993 0.035410
0 0.382841 0.119711 0.035407 0.033519
0 0.990062 0.493374 0.019875 0.046758
0 0.994795 0.802638 0.010411 0.036233
0 0.678179 0.881620 0.033681 0.031848
0 0.111537 0.109216 0.066367 0.058473
0 0.553095 0.919084 0.032717 0.028770
0 0.386306 0.958091 0.043655 0.035780
0 0.068453 0.337625 0.040072 0.039483
0 0.524495 0.430918 0.039874 0.036845
0 0.052553 0.489056 0.032994 0.030516
0 0.804006 0.100952 0.072468 0.067864
0 0.163349 0.281482 0.044093 0.042358
0 0.157353 0.672941 0.265122 0.214014
0 0.706780 0.283774 0.031183 0.029115
0 0.374081 0.240507 0.030144 0.030897