0 0.952293 0.025589 0.066016 0.050168
0 0.959105 0.703622 0.051619 0.041747
0 0.354078 0.645707 0.332954 0.286638
0 0.583564 0.461502 0.044728 0.032262
0 0.227439 0.500299 0.039931 0.029733
0 0.431250 0.521182 0.041996 0.029755
0 0.054788 0.160081 0.109314 0.094825
0 0.124486 0.720370 0.248972 0.188501
0 0.104977 0.694377 0.204742 0.139789
0 0.150206 0.877234 0.089289 0.065693
0 0.866059 0.393973 0.034418 0.026643
0 0.698574 0.266557 0.481115 0.327156
0 0.613678 0.218102 0.699390 0.436205
0 0.665280 0.270938 0.031386 0.026648
0 0.987744 0.892164 0.024118 0.035460
0 0.140233 0.757997 0.198436 0.144200
0 0.899714 0.848670 0.199515 0.263286
0 0.253409 0.828220 0.124298 0.100554
0 0.114917 0.585972 0.068481 0.049802