0 0.663929 0.618356 0.138055 0.104280
0 0.865996 0.767371 0.073771 0.056545
0 0.570720 0.179458 0.126401 0.100130
0 0.925920 0.486420 0.096347 0.077435
0 0.931100 0.713419 0.128432 0.100122
0 0.677638 0.473553 0.177158 0.123505
0 0.506169 0.350388 0.096899 0.076996
0 0.633527 0.720706 0.104295 0.085706
0 0.119164 0.434850 0.054794 0.040838
0 0.466286 0.645242 0.109483 0.087696
0 0.937889 0.306898 0.059122 0.044148
0 0.327222 0.704045 0.111084 0.087744
0 0.847275 0.594736 0.065903 0.053232
0 0.724401 0.723162 0.116298 0.087538
0 0.891395 0.403699 0.056014 0.040930
0 0.751127 0.365163 0.047679 0.037066
0 0.816272 0.561224 0.043398 0.030596
0 0.369965 0.353959 0.058119 0.045622
0 0.508762 0.443251 0.066441 0.052827
0 0.067808 0.126998 0.052533 0.038401
0 0.243816 0.563048 0.052009 0.039809
0 0.098920 0.387633 0.068870 0.052586
0 0.332368 0.553977 0.043294 0.033704
0 0.301760 0.891961 0.115568 0.088848
0 0.908046 0.262349 0.039062 0.030682
0 0.804837 0.771012 0.039602 0.029761
0 0.724634 0.044296 0.156380 0.087867
0 0.822451 0.022211 0.045144 0.036845
0 0.952699 0.357279 0.035336 0.026499
0 0.122836 0.308949 0.088765 0.066138
0 0.559074 0.770660 0.035475 0.027171
0 0.764276 0.877950 0.038848 0.029526
0 0.140429 0.546567 0.049068 0.037137
0 0.306091 0.608563 0.048824 0.037780
0 0.899479 0.177925 0.046293 0.037915
0 0.457575 0.536964 0.345046 0.240038
0 0.448824 0.778720 0.196428 0.152477
0 0.303805 0.031355 0.039667 0.030933
0 0.771267 0.104474 0.086597 0.060283
0 0.011158 0.684674 0.022316 0.097461
0 0.238343 0.384992 0.045462 0.034959
0 0.436449 0.036834 0.334073 0.073668
0 0.646596 0.974692 0.039204 0.032245
0 0.336585 0.298901 0.036245 0.029656
0 0.734145 0.220591 0.034555 0.025059
0 0.174902 0.412732 0.084986 0.062924
0 0.974334 0.059358 0.031076 0.027461
0 0.191622 0.205137 0.064477 0.048197
0 0.751261 0.538997 0.088896 0.066055
0 0.501214 0.600270 0.070092 0.049085
0 0.560289 0.505496 0.059812 0.047351
0 0.605459 0.091200 0.034672 0.025996
0 0.476811 0.278867 0.085610 0.059689
0 0.758023 0.255731 0.033045 0.027677
0 0.454977 0.163215 0.373078 0.269376
0 0.391059 0.576482 0.114717 0.088383
0 0.554544 0.705204 0.055504 0.039979
0 0.974125 0.901254 0.050974 0.066625
0 0.175960 0.354208 0.101053 0.066405
0 0.645087 0.062459 0.032355 0.026708
0 0.332433 0.052518 0.035746 0.028182
0 0.917818 0.220137 0.030970 0.024051
0 0.140451 0.230224 0.106993 0.077746
0 0.212443 0.543095 0.036503 0.030796
0 0.417352 0.438981 0.040275 0.032122
0 0.568444 0.094788 0.029973 0.024943
0 0.697125 0.781361 0.085613 0.059938
0 0.365462 0.461242 0.056988 0.040088
0 0.427152 0.899617 0.042229 0.034217
0 0.508620 0.199225 0.031543 0.026328
0 0.977403 0.611537 0.031888 0.026845
0 0.199937 0.477615 0.038343 0.028056
0 0.507474 0.601213 0.057704 0.040685
0 0.145283 0.896127 0.146911 0.112457
0 0.182924 0.839234 0.122118 0.088473
0 0.125211 0.368897 0.250423 0.290849
0 0.214253 0.742506 0.148560 0.117596
0 0.128644 0.251868 0.046495 0.035515
0 0.691483 0.550334 0.116033 0.090029
0 0.565353 0.676033 0.032291 0.026199
0 0.978103 0.626577 0.043792 0.073781
0 0.047767 0.395381 0.030049 0.023635
0 0.408761 0.277258 0.048199 0.035004
0 0.675556 0.551290 0.083981 0.064063
0 0.930104 0.971025 0.041743 0.034584
0 0.990863 0.805927 0.018274 0.061158