0 0.516909 0.461089 0.130977 0.129637
0 0.327296 0.963262 0.115691 0.073476
0 0.360728 0.308161 0.069480 0.066864
0 0.958611 0.090691 0.070271 0.069547
0 0.292192 0.563441 0.086464 0.085785
0 0.680693 0.303285 0.047457 0.046520
0 0.257935 0.824396 0.040228 0.037787
0 0.629191 0.934576 0.037006 0.035373
0 0.208592 0.874497 0.034037 0.033795
0 0.616365 0.542269 0.248255 0.253348
0 0.659881 0.343468 0.032150 0.031892
0 0.107062 0.337642 0.185458 0.175355
0 0.748889 0.107311 0.389066 0.212786
0 0.317681 0.365237 0.035224 0.033966
0 0.794261 0.165220 0.035061 0.034436
0 0.821060 0.582888 0.046366 0.045715
0 0.552422 0.016225 0.035996 0.032163
0 0.083784 0.610862 0.033527 0.032836
0 0.888791 0.579315 0.047756 0.047228
0 0.365573 0.055778 0.031463 0.030467
0 0.396590 0.073345 0.032137 0.031208
0 0.077752 0.797863 0.028742 0.028570
0 0.403795 0.229069 0.053929 0.053067
0 0.111632 0.270842 0.029305 0.029348
0 0.728610 0.400965 0.081354 0.082512
0 0.845663 0.229125 0.028797 0.027743
0 0.064158 0.171891 0.128316 0.294941
0 0.235296 0.989386 0.053995 0.021115
0 0.159073 0.054424 0.097713 0.095379
0 0.249388 0.259107 0.139917 0.139503
0 0.810156 0.156046 0.123271 0.118428
0 0.930201 0.899366 0.060622 0.060508
0 0.165997 0.144283 0.036477 0.036095
0 0.211974 0.742203 0.027379 0.027439
0 0.946279 0.275799 0.028027 0.027710
0 0.481215 0.270798 0.062900 0.062940
0 0.698946 0.158541 0.038525 0.038047
0 0.975770 0.834562 0.047980 0.205142
0 0.987785 0.225951 0.022881 0.022881
0 0.645167 0.907151 0.030400 0.030142
0 0.959909 0.151658 0.080182 0.132995
0 0.629450 0.245618 0.174406 0.178080
0 0.927288 0.659229 0.029409 0.030789
0 0.587946 0.776863 0.086765 0.086601
0 0.411047 0.992224 0.038770 0.015166
0 0.536639 0.352722 0.054269 0.054366