0 0.235816 0.070790 0.057478 0.054988
0 0.109668 0.622915 0.034400 0.032836
0 0.123811 0.664584 0.033777 0.033279
0 0.140131 0.792012 0.029831 0.028259
0 0.049314 0.370407 0.032894 0.031848
0 0.229520 0.542613 0.031542 0.030797
0 0.063495 0.226828 0.030426 0.029299
0 0.211614 0.815171 0.030507 0.029148
0 0.615735 0.413329 0.038674 0.037273
0 0.692813 0.658736 0.255074 0.264223
0 0.354496 0.022373 0.030534 0.028801
0 0.722042 0.199483 0.041107 0.039003
0 0.239296 0.283063 0.027325 0.026361
0 0.652912 0.205472 0.044843 0.042789
0 0.014064 0.843313 0.027404 0.029571
0 0.385810 0.085662 0.037527 0.034494
0 0.892098 0.716280 0.214920 0.522088
0 0.277420 0.385419 0.039218 0.037697
0 0.360067 0.052201 0.028699 0.029119
0 0.248737 0.152164 0.025686 0.024847
0 0.329831 0.536756 0.024342 0.024866
0 0.356684 0.615460 0.022962 0.022570
0 0.343762 0.699371 0.026135 0.025342
0 0.643965 0.171816 0.034552 0.033719
0 0.268120 0.861450 0.023679 0.023907