0 0.779350 0.719706 0.089189 0.085222
0 0.802480 0.444272 0.304703 0.297099
0 0.778949 0.095961 0.093618 0.089381
0 0.353746 0.426467 0.097841 0.093919
0 0.591806 0.048779 0.081911 0.078469
0 0.543854 0.137378 0.256291 0.262217
0 0.149081 0.344373 0.059498 0.057438
0 0.840651 0.883583 0.272140 0.232834
0 0.665937 0.259214 0.061249 0.059148
0 0.411110 0.108718 0.079281 0.076524
0 0.170338 0.499652 0.058985 0.054698
0 0.434861 0.055004 0.041466 0.039175
0 0.687754 0.100803 0.051908 0.050123
0 0.365950 0.286858 0.037608 0.036901
0 0.160985 0.057435 0.044276 0.041910
0 0.873535 0.808839 0.039493 0.037689
0 0.153234 0.018579 0.050193 0.036347
0 0.456783 0.921630 0.092130 0.091597
0 0.083254 0.700508 0.035038 0.033588
0 0.312248 0.169000 0.067414 0.065976
0 0.635378 0.808528 0.044145 0.041317
0 0.258636 0.065219 0.038877 0.037949
0 0.121271 0.540503 0.034917 0.032953
0 0.333099 0.032810 0.040502 0.039060
0 0.126249 0.771587 0.043841 0.041168
0 0.124708 0.246243 0.030659 0.030165
0 0.091434 0.201870 0.182867 0.197598
0 0.405235 0.147152 0.035318 0.034003
0 0.113249 0.635331 0.053113 0.050943
0 0.383980 0.590607 0.342798 0.365364
0 0.136131 0.917113 0.043278 0.039422
0 0.963345 0.518978 0.035714 0.033597
0 0.128484 0.717655 0.032837 0.032955
0 0.975468 0.811695 0.049063 0.050966
0 0.275840 0.229473 0.036023 0.034244
0 0.506597 0.823373 0.034382 0.031613
0 0.404466 0.023604 0.051561 0.046564
0 0.120284 0.394793 0.034902 0.033760
0 0.251857 0.406945 0.050386 0.048902
0 0.681899 0.899972 0.043270 0.041887
0 0.712064 0.137835 0.031426 0.030394
0 0.522754 0.859492 0.119042 0.114460
0 0.172370 0.293519 0.031701 0.031429
0 0.644098 0.725391 0.037845 0.037539
0 0.187835 0.798271 0.030944 0.030209
0 0.819188 0.781261 0.077408 0.070481
0 0.034951 0.572569 0.069902 0.372758
0 0.010111 0.317555 0.019886 0.051230
0 0.252973 0.337728 0.173610 0.184459
0 0.195773 0.138939 0.096579 0.094721
0 0.468795 0.006744 0.030181 0.013488
0 0.370906 0.798260 0.220660 0.210729
0 0.557843 0.312875 0.064689 0.060583
0 0.197861 0.818738 0.128236 0.124170
0 0.273739 0.930177 0.117564 0.112336
0 0.462527 0.955796 0.027333 0.027066
0 0.036769 0.144846 0.038941 0.037137
0 0.172767 0.589092 0.038617 0.037578
0 0.473955 0.409078 0.142501 0.139389
0 0.196861 0.113189 0.047815 0.045646
0 0.651866 0.059027 0.058129 0.057538
0 0.221420 0.829547 0.077065 0.071377
0 0.680018 0.269402 0.187238 0.181534
0 0.076984 0.463194 0.050061 0.046309
0 0.544094 0.937825 0.092489 0.090678
0 0.817108 0.014661 0.062074 0.029309
0 0.385776 0.365134 0.068002 0.064313
0 0.554144 0.832822 0.046813 0.046403
0 0.912794 0.708650 0.171272 0.265888