0 0.510488 0.789756 0.144166 0.142165
0 0.255947 0.571325 0.113939 0.113453
0 0.757662 0.817952 0.129923 0.127281
0 0.688508 0.414230 0.074941 0.073963
0 0.387797 0.129715 0.154645 0.154575
0 0.488987 0.966173 0.088205 0.067588
0 0.952569 0.329066 0.047642 0.046670
0 0.193176 0.189306 0.061482 0.060161
0 0.865229 0.337341 0.047543 0.047352
0 0.359243 0.466805 0.054813 0.054343
0 0.574721 0.599502 0.036461 0.035699
0 0.761897 0.025354 0.056234 0.050405
0 0.824139 0.734469 0.039099 0.037729
0 0.365001 0.819086 0.037216 0.036818
0 0.147876 0.353099 0.189515 0.195887
0 0.679965 0.350179 0.067857 0.066276
0 0.455442 0.347638 0.038275 0.037167
0 0.856626 0.401475 0.034787 0.034603
0 0.229727 0.125531 0.049357 0.045364
0 0.323476 0.648777 0.033022 0.032190
0 0.357258 0.230639 0.046789 0.045103
0 0.912118 0.175304 0.127544 0.125062
0 0.695203 0.655109 0.031416 0.030525
0 0.299176 0.893762 0.029961 0.030229
0 0.418936 0.680450 0.044498 0.043300
0 0.874781 0.949478 0.035607 0.033918
0 0.022322 0.943872 0.034255 0.033800
0 0.984466 0.062152 0.031067 0.031996
0 0.831374 0.739884 0.224510 0.218478
0 0.534985 0.930251 0.052312 0.051902
0 0.375344 0.513866 0.032939 0.031625
0 0.534109 0.900480 0.036074 0.033724
0 0.665735 0.495117 0.027179 0.026909
0 0.741664 0.312056 0.029351 0.028542
0 0.923886 0.038076 0.046616 0.045435
0 0.858892 0.259362 0.078277 0.078835
0 0.029286 0.720499 0.031799 0.030854
0 0.809008 0.962605 0.036313 0.033989
0 0.054668 0.363885 0.035686 0.034257
0 0.849080 0.112370 0.034257 0.033139
0 0.156275 0.125924 0.089157 0.087347
0 0.312605 0.329911 0.033600 0.032800
0 0.722286 0.088253 0.031406 0.030114
0 0.986459 0.427554 0.027082 0.058578
0 0.287219 0.726373 0.037247 0.035881
0 0.098507 0.172966 0.058869 0.056891
0 0.076661 0.618420 0.033289 0.033367
0 0.565838 0.489892 0.041381 0.041094
0 0.177494 0.812399 0.058107 0.060303
0 0.981400 0.821428 0.037200 0.052666
0 0.524102 0.141032 0.041155 0.041517
0 0.092438 0.599385 0.035924 0.033968
0 0.056542 0.936310 0.025808 0.025019
0 0.827511 0.942591 0.033975 0.031747
0 0.782977 0.296256 0.029110 0.027978
0 0.778336 0.949541 0.031422 0.029132
0 0.687015 0.967797 0.030530 0.030720
0 0.634544 0.758879 0.026030 0.025320
0 0.973618 0.544402 0.025046 0.026199
0 0.005570 0.898384 0.010410 0.034970
0 0.922154 0.910570 0.032853 0.030676
0 0.694441 0.305642 0.048258 0.049942
0 0.599387 0.809428 0.046234 0.043263
0 0.559547 0.649894 0.026373 0.025774
0 0.320791 0.215376 0.029508 0.028576
0 0.601390 0.017676 0.069740 0.035059
0 0.055192 0.046326 0.049769 0.047014
0 0.827395 0.357079 0.032377 0.031437
0 0.229074 0.712170 0.027118 0.026759
0 0.306298 0.764327 0.070688 0.069868
0 0.007151 0.190804 0.014301 0.038300
0 0.058938 0.870027 0.024239 0.023716
0 0.493484 0.499328 0.027193 0.025996
0 0.821408 0.924582 0.026989 0.024018
0 0.928777 0.386058 0.027039 0.027006
0 0.571910 0.711777 0.025004 0.024074
0 0.593429 0.152364 0.027400 0.026411
0 0.979465 0.126876 0.040269 0.121441
0 0.645723 0.681634 0.025854 0.025325
0 0.108485 0.637660 0.038039 0.038323
0 0.514604 0.514343 0.025902 0.025992
0 0.005003 0.637352 0.009758 0.056353
0 0.586426 0.247658 0.026030 0.025791
0 0.025007 0.487738 0.029126 0.029466
0 0.819248 0.245463 0.024600 0.024155
0 0.429004 0.937982 0.054093 0.052792
0 0.384775 0.868386 0.026136 0.025251
0 0.319906 0.083956 0.026177 0.024601
0 0.817503 0.706334 0.181655 0.175853
0 0.861310 0.762591 0.168425 0.163997
0 0.128836 0.558059 0.025377 0.024481
0 0.978226 0.155976 0.043205 0.193510
0 0.849970 0.277386 0.049645 0.051682
0 0.852504 0.925223 0.034282 0.031519