0 0.276547 0.956745 0.052446 0.051879
0 0.838570 0.714776 0.051909 0.051864
0 0.755714 0.557434 0.079053 0.078247
0 0.310934 0.796518 0.046107 0.044647
0 0.410709 0.526257 0.034648 0.033950
0 0.281739 0.013041 0.037331 0.025744
0 0.123944 0.084955 0.030680 0.029916
0 0.339477 0.536399 0.030357 0.030396
0 0.081206 0.070542 0.034082 0.032939
0 0.416149 0.712307 0.030918 0.030294
0 0.955248 0.525721 0.027868 0.027408
0 0.948682 0.765872 0.044112 0.042827
0 0.261134 0.680752 0.028579 0.028486
0 0.357550 0.110650 0.032260 0.030963
0 0.013280 0.761337 0.026559 0.061997
0 0.254097 0.635971 0.032095 0.032056
0 0.279763 0.107009 0.031051 0.029892
0 0.714103 0.644802 0.026737 0.026980
0 0.175463 0.354535 0.027963 0.027441
0 0.756227 0.283417 0.025513 0.025072
0 0.820298 0.869824 0.026741 0.026275
0 0.033955 0.031202 0.029832 0.028830
0 0.908387 0.825985 0.029344 0.028217
0 0.025709 0.610880 0.025300 0.024406
0 0.722180 0.686360 0.025909 0.026012
0 0.388599 0.737097 0.121294 0.119596
0 0.989126 0.666591 0.021749 0.024963
0 0.521442 0.607408 0.025374 0.025851
0 0.120302 0.043812 0.048787 0.047342
0 0.193492 0.036041 0.025721 0.025437
0 0.551094 0.520086 0.025459 0.025255
0 0.641124 0.699237 0.025840 0.025641
0 0.564790 0.735212 0.075848 0.078828
0 0.331272 0.696658 0.026539 0.026188
0 0.745218 0.961307 0.035460 0.035218
0 0.857668 0.681105 0.026398 0.025630
0 0.481090 0.582973 0.026059 0.026411
0 0.488418 0.698305 0.024408 0.023459
0 0.299674 0.036637 0.027403 0.026604
0 0.711791 0.133468 0.023026 0.022665
0 0.229620 0.624772 0.036054 0.035065
0 0.875521 0.541960 0.022267 0.022077
0 0.014735 0.649656 0.022047 0.022027
0 0.577262 0.536934 0.028932 0.027808
0 0.510973 0.468991 0.031249 0.030995