0 0.424921 0.470247 0.174733 0.170751
0 0.428897 0.027605 0.062963 0.054954
0 0.243885 0.877196 0.092722 0.090438
0 0.953530 0.846371 0.035604 0.034337
0 0.156227 0.739552 0.057074 0.055462
0 0.266346 0.027184 0.050548 0.048627
0 0.078200 0.067714 0.029217 0.028405
0 0.613527 0.518122 0.046593 0.043213
0 0.288603 0.256835 0.063781 0.062764
0 0.115048 0.339306 0.036246 0.035966
0 0.799907 0.146620 0.032239 0.032290
0 0.730859 0.569486 0.031599 0.030434
0 0.561011 0.128681 0.052269 0.049404
0 0.259660 0.396335 0.045788 0.044619
0 0.286616 0.136317 0.037821 0.037698
0 0.850063 0.264152 0.062198 0.059531
0 0.015595 0.760004 0.031100 0.032143
0 0.584430 0.185075 0.042643 0.041127
0 0.815052 0.520383 0.036981 0.035614
0 0.838808 0.536995 0.041742 0.041102
0 0.671432 0.254198 0.028398 0.028438
0 0.152585 0.321793 0.033917 0.032016
0 0.947796 0.721251 0.028487 0.027685
0 0.338759 0.352762 0.030422 0.030187
0 0.915658 0.475845 0.028221 0.027213
0 0.149341 0.348075 0.054247 0.057019
0 0.973475 0.302944 0.053050 0.057017
0 0.920387 0.937592 0.027702 0.026835
0 0.142712 0.632672 0.180438 0.177794
0 0.432532 0.950921 0.030509 0.029256
0 0.542478 0.431851 0.092791 0.091299
0 0.406092 0.078209 0.028586 0.028055
0 0.474306 0.856589 0.029556 0.029430
0 0.009861 0.356025 0.019363 0.030989
0 0.745408 0.030169 0.066207 0.060338
0 0.945727 0.061573 0.035156 0.034760
0 0.565490 0.766586 0.434012 0.419908
0 0.183051 0.928676 0.321500 0.142647
0 0.974279 0.973089 0.023641 0.023811
0 0.357451 0.694899 0.032205 0.030996
0 0.639657 0.541627 0.024504 0.023798
0 0.870869 0.130862 0.024619 0.024124
0 0.822286 0.936112 0.027747 0.026661
0 0.653072 0.779846 0.025574 0.025849
0 0.384792 0.369199 0.029513 0.029779
0 0.511639 0.162145 0.035281 0.034926
0 0.540981 0.386023 0.052726 0.051045
0 0.632425 0.899466 0.419143 0.201069
0 0.733946 0.006602 0.036770 0.013205
0 0.358431 0.587569 0.041878 0.039869
0 0.703784 0.546518 0.034821 0.032254
0 0.772984 0.461731 0.024749 0.024315
0 0.599810 0.805131 0.024869 0.025042
0 0.654284 0.708802 0.024802 0.024910
0 0.767865 0.353133 0.026863 0.025994
0 0.848431 0.937108 0.025629 0.026022
0 0.621757 0.856185 0.431291 0.287630
0 0.821440 0.793664 0.118013 0.117241
0 0.633628 0.031676 0.026994 0.027379
0 0.775958 0.933365 0.025451 0.025483
0 0.573829 0.243744 0.026143 0.025846
0 0.582946 0.561645 0.061158 0.060416
0 0.581061 0.551619 0.048838 0.044933