0 0.760029 0.418115 0.250263 0.210667
0 0.905468 0.766692 0.054099 0.047700
0 0.237729 0.487271 0.032886 0.031032
0 0.101743 0.955202 0.044876 0.040072
0 0.237246 0.292879 0.056970 0.049828
0 0.436658 0.165033 0.040646 0.036818
0 0.143295 0.258417 0.038261 0.034214
0 0.833212 0.030744 0.038801 0.035181
0 0.539399 0.165326 0.035644 0.031149
0 0.618506 0.118818 0.032239 0.028529
0 0.825671 0.892196 0.041061 0.036815
0 0.594656 0.653466 0.043165 0.039279
0 0.251572 0.103171 0.028935 0.025880
0 0.637357 0.022940 0.034938 0.031678
0 0.538356 0.267438 0.032821 0.027382
0 0.751284 0.928407 0.108297 0.093994
0 0.530154 0.930492 0.067861 0.063060
0 0.877048 0.246135 0.030996 0.027387
0 0.081685 0.884580 0.037981 0.034496
0 0.586900 0.974456 0.135746 0.051088
0 0.167979 0.679779 0.025729 0.024095
0 0.424760 0.575539 0.030287 0.029408
0 0.086556 0.464069 0.042812 0.040474
0 0.961268 0.868327 0.076485 0.139409
0 0.988331 0.738216 0.023338 0.030712
0 0.899452 0.864662 0.035115 0.031963
0 0.154605 0.573671 0.026515 0.025444
0 0.871685 0.689698 0.250957 0.237290