0 0.382663 0.868038 0.105216 0.087960
0 0.460094 0.147247 0.194434 0.161768
0 0.228506 0.114065 0.077437 0.064802
0 0.199648 0.179733 0.077497 0.061791
0 0.635956 0.010575 0.048462 0.021149
0 0.414691 0.387198 0.044988 0.035232
0 0.650313 0.825677 0.046868 0.039051
0 0.981542 0.955201 0.036917 0.065879
0 0.888524 0.084459 0.112799 0.089881
0 0.336821 0.135963 0.051824 0.041778
0 0.389618 0.916750 0.063585 0.049723
0 0.570075 0.464273 0.065681 0.052271
0 0.705076 0.968278 0.035534 0.028722
0 0.270733 0.919210 0.057225 0.048013
0 0.611469 0.980547 0.041937 0.035991
0 0.496817 0.239180 0.045275 0.035213
0 0.592468 0.139193 0.035903 0.031779
0 0.941895 0.231926 0.089935 0.073051
0 0.567506 0.180229 0.039353 0.031872
0 0.143402 0.259323 0.038429 0.033668
0 0.368863 0.627395 0.041942 0.032763
0 0.788989 0.632935 0.048147 0.041793
0 0.342129 0.512577 0.083119 0.064710
0 0.760141 0.814659 0.036744 0.032079
0 0.968428 0.176250 0.062936 0.073670
0 0.285269 0.292827 0.057753 0.046239
0 0.601155 0.422551 0.068002 0.054742
0 0.844641 0.522859 0.112658 0.102963
0 0.101492 0.935507 0.035448 0.031902
0 0.827119 0.023878 0.096545 0.047690
0 0.339235 0.985035 0.054208 0.029930
0 0.117309 0.554886 0.044863 0.036954
0 0.640861 0.906033 0.033795 0.027476
0 0.292668 0.210502 0.055859 0.044118
0 0.294792 0.113478 0.056173 0.046787
0 0.581552 0.864103 0.038800 0.033547
0 0.180568 0.546757 0.162305 0.129539
0 0.957808 0.048843 0.039425 0.030593
0 0.234935 0.215590 0.049781 0.038117
0 0.250935 0.842850 0.069329 0.062150
0 0.353363 0.200312 0.067310 0.051094
0 0.993620 0.694644 0.012542 0.036385
0 0.611392 0.337374 0.050240 0.041299
0 0.320489 0.252483 0.070894 0.055316
0 0.948947 0.498231 0.102020 0.149461
0 0.582319 0.339650 0.149933 0.127479
0 0.816737 0.108695 0.048615 0.042869
0 0.730408 0.406441 0.065725 0.057431
0 0.775781 0.459257 0.058963 0.051111
0 0.887866 0.668978 0.037697 0.034080
0 0.720793 0.127660 0.170371 0.149712
0 0.252575 0.971654 0.074136 0.056144
0 0.307727 0.513754 0.135790 0.096833
0 0.519529 0.523933 0.043036 0.035998
0 0.589136 0.185590 0.123383 0.112017
0 0.557221 0.218769 0.077325 0.065532
0 0.969552 0.726366 0.058990 0.058718
0 0.150038 0.825458 0.278726 0.238500
0 0.075579 0.902548 0.044006 0.037849
0 0.971117 0.370430 0.057557 0.054657
0 0.722154 0.411297 0.083594 0.065963
0 0.960586 0.753575 0.078827 0.113577
0 0.943902 0.223629 0.073429 0.060316
0 0.944376 0.474752 0.109578 0.205804
0 0.619890 0.761468 0.040215 0.031652
0 0.421848 0.483863 0.032434 0.025618
0 0.707841 0.824464 0.049982 0.042763
0 0.852652 0.142814 0.069491 0.053759
0 0.331536 0.513767 0.096940 0.075525
0 0.911283 0.060491 0.120921 0.096437
0 0.150148 0.986090 0.058210 0.027820
0 0.091837 0.016801 0.143653 0.033603
0 0.697466 0.421118 0.053936 0.044122