0 0.440680 0.533560 0.046676 0.041084
0 0.111782 0.286919 0.030869 0.028348
0 0.480246 0.252118 0.037490 0.032305
0 0.563002 0.264178 0.036206 0.031134
0 0.649250 0.913291 0.031182 0.028640
0 0.562163 0.126140 0.031876 0.028709
0 0.506250 0.149269 0.031241 0.026583
0 0.328158 0.033260 0.028432 0.027517
0 0.317092 0.012942 0.036273 0.025884
0 0.264354 0.213971 0.028835 0.027068
0 0.628359 0.391822 0.027201 0.025176
0 0.621906 0.308120 0.030842 0.027605
0 0.807385 0.175990 0.028503 0.026124
0 0.565380 0.326388 0.026838 0.023697
0 0.328325 0.084111 0.025548 0.023927