0 0.969442 0.227063 0.060250 0.070592
0 0.253274 0.720797 0.139834 0.115697
0 0.832032 0.843458 0.326962 0.313084
0 0.411899 0.816356 0.048081 0.040226
0 0.922953 0.911818 0.101471 0.088931
0 0.638333 0.274584 0.042943 0.034987
0 0.151318 0.913438 0.036213 0.030040
0 0.177572 0.472615 0.038314 0.031987
0 0.909949 0.309423 0.048961 0.041532
0 0.110984 0.672580 0.059972 0.049212
0 0.450365 0.486895 0.042169 0.033788
0 0.371347 0.877913 0.035784 0.030833
0 0.514621 0.893721 0.036229 0.033065
0 0.803488 0.847473 0.036599 0.031050
0 0.121977 0.711640 0.037849 0.031439
0 0.133460 0.346847 0.081063 0.070171
0 0.192971 0.760026 0.038286 0.032538
0 0.251182 0.227236 0.031214 0.028784
0 0.401201 0.081696 0.037217 0.032498
0 0.475631 0.577221 0.125600 0.099323
0 0.372650 0.696416 0.041559 0.034639
0 0.581472 0.872868 0.055619 0.050214
0 0.764170 0.325483 0.073352 0.060159
0 0.472116 0.379808 0.036228 0.031905
0 0.823654 0.690002 0.040924 0.036018
0 0.409090 0.220282 0.032290 0.029648
0 0.604237 0.856031 0.033861 0.030512
0 0.951150 0.370397 0.082703 0.066907
0 0.332327 0.005315 0.035204 0.010631
0 0.934572 0.649639 0.042352 0.033538
0 0.908915 0.621730 0.034562 0.030231
0 0.729171 0.492815 0.037619 0.031257
0 0.064091 0.295770 0.067726 0.058879
0 0.437676 0.354330 0.032236 0.027755
0 0.196234 0.398194 0.034490 0.029324
0 0.279795 0.821073 0.099082 0.088674
0 0.314930 0.752916 0.029804 0.025448
0 0.889564 0.705822 0.044728 0.036095
0 0.478390 0.506344 0.031699 0.025324
0 0.058243 0.296959 0.056517 0.047910
0 0.180005 0.556075 0.111769 0.090368
0 0.337274 0.918373 0.030241 0.026704
0 0.992989 0.443916 0.014022 0.073019
0 0.902060 0.674594 0.047506 0.039254
0 0.497652 0.657705 0.030129 0.024993
0 0.904696 0.470264 0.036510 0.031258
0 0.822463 0.083246 0.093287 0.079547
0 0.499865 0.632917 0.084177 0.071492
0 0.203319 0.862956 0.030777 0.028197