0 0.768343 0.227942 0.428059 0.344228
0 0.061916 0.728608 0.099051 0.078510
0 0.331851 0.951789 0.071788 0.055987
0 0.058437 0.822373 0.041560 0.032509
0 0.176076 0.408883 0.036475 0.031237
0 0.344410 0.261745 0.046647 0.041267
0 0.185935 0.261406 0.035954 0.032355
0 0.293499 0.335347 0.038167 0.033008
0 0.938639 0.808281 0.052674 0.039783
0 0.691922 0.697012 0.054114 0.040306
0 0.050843 0.934915 0.088517 0.070308
0 0.787249 0.766570 0.042553 0.033578
0 0.057243 0.162441 0.113064 0.282935
0 0.676811 0.426309 0.415511 0.294537
0 0.080773 0.450724 0.031718 0.028672
0 0.073090 0.426354 0.109243 0.092771
0 0.978795 0.379106 0.042325 0.123217
0 0.883293 0.935887 0.233344 0.127475
0 0.439185 0.713667 0.111325 0.092006
0 0.694335 0.366697 0.562624 0.417037
0 0.965234 0.332344 0.068773 0.067592
0 0.967591 0.746866 0.064818 0.112862
0 0.965726 0.620226 0.068549 0.065303
0 0.884990 0.960820 0.230020 0.078361