0 0.051519 0.181081 0.038311 0.038548
0 0.718598 0.720133 0.248113 0.232500
0 0.932692 0.717969 0.117628 0.114923
0 0.176618 0.282782 0.052296 0.051565
0 0.970758 0.603001 0.035272 0.034950
0 0.148396 0.693934 0.048134 0.046861
0 0.305600 0.143211 0.034954 0.034329
0 0.782179 0.943832 0.043715 0.042940
0 0.960735 0.176171 0.036165 0.035947
0 0.817373 0.187452 0.038115 0.038727
0 0.620227 0.150597 0.041208 0.041130
0 0.217297 0.741127 0.037825 0.036797
0 0.710356 0.082558 0.034191 0.034070
0 0.872442 0.555868 0.040308 0.039902
0 0.655499 0.164352 0.035473 0.036052
0 0.574527 0.455913 0.033594 0.034155
0 0.561502 0.228550 0.027687 0.027961
0 0.746747 0.132057 0.029678 0.029821
0 0.683064 0.548035 0.034192 0.033673
0 0.054230 0.540414 0.027172 0.027172
0 0.503711 0.478044 0.033881 0.033514
0 0.591679 0.107909 0.029404 0.028936
0 0.716815 0.553835 0.037275 0.036776
0 0.694817 0.202082 0.025719 0.026015
0 0.211579 0.689278 0.027042 0.026474
0 0.239182 0.545099 0.290618 0.273553
0 0.011617 0.525277 0.022375 0.028023
0 0.564088 0.699181 0.030274 0.029116
0 0.346579 0.153662 0.030265 0.030510
0 0.247467 0.085200 0.037863 0.036779
0 0.757100 0.459362 0.024663 0.025537
0 0.033426 0.120695 0.023391 0.022405
0 0.803389 0.394848 0.045887 0.047161
0 0.073018 0.151645 0.036774 0.037371
0 0.869854 0.340591 0.028871 0.028677
0 0.272133 0.011644 0.024743 0.021715
0 0.212686 0.410252 0.036896 0.034477
0 0.840320 0.542044 0.031489 0.030598
0 0.395490 0.677562 0.028392 0.027803
0 0.449808 0.713587 0.031364 0.031561
0 0.784900 0.427368 0.194370 0.193675
0 0.864478 0.590091 0.031153 0.031425
0 0.682305 0.511344 0.025225 0.025079
0 0.395270 0.722243 0.036670 0.036547
0 0.970051 0.945594 0.058992 0.062119
0 0.060598 0.469541 0.045533 0.045250
0 0.570222 0.825018 0.030264 0.029338
0 0.818119 0.873294 0.053040 0.050876
0 0.521150 0.137006 0.026573 0.026411
0 0.153729 0.896505 0.028440 0.028351
0 0.536230 0.077642 0.024728 0.024850
0 0.700465 0.895735 0.034864 0.034224
0 0.325007 0.624216 0.139153 0.136954
0 0.463127 0.787923 0.023334 0.023603
0 0.417378 0.062347 0.020855 0.020680
0 0.993168 0.700071 0.013664 0.026929