0 0.484362 0.116770 0.081487 0.068512
0 0.276691 0.679943 0.128450 0.107729
0 0.066825 0.705454 0.123107 0.103195
0 0.491490 0.532333 0.345275 0.272376
0 0.965128 0.150430 0.047747 0.037400
0 0.971161 0.654804 0.057359 0.063877
0 0.795960 0.248271 0.235243 0.199099
0 0.428200 0.336477 0.040383 0.032552
0 0.113723 0.515191 0.082499 0.066535
0 0.874445 0.123621 0.104950 0.090765
0 0.017318 0.397219 0.034046 0.053385
0 0.021615 0.441567 0.043194 0.037923
0 0.363483 0.041295 0.031471 0.028716
0 0.781686 0.121957 0.072710 0.062933
0 0.547372 0.765929 0.296024 0.241636
0 0.494808 0.909537 0.281777 0.180925
0 0.635148 0.106455 0.099447 0.077495
0 0.257478 0.565904 0.150358 0.124224
0 0.811518 0.081097 0.035054 0.029187
0 0.156391 0.439476 0.038904 0.033852
0 0.294473 0.145006 0.037101 0.030573
0 0.311300 0.213261 0.125874 0.107775
0 0.030005 0.928106 0.046785 0.039181
0 0.731327 0.072190 0.089293 0.078177
0 0.677954 0.451530 0.032008 0.027849
0 0.014898 0.250546 0.029707 0.143412
0 0.860734 0.256067 0.094162 0.080088
0 0.652456 0.012623 0.038701 0.025189
0 0.202410 0.624131 0.042459 0.032945
0 0.362367 0.983463 0.137851 0.033074
0 0.659805 0.227349 0.049963 0.042836
0 0.161677 0.008062 0.030950 0.016124
0 0.742347 0.014087 0.036186 0.026823
0 0.336470 0.894323 0.031092 0.025270
0 0.040259 0.107627 0.079728 0.149077
0 0.766456 0.581621 0.033808 0.028510
0 0.975662 0.372535 0.048324 0.057078
0 0.932789 0.973348 0.033170 0.029587
0 0.070223 0.070603 0.032828 0.026982
0 0.093373 0.007281 0.051764 0.014535
0 0.009763 0.552338 0.019525 0.065036
0 0.016219 0.262729 0.032439 0.202788
0 0.943937 0.947042 0.030128 0.027309
0 0.590651 0.297015 0.030643 0.027073
0 0.692956 0.566590 0.116946 0.111399
0 0.162628 0.151645 0.026464 0.022928
0 0.870113 0.874627 0.053019 0.047021
0 0.673426 0.272445 0.032788 0.027912
0 0.526404 0.226190 0.093876 0.079877
0 0.170741 0.604745 0.032438 0.026663
0 0.313156 0.086489 0.031192 0.027676
0 0.282869 0.311090 0.120312 0.110989
0 0.971353 0.300414 0.056308 0.052946
0 0.333083 0.017581 0.050432 0.033812
0 0.972616 0.313575 0.050088 0.043300
0 0.853067 0.973298 0.185112 0.053405
0 0.097157 0.356491 0.050793 0.042517