0 0.428296 0.280050 0.069512 0.067826
0 0.174893 0.512200 0.055908 0.054159
0 0.553303 0.877741 0.053623 0.051877
0 0.381656 0.205661 0.043677 0.042093
0 0.322339 0.702470 0.060941 0.059219
0 0.832410 0.224844 0.036939 0.036049
0 0.833314 0.145722 0.056697 0.055918
0 0.440673 0.822992 0.048036 0.045705
0 0.296186 0.920891 0.049552 0.048690
0 0.790699 0.568106 0.044928 0.043634
0 0.856899 0.971323 0.039696 0.039514
0 0.794641 0.664053 0.035658 0.034289
0 0.429986 0.746576 0.201478 0.187844
0 0.182215 0.585735 0.035483 0.034683
0 0.684707 0.565487 0.053645 0.053338
0 0.900814 0.229322 0.051665 0.049851
0 0.281571 0.115865 0.334692 0.231730
0 0.658993 0.675900 0.073282 0.074681
0 0.331250 0.491748 0.038242 0.036306
0 0.813167 0.596697 0.030384 0.030413
0 0.327508 0.356614 0.029316 0.028393
0 0.375108 0.848295 0.076775 0.073836
0 0.819797 0.977491 0.034618 0.033715
0 0.693209 0.234936 0.033055 0.032037
0 0.960491 0.182422 0.073943 0.071250
0 0.511109 0.985823 0.059825 0.028353
0 0.330047 0.648875 0.031645 0.030950
0 0.165431 0.736817 0.313923 0.316955
0 0.887618 0.424993 0.035558 0.034762
0 0.580661 0.490486 0.033900 0.033322
0 0.200033 0.672379 0.194203 0.182865
0 0.613998 0.743118 0.187720 0.169753
0 0.208074 0.299567 0.162438 0.157524
0 0.549664 0.267407 0.030552 0.030217
0 0.829620 0.330672 0.043692 0.042013
0 0.942175 0.010591 0.032662 0.020934
0 0.114133 0.920074 0.083188 0.081078
0 0.356408 0.354327 0.031733 0.030260
0 0.987658 0.146864 0.024685 0.034732
0 0.067635 0.961023 0.043868 0.042829
0 0.827374 0.506934 0.047392 0.046179
0 0.729460 0.510603 0.031623 0.030104
0 0.169476 0.981583 0.100661 0.036833
0 0.964054 0.766345 0.027169 0.026392
0 0.262800 0.938696 0.026131 0.025773
0 0.096452 0.545444 0.028373 0.026793
0 0.662235 0.329053 0.029095 0.030458
0 0.074786 0.063516 0.025979 0.025570
0 0.827434 0.105395 0.065125 0.061705
0 0.287122 0.983931 0.032570 0.030995
0 0.963239 0.788467 0.048135 0.046836
0 0.378267 0.532225 0.278296 0.261402
0 0.797301 0.960790 0.030160 0.029725
0 0.769742 0.832018 0.033766 0.032018
0 0.042741 0.351935 0.084744 0.260568
0 0.390088 0.891479 0.148673 0.145374
0 0.607199 0.675451 0.260724 0.293230
0 0.485833 0.192301 0.205266 0.194603
0 0.922021 0.891767 0.155958 0.162846
0 0.837697 0.289894 0.027861 0.028281
0 0.980197 0.020878 0.039607 0.040866
0 0.671407 0.947128 0.139555 0.105744
0 0.231777 0.912460 0.029035 0.029256
0 0.032204 0.045208 0.061800 0.062464
0 0.775982 0.481094 0.029233 0.029550
0 0.067385 0.135996 0.027542 0.027795
0 0.682717 0.016512 0.027349 0.026553
0 0.863025 0.063906 0.028210 0.028460
0 0.266674 0.401530 0.186238 0.183900
0 0.184859 0.713245 0.251042 0.271406
0 0.895796 0.699384 0.025985 0.025342
0 0.242341 0.563634 0.051130 0.049557
0 0.228113 0.854136 0.031775 0.031182
0 0.317804 0.737348 0.031549 0.029816
0 0.767670 0.787654 0.033851 0.032672
0 0.519318 0.333903 0.030866 0.030358
0 0.155277 0.077705 0.030116 0.028671
0 0.858602 0.742899 0.029335 0.028897
0 0.134956 0.822089 0.178167 0.171162
0 0.070416 0.966063 0.053276 0.052539
0 0.032344 0.878369 0.064687 0.169318
0 0.237662 0.526501 0.024422 0.023772