0 0.940496 0.321284 0.073259 0.074261
0 0.589367 0.885762 0.063077 0.062110
0 0.405358 0.624901 0.051207 0.050125
0 0.386116 0.735940 0.046616 0.046286
0 0.051848 0.110493 0.031404 0.030809
0 0.480570 0.823298 0.044989 0.045448
0 0.410284 0.666973 0.034253 0.033873
0 0.597206 0.547535 0.037565 0.037046
0 0.239363 0.742133 0.034875 0.034987
0 0.333273 0.960136 0.047132 0.045817
0 0.843141 0.166305 0.040400 0.039907
0 0.407798 0.456576 0.029941 0.029747
0 0.020578 0.227431 0.036623 0.038730
0 0.373272 0.218210 0.025835 0.026223
0 0.984512 0.301512 0.030975 0.038312
0 0.156802 0.829072 0.029713 0.029217
0 0.015376 0.490048 0.029570 0.030417
0 0.908776 0.656407 0.180577 0.432157
0 0.959231 0.215423 0.029485 0.029595
0 0.470818 0.909372 0.041146 0.041373
0 0.188831 0.607804 0.027703 0.027102
0 0.418542 0.268210 0.036331 0.036850
0 0.743119 0.759452 0.030022 0.027906
0 0.353203 0.649815 0.026285 0.025417
0 0.054437 0.082621 0.026149 0.026174
0 0.322465 0.292073 0.024445 0.024262
0 0.899179 0.075162 0.201642 0.147184
0 0.615188 0.006566 0.025741 0.013132
0 0.185147 0.736243 0.028057 0.027590
0 0.118028 0.510144 0.038759 0.036489
0 0.486129 0.063977 0.026621 0.026350
0 0.706647 0.833288 0.026467 0.026074
0 0.635506 0.075380 0.031208 0.032705
0 0.316074 0.760942 0.026612 0.026159
0 0.809242 0.176455 0.033225 0.033372
0 0.437744 0.126708 0.023321 0.022962
0 0.897270 0.146444 0.024272 0.023961
0 0.719248 0.492147 0.024944 0.025036
0 0.109235 0.798133 0.027716 0.027838
0 0.928613 0.702865 0.029158 0.028882
0 0.433187 0.034961 0.117467 0.069903
0 0.111620 0.568192 0.024602 0.023973
0 0.868051 0.322371 0.025433 0.025372
0 0.234754 0.620259 0.024436 0.024084
0 0.897355 0.461393 0.055836 0.054272