0 0.800489 0.482047 0.368010 0.377492
0 0.239648 0.171938 0.037772 0.037127
0 0.332691 0.063558 0.035534 0.035187
0 0.844920 0.076865 0.029791 0.029451
0 0.979737 0.353706 0.040527 0.049717
0 0.252084 0.213784 0.033828 0.033178
0 0.779969 0.440137 0.029047 0.028478
0 0.422117 0.134197 0.032162 0.031706
0 0.428493 0.369047 0.031335 0.030583
0 0.139153 0.192926 0.034587 0.035137
0 0.296697 0.291452 0.044928 0.044729
0 0.605207 0.786107 0.030885 0.029627
0 0.554095 0.218759 0.027128 0.027315
0 0.131040 0.060117 0.027917 0.027115
0 0.472003 0.311225 0.025895 0.025520
0 0.605435 0.732870 0.025853 0.025595
0 0.447411 0.015380 0.025899 0.025260
0 0.289743 0.226202 0.028562 0.027705
0 0.284515 0.261175 0.027878 0.026898
0 0.139322 0.093088 0.024449 0.024286
0 0.311603 0.319167 0.024533 0.024745
0 0.101656 0.388007 0.058082 0.056447
0 0.339147 0.365275 0.027140 0.027352
0 0.416180 0.005016 0.025762 0.009841
0 0.744070 0.587833 0.023413 0.022621
0 0.974759 0.697284 0.029264 0.030504