0 0.908856 0.678087 0.182080 0.210901
0 0.659103 0.294470 0.073291 0.066106
0 0.561881 0.906299 0.070386 0.062117
0 0.600354 0.959268 0.122751 0.081465
0 0.027105 0.865313 0.053848 0.051399
0 0.322639 0.361967 0.037100 0.033655
0 0.175333 0.075986 0.079696 0.069954
0 0.388637 0.794546 0.034818 0.031020
0 0.434405 0.753358 0.035310 0.032459
0 0.250944 0.601056 0.040520 0.038302
0 0.442440 0.341674 0.055173 0.047731
0 0.381797 0.361556 0.042795 0.037562
0 0.646466 0.770410 0.078495 0.072530
0 0.814783 0.418769 0.042035 0.038576
0 0.586933 0.037536 0.131981 0.075072
0 0.685698 0.491558 0.042620 0.040673
0 0.732566 0.281677 0.035573 0.031573
0 0.435909 0.417326 0.398566 0.357930
0 0.105278 0.469692 0.030932 0.027667
0 0.287890 0.987634 0.054940 0.024327
0 0.550116 0.217671 0.091932 0.079736
0 0.748517 0.951226 0.030421 0.027473
0 0.685030 0.713502 0.043422 0.040903
0 0.467174 0.401346 0.031329 0.028809
0 0.218296 0.346177 0.032032 0.028241
0 0.540573 0.743376 0.027322 0.026053
0 0.428834 0.166896 0.170520 0.155788
0 0.468260 0.936460 0.059477 0.053346
0 0.476679 0.152666 0.242070 0.220775
0 0.209141 0.946223 0.049419 0.048486
0 0.981550 0.319194 0.036900 0.084041
0 0.376026 0.898768 0.030107 0.028475
0 0.906804 0.137034 0.039346 0.037559
0 0.753872 0.253305 0.029996 0.028966
0 0.287677 0.587060 0.039113 0.036573
0 0.226207 0.641602 0.026314 0.025290
0 0.317165 0.608886 0.031412 0.029198
0 0.162401 0.423541 0.053169 0.047041
0 0.699280 0.896979 0.026928 0.026206
0 0.334795 0.040541 0.037118 0.034676
0 0.701917 0.673105 0.036806 0.034625