0 0.954283 0.839404 0.090355 0.089825
0 0.202319 0.852012 0.057646 0.056355
0 0.553931 0.405636 0.046576 0.045055
0 0.063960 0.615054 0.038894 0.038835
0 0.330850 0.732869 0.043797 0.043274
0 0.101111 0.590980 0.037900 0.037756
0 0.178306 0.626229 0.038401 0.037754
0 0.212855 0.661136 0.041531 0.039598
0 0.623738 0.964476 0.040398 0.039072
0 0.088347 0.560515 0.038703 0.037532
0 0.561313 0.511777 0.034039 0.032968
0 0.412587 0.563389 0.031417 0.031156
0 0.514258 0.426320 0.029263 0.029028
0 0.253959 0.408458 0.031485 0.030502
0 0.779142 0.966642 0.189372 0.066717
0 0.056188 0.693469 0.034910 0.034447
0 0.139215 0.043551 0.033251 0.031276
0 0.193633 0.696255 0.031903 0.031095
0 0.713008 0.243129 0.028956 0.028608
0 0.654122 0.171263 0.033784 0.032988
0 0.812650 0.366242 0.029142 0.028705
0 0.211895 0.195507 0.031885 0.032471
0 0.245273 0.835869 0.034075 0.033100
0 0.800033 0.383222 0.029974 0.029452
0 0.201169 0.174431 0.030795 0.031036
0 0.323411 0.787281 0.031015 0.029656
0 0.024276 0.400109 0.034343 0.033946
0 0.075972 0.163260 0.029326 0.029559
0 0.618640 0.811885 0.027063 0.026170
0 0.627035 0.377421 0.033184 0.033160
0 0.269984 0.084823 0.027343 0.026066
0 0.272418 0.963449 0.100033 0.072719
0 0.828412 0.277131 0.026458 0.025752
0 0.763212 0.597880 0.028669 0.027348
0 0.049498 0.830680 0.056611 0.055665
0 0.029374 0.190365 0.047429 0.048212
0 0.986603 0.244239 0.025517 0.026397
0 0.415201 0.219797 0.058321 0.056888
0 0.583656 0.633594 0.038259 0.036405
0 0.488057 0.941668 0.026904 0.026872
0 0.901608 0.011623 0.027228 0.022884
0 0.449824 0.779959 0.028302 0.029119
0 0.523508 0.487352 0.057542 0.056192
0 0.663573 0.686288 0.059101 0.057171
0 0.219370 0.631551 0.026119 0.024932
0 0.303724 0.944848 0.026313 0.026430
0 0.595818 0.677790 0.053173 0.052945
0 0.488221 0.852076 0.025955 0.025068