0 0.587046 0.560703 0.050830 0.048530
0 0.824014 0.976111 0.057454 0.047076
0 0.420527 0.087657 0.056433 0.053192
0 0.610749 0.683063 0.032513 0.030616
0 0.610038 0.053651 0.031983 0.032093
0 0.961533 0.593623 0.062494 0.059442
0 0.766702 0.653478 0.036654 0.036234
0 0.548783 0.113635 0.032367 0.031459
0 0.061519 0.492173 0.032503 0.031877
0 0.912715 0.627634 0.033015 0.032786
0 0.205604 0.693096 0.030484 0.029418
0 0.353694 0.109263 0.027239 0.026374
0 0.765835 0.234031 0.026260 0.025594
0 0.848797 0.524978 0.031343 0.030659
0 0.520866 0.386907 0.042297 0.041135
0 0.841015 0.187487 0.033915 0.031619
0 0.197945 0.527070 0.074468 0.072395
0 0.582704 0.838084 0.027032 0.025356
0 0.469328 0.285036 0.036492 0.035024
0 0.440665 0.227272 0.044329 0.043243
0 0.454979 0.436026 0.033213 0.030966
0 0.893041 0.115356 0.032963 0.033490
0 0.065662 0.629928 0.045123 0.041996
0 0.749044 0.704034 0.053101 0.049965
0 0.497662 0.413802 0.042486 0.040358
0 0.495427 0.012033 0.023453 0.022864
0 0.621873 0.125811 0.024154 0.023151
0 0.124557 0.144544 0.029157 0.027739
0 0.402575 0.023933 0.037638 0.038915
0 0.053604 0.597332 0.031483 0.029670
0 0.894039 0.299986 0.029015 0.027981
0 0.191549 0.213455 0.382255 0.420300
0 0.512586 0.113220 0.040406 0.037971
0 0.256709 0.773596 0.026592 0.026417
0 0.791857 0.780069 0.032574 0.030372
0 0.073397 0.741918 0.146697 0.214747
0 0.606367 0.758844 0.024574 0.023577
0 0.596667 0.537451 0.202841 0.210810
0 0.537436 0.730458 0.022598 0.021920
0 0.386825 0.005404 0.030046 0.010807
0 0.989724 0.977225 0.020552 0.035995
0 0.481179 0.893482 0.037476 0.036221
0 0.485505 0.781217 0.033853 0.032511
0 0.851428 0.327379 0.029672 0.029829
0 0.281350 0.798255 0.047903 0.045394
0 0.867133 0.565511 0.024453 0.023727