0 0.382270 0.919376 0.067336 0.066296
0 0.933323 0.288478 0.029266 0.029062
0 0.308632 0.074176 0.034448 0.034214
0 0.050052 0.422579 0.042901 0.042193
0 0.346560 0.237129 0.054326 0.053333
0 0.377681 0.511051 0.037307 0.036868
0 0.800862 0.212559 0.028524 0.028515
0 0.663723 0.840882 0.029433 0.029621
0 0.364438 0.264556 0.027888 0.028064
0 0.880686 0.381301 0.023492 0.023662
0 0.849781 0.922651 0.023655 0.023701
0 0.249962 0.980034 0.046583 0.039845
0 0.890323 0.045437 0.022624 0.022424
0 0.837024 0.061675 0.025114 0.025107
0 0.040464 0.173635 0.026344 0.026289
0 0.492961 0.931646 0.026077 0.025882
0 0.666935 0.749693 0.026690 0.025818
0 0.925571 0.629355 0.027217 0.027820
0 0.275552 0.612961 0.049622 0.049684
0 0.305251 0.293821 0.023669 0.023115
0 0.294637 0.018043 0.019736 0.019765
0 0.120906 0.570999 0.023668 0.023850
0 0.267646 0.782837 0.030310 0.031427
0 0.579285 0.266503 0.021650 0.021526
0 0.803423 0.190937 0.026764 0.025653
0 0.031782 0.324717 0.056079 0.051387
0 0.054350 0.727338 0.093051 0.091629
0 0.606297 0.589471 0.025313 0.025369
0 0.563605 0.992335 0.026176 0.015108
0 0.803260 0.821022 0.023705 0.023837
0 0.603756 0.417554 0.027785 0.027965
0 0.427718 0.367486 0.024828 0.024735
0 0.837461 0.242356 0.016701 0.016406
0 0.080702 0.572563 0.043925 0.044100
0 0.308473 0.708837 0.036075 0.036234