0 0.537334 0.237745 0.272807 0.274472
0 0.662422 0.490011 0.130599 0.131088
0 0.926298 0.229815 0.049402 0.048436
0 0.315177 0.243611 0.044406 0.043005
0 0.041385 0.308531 0.038862 0.038578
0 0.164816 0.250653 0.055528 0.054896
0 0.133067 0.096045 0.054225 0.054170
0 0.725759 0.985763 0.030289 0.028475
0 0.085060 0.172224 0.035970 0.035325
0 0.499139 0.049027 0.040676 0.038407
0 0.538444 0.978882 0.051202 0.042236
0 0.453025 0.647164 0.031611 0.031282
0 0.571742 0.587687 0.033156 0.032656
0 0.239568 0.445957 0.049052 0.048779
0 0.516871 0.688100 0.051983 0.051386
0 0.588303 0.927323 0.030473 0.029848
0 0.053162 0.142015 0.029029 0.029140
0 0.132306 0.978364 0.139047 0.043272
0 0.754211 0.353441 0.094763 0.095080
0 0.398134 0.318854 0.034185 0.033725
0 0.145828 0.638664 0.033419 0.033345
0 0.650399 0.392321 0.028309 0.028638
0 0.685377 0.642648 0.030924 0.031443
0 0.915978 0.840935 0.167341 0.318129
0 0.980780 0.149359 0.038439 0.044832
0 0.508703 0.454250 0.030970 0.030380
0 0.659043 0.630715 0.032021 0.031990
0 0.775964 0.228759 0.028324 0.028342
0 0.325175 0.949039 0.029116 0.028763
0 0.881137 0.359609 0.038200 0.038753
0 0.188273 0.681896 0.030438 0.029612
0 0.569707 0.817828 0.031118 0.031324
0 0.238681 0.142038 0.030865 0.030327
0 0.277613 0.010968 0.070035 0.021680
0 0.273118 0.934753 0.038147 0.036931
0 0.146589 0.387069 0.098182 0.096545
0 0.572315 0.669778 0.081876 0.081924
0 0.329799 0.160446 0.032889 0.032112
0 0.279618 0.766566 0.027476 0.027375
0 0.478312 0.855277 0.025396 0.025365
0 0.923054 0.113479 0.071193 0.071222
0 0.362609 0.291462 0.032182 0.032024
0 0.180665 0.041907 0.147745 0.083815
0 0.550191 0.539889 0.024622 0.024393
0 0.275943 0.085829 0.067258 0.065850
0 0.049533 0.175043 0.039603 0.039080
0 0.490901 0.525882 0.026034 0.025841
0 0.290365 0.208183 0.041991 0.041174
0 0.103978 0.212404 0.077094 0.073165
0 0.185303 0.175956 0.043767 0.042826
0 0.384213 0.750049 0.028391 0.027760
0 0.913449 0.120231 0.087069 0.084152
0 0.593959 0.110814 0.028234 0.026246
0 0.173437 0.654253 0.032233 0.031952
0 0.474364 0.919492 0.146526 0.142985
0 0.326469 0.549528 0.063980 0.060511
0 0.679733 0.374241 0.029294 0.028502
0 0.503917 0.218324 0.033332 0.032788