0 0.658772 0.237867 0.097474 0.076120
0 0.184025 0.416805 0.067819 0.048320
0 0.983002 0.058382 0.033995 0.035441
0 0.017666 0.399111 0.035332 0.049689
0 0.464978 0.634960 0.046653 0.029955
0 0.718392 0.363488 0.035964 0.028714
0 0.164636 0.371398 0.036250 0.026694
0 0.324906 0.716004 0.070213 0.045230
0 0.527184 0.257891 0.031498 0.026760
0 0.044655 0.135383 0.043963 0.029433
0 0.607601 0.159832 0.033928 0.025880
0 0.555322 0.670797 0.035403 0.025033
0 0.469678 0.563879 0.036675 0.025717
0 0.470273 0.711163 0.087262 0.064640
0 0.151077 0.522453 0.040180 0.031420
0 0.236608 0.753730 0.135416 0.092841
0 0.272862 0.507855 0.130995 0.102569
0 0.185082 0.127573 0.210486 0.156850
0 0.183742 0.352880 0.037388 0.027127
0 0.080093 0.461166 0.109687 0.077277
0 0.202805 0.711599 0.030060 0.025637
0 0.020210 0.430693 0.036827 0.028427