0 0.926139 0.462034 0.041408 0.040414
0 0.169574 0.493598 0.039827 0.037550
0 0.921250 0.393111 0.035208 0.033082
0 0.157713 0.128652 0.040979 0.039487
0 0.207640 0.421792 0.076111 0.073531
0 0.045474 0.601393 0.061100 0.055314
0 0.935365 0.241101 0.029842 0.028605
0 0.258973 0.456408 0.032103 0.031344
0 0.554820 0.820874 0.028173 0.027472
0 0.928573 0.271234 0.033711 0.033625
0 0.074693 0.752166 0.062664 0.060918
0 0.091123 0.632437 0.033068 0.032786
0 0.445111 0.154326 0.036484 0.035444
0 0.317140 0.810830 0.065779 0.059361
0 0.320090 0.604272 0.025287 0.024878
0 0.057414 0.652806 0.048460 0.047271
0 0.223289 0.729151 0.053800 0.052452