0 0.494014 0.629085 0.043684 0.041669
0 0.300975 0.962451 0.088735 0.074842
0 0.356938 0.867780 0.065229 0.064471
0 0.951088 0.286411 0.091646 0.084609
0 0.275331 0.242965 0.033027 0.031109
0 0.944435 0.395123 0.036426 0.032091
0 0.547889 0.751066 0.048542 0.045199
0 0.727637 0.281398 0.059428 0.056593
0 0.379214 0.749760 0.237704 0.216383
0 0.371867 0.975830 0.071856 0.048339
0 0.682818 0.247489 0.062002 0.054356
0 0.678002 0.838400 0.045140 0.042720
0 0.636334 0.202093 0.049715 0.044038
0 0.417906 0.474027 0.043806 0.039375
0 0.189243 0.965424 0.092754 0.069152
0 0.459642 0.731430 0.090237 0.087433
0 0.758210 0.495569 0.093459 0.087069
0 0.634222 0.545812 0.075362 0.070449
0 0.725872 0.412908 0.071824 0.066894
0 0.436007 0.816479 0.052316 0.051055
0 0.795581 0.717527 0.077282 0.071452
0 0.739144 0.794334 0.107309 0.098095
0 0.929214 0.818130 0.077807 0.072683
0 0.374821 0.450208 0.063640 0.057096
0 0.919326 0.023759 0.067312 0.047518
0 0.825744 0.763755 0.068611 0.063711
0 0.725296 0.911716 0.091697 0.082555
0 0.780795 0.289811 0.036774 0.033110
0 0.881323 0.372239 0.051060 0.047230
0 0.774921 0.894831 0.029584 0.028366
0 0.759834 0.101113 0.043429 0.040808
0 0.156900 0.036434 0.086594 0.072219
0 0.581921 0.041008 0.060942 0.056091
0 0.095072 0.572386 0.065565 0.064713
0 0.162515 0.665535 0.058173 0.055061
0 0.343802 0.751186 0.182887 0.166733
0 0.624549 0.721410 0.169594 0.157792
0 0.970685 0.759553 0.058631 0.062360
0 0.479315 0.972485 0.093413 0.055030
0 0.144909 0.459920 0.119694 0.112845