0 0.235937 0.677039 0.049294 0.048472
0 0.034190 0.300952 0.067549 0.065612
0 0.538777 0.211377 0.035374 0.034508
0 0.167736 0.296845 0.047664 0.047406
0 0.354031 0.946818 0.037136 0.035602
0 0.634809 0.277946 0.033560 0.033600
0 0.143277 0.620181 0.035228 0.034493
0 0.492154 0.716731 0.037537 0.036512
0 0.216189 0.570758 0.031842 0.030957
0 0.155917 0.937550 0.031745 0.030291
0 0.463475 0.539303 0.047281 0.047173
0 0.592623 0.304855 0.071829 0.070267
0 0.757644 0.681925 0.032690 0.032439
0 0.990597 0.949011 0.018806 0.044758
0 0.275720 0.049111 0.027303 0.026399
0 0.270207 0.886669 0.064512 0.062508
0 0.271729 0.211004 0.027151 0.026089
0 0.359437 0.703260 0.027915 0.027791
0 0.711938 0.550306 0.047387 0.046963
0 0.128789 0.489733 0.031102 0.030433
0 0.693061 0.676100 0.081316 0.078271
0 0.430795 0.612674 0.050349 0.050006
0 0.326433 0.723236 0.033543 0.032983
0 0.716606 0.961228 0.029877 0.029111
0 0.332708 0.664728 0.024783 0.024291
0 0.655935 0.490698 0.041038 0.039451
0 0.566905 0.940201 0.095792 0.093295
0 0.738044 0.612698 0.095994 0.092944
0 0.460089 0.375694 0.024973 0.024508
0 0.484060 0.594022 0.066280 0.065507
0 0.789958 0.089212 0.047413 0.046200
0 0.728513 0.873346 0.072238 0.071460
0 0.681509 0.907465 0.035394 0.035293
0 0.784967 0.564031 0.026998 0.025649
0 0.815084 0.800848 0.025203 0.024370
0 0.676904 0.950770 0.038264 0.037463
0 0.368116 0.737956 0.045113 0.044163