0 0.782434 0.828602 0.042843 0.034686
0 0.778540 0.063296 0.042103 0.037840
0 0.261199 0.134744 0.040175 0.033936
0 0.984389 0.141864 0.031136 0.029149
0 0.554087 0.918526 0.033677 0.027970
0 0.439278 0.213916 0.028782 0.026816
0 0.273365 0.490031 0.120807 0.098775
0 0.131193 0.343110 0.032467 0.027368
0 0.700421 0.550763 0.039117 0.032985
0 0.986819 0.026006 0.026274 0.027172
0 0.743829 0.429590 0.166255 0.135467
0 0.017972 0.946304 0.035944 0.107392
0 0.994981 0.742904 0.010030 0.030001
0 0.533335 0.771101 0.026882 0.023371
0 0.801790 0.035617 0.039120 0.034625