0 0.482252 0.560667 0.042807 0.039482
0 0.604676 0.749473 0.044120 0.038207
0 0.897306 0.713689 0.205168 0.227568
0 0.274355 0.435469 0.045032 0.040278
0 0.073014 0.203393 0.046699 0.042078
0 0.151505 0.077612 0.054633 0.051531
0 0.560642 0.530751 0.089953 0.086942
0 0.550155 0.359440 0.082324 0.075136
0 0.327475 0.309711 0.057954 0.053230
0 0.676930 0.008711 0.040345 0.017399
0 0.251345 0.277060 0.046234 0.042629
0 0.709245 0.516095 0.035151 0.033367
0 0.986730 0.244227 0.026515 0.074854
0 0.119934 0.208507 0.038625 0.035517
0 0.826598 0.443214 0.034145 0.032650
0 0.285108 0.342659 0.052200 0.046341
0 0.843924 0.868243 0.034449 0.030688
0 0.769466 0.786632 0.101362 0.089917
0 0.269122 0.755777 0.523318 0.484004
0 0.775808 0.125401 0.028163 0.027417
0 0.649760 0.374858 0.038914 0.036157
0 0.982390 0.052729 0.028795 0.028285
0 0.686894 0.405390 0.054017 0.051326
0 0.589706 0.428043 0.058734 0.054977
0 0.159157 0.211989 0.218898 0.198123
0 0.966230 0.331816 0.028264 0.026907
0 0.487743 0.041188 0.030716 0.029210
0 0.127819 0.311317 0.040007 0.033925
0 0.145286 0.356144 0.031059 0.030000
0 0.489802 0.652607 0.027964 0.025151
0 0.088730 0.468850 0.177460 0.457044
0 0.348367 0.740510 0.027058 0.026155
0 0.266372 0.317104 0.046978 0.043574
0 0.828131 0.041607 0.024852 0.024544
0 0.815772 0.239112 0.024963 0.024451
0 0.029963 0.823231 0.029917 0.028601
0 0.065774 0.760630 0.119231 0.098697
0 0.816392 0.081989 0.025296 0.024483
0 0.125847 0.156897 0.030230 0.028360