0 0.602368 0.304035 0.082355 0.082456
0 0.666197 0.447366 0.065118 0.064404
0 0.473992 0.650530 0.072393 0.072450
0 0.380184 0.578889 0.070222 0.070152
0 0.654588 0.975166 0.050721 0.047347
0 0.976884 0.795656 0.045952 0.045800
0 0.442350 0.695136 0.075247 0.075614
0 0.407319 0.526810 0.043196 0.043937
0 0.290621 0.802086 0.039134 0.039428
0 0.279101 0.448144 0.039976 0.040203
0 0.739376 0.303786 0.040254 0.039980
0 0.499409 0.808655 0.037379 0.036353
0 0.519373 0.588722 0.044070 0.044841
0 0.610875 0.695387 0.035957 0.036004
0 0.524157 0.665016 0.045539 0.044364
0 0.259823 0.855362 0.035111 0.035130
0 0.267560 0.510779 0.042201 0.041549
0 0.210028 0.938380 0.033059 0.033440
0 0.329919 0.928378 0.031382 0.031112
0 0.928293 0.184001 0.031166 0.030789
0 0.266751 0.410783 0.032863 0.032144
0 0.602177 0.405362 0.041266 0.040471
0 0.817343 0.881467 0.039359 0.038472
0 0.726612 0.941469 0.042812 0.041806
0 0.599594 0.083661 0.027373 0.026907
0 0.624300 0.773094 0.034407 0.033760
0 0.712586 0.018358 0.035264 0.034389
0 0.514002 0.530836 0.047969 0.047396
0 0.254683 0.544404 0.029464 0.029364
0 0.548658 0.956737 0.028411 0.028477
0 0.560495 0.731709 0.044953 0.044612
0 0.263136 0.921537 0.029975 0.030225
0 0.808274 0.989506 0.031404 0.020848
0 0.039152 0.524808 0.028952 0.028549
0 0.747820 0.972441 0.039974 0.037875
0 0.699622 0.967475 0.037444 0.036288
0 0.636271 0.719487 0.033264 0.032926
0 0.199281 0.985925 0.028648 0.027770
0 0.620115 0.489398 0.034448 0.034641
0 0.675522 0.565142 0.032077 0.031831
0 0.875977 0.163657 0.032792 0.032548
0 0.981418 0.628098 0.037164 0.045258
0 0.592156 0.753629 0.029322 0.029701
0 0.231370 0.374145 0.024689 0.025094
0 0.195101 0.451766 0.024391 0.024220
0 0.368875 0.026005 0.077365 0.051735
0 0.203298 0.666603 0.146295 0.142865
0 0.128246 0.770020 0.042304 0.041253