0 0.295516 0.173549 0.087532 0.084144
0 0.162669 0.638302 0.132052 0.130225
0 0.301794 0.911345 0.056141 0.053727
0 0.578932 0.683727 0.045178 0.044255
0 0.223386 0.272542 0.048307 0.046780
0 0.877525 0.717739 0.050299 0.050863
0 0.239850 0.555218 0.040196 0.038624
0 0.346535 0.825720 0.034592 0.031945
0 0.724605 0.927133 0.070455 0.067716
0 0.549396 0.333784 0.047298 0.046883
0 0.614108 0.213259 0.033686 0.032117
0 0.657477 0.340830 0.044719 0.044530
0 0.882370 0.953819 0.031866 0.031226
0 0.254241 0.938759 0.043395 0.041566
0 0.519343 0.246095 0.035816 0.034613
0 0.486589 0.422136 0.033693 0.032865
0 0.436893 0.914011 0.037197 0.036589
0 0.381952 0.704520 0.032494 0.031800
0 0.037294 0.911822 0.069776 0.068511
0 0.565403 0.011288 0.042488 0.022388
0 0.555356 0.271890 0.032316 0.030554
0 0.303425 0.283731 0.031170 0.029761
0 0.353871 0.634722 0.033647 0.032319
0 0.391929 0.542006 0.029247 0.027615
0 0.249532 0.783465 0.033094 0.031040
0 0.643175 0.827814 0.032419 0.031385
0 0.053064 0.265520 0.041309 0.039171
0 0.645942 0.046319 0.039010 0.038531
0 0.055752 0.729542 0.111504 0.224941
0 0.212246 0.143649 0.033594 0.032601
0 0.170453 0.481307 0.027917 0.026305
0 0.597165 0.534369 0.025185 0.025359
0 0.333712 0.254334 0.027200 0.026555
0 0.335778 0.786466 0.028712 0.027760
0 0.846505 0.055079 0.043094 0.040090
0 0.357333 0.676918 0.029021 0.028691
0 0.436618 0.659010 0.092869 0.090985
0 0.933247 0.797925 0.028588 0.028248
0 0.288525 0.029088 0.109400 0.058175
0 0.085585 0.564268 0.027308 0.027066
0 0.839887 0.522103 0.048687 0.045188
0 0.344124 0.499814 0.028158 0.027395
0 0.950284 0.244831 0.025701 0.024591
0 0.699641 0.128340 0.029487 0.029369
0 0.483118 0.887718 0.027096 0.027132
0 0.935198 0.067677 0.042690 0.040872
0 0.974078 0.970639 0.051845 0.058723
0 0.623559 0.705574 0.032145 0.031486
0 0.841992 0.515357 0.059285 0.056752
0 0.629485 0.635230 0.031748 0.030461
0 0.256296 0.987452 0.029875 0.024627
0 0.009930 0.603723 0.019859 0.031931
0 0.311474 0.845650 0.033924 0.033311
0 0.825782 0.711670 0.030569 0.030816
0 0.750387 0.170754 0.076322 0.073853
0 0.057267 0.480511 0.104118 0.102334
0 0.135290 0.848826 0.026664 0.025181
0 0.730679 0.608211 0.042785 0.041861
0 0.990500 0.472494 0.019000 0.026430
0 0.890211 0.598570 0.217519 0.278481
0 0.604819 0.653090 0.028785 0.029001
0 0.059763 0.701187 0.119526 0.301129
0 0.268598 0.190127 0.025412 0.025782
0 0.564073 0.361508 0.025075 0.025230