0 0.015723 0.499037 0.031446 0.039086
0 0.493363 0.113360 0.072943 0.072436
0 0.479643 0.158601 0.068081 0.065639
0 0.101243 0.321951 0.035784 0.033607
0 0.315096 0.144041 0.036562 0.036738
0 0.211106 0.329378 0.029960 0.030385
0 0.504084 0.072231 0.039438 0.037307
0 0.538117 0.893007 0.028403 0.028043
0 0.275227 0.974403 0.052091 0.049626
0 0.056629 0.117710 0.028168 0.027898
0 0.470126 0.222083 0.060414 0.055541
0 0.470681 0.213392 0.065788 0.064206
0 0.326280 0.352664 0.027732 0.027407
0 0.070731 0.247800 0.037817 0.037392
0 0.343346 0.111302 0.027945 0.026729
0 0.216178 0.196695 0.081263 0.082847
0 0.005431 0.129330 0.010861 0.027327