0 0.594459 0.463121 0.067995 0.068530
0 0.392561 0.376050 0.129300 0.125707
0 0.193783 0.113790 0.039638 0.038882
0 0.166048 0.272255 0.024154 0.024069
0 0.065231 0.851883 0.064139 0.061559
0 0.489775 0.877891 0.040844 0.040869
0 0.017009 0.115025 0.030843 0.030928
0 0.662928 0.145774 0.043109 0.042069
0 0.508829 0.972711 0.059563 0.054517
0 0.414839 0.208935 0.061772 0.060994
0 0.904508 0.111888 0.039882 0.039118
0 0.643080 0.297645 0.042050 0.041448
0 0.465100 0.337258 0.034360 0.033510
0 0.986767 0.825874 0.026465 0.041862
0 0.345033 0.801524 0.034606 0.033511
0 0.507009 0.920532 0.033735 0.033472
0 0.429906 0.909536 0.079129 0.075918
0 0.836271 0.680095 0.037406 0.037009
0 0.335714 0.007209 0.044766 0.014394
0 0.446507 0.076646 0.024128 0.023472
0 0.898293 0.770592 0.022165 0.021885
0 0.616179 0.691259 0.021696 0.021563
0 0.501706 0.152317 0.031948 0.030445
0 0.431821 0.871399 0.074694 0.072297
0 0.182759 0.209188 0.029997 0.029714
0 0.359546 0.877822 0.028930 0.028701
0 0.962836 0.881830 0.031747 0.031590
0 0.597380 0.529690 0.028666 0.028355
0 0.279689 0.264621 0.022685 0.023223
0 0.850849 0.081035 0.028864 0.029578
0 0.822705 0.232877 0.027435 0.026827
0 0.277899 0.666341 0.025139 0.026192
0 0.516989 0.813937 0.032770 0.032548
0 0.553899 0.984594 0.047916 0.030435
0 0.432004 0.897667 0.086155 0.095661
0 0.136130 0.214692 0.017698 0.017777
0 0.304857 0.867703 0.026447 0.026377
0 0.610743 0.975908 0.069591 0.047289
0 0.494646 0.715825 0.036025 0.036294
0 0.435047 0.312813 0.031266 0.030702
0 0.336073 0.276988 0.025685 0.025618
0 0.202542 0.730010 0.042340 0.042652
0 0.961202 0.451981 0.030794 0.030210
0 0.894989 0.645983 0.020110 0.020371
0 0.226525 0.009684 0.028957 0.019297
0 0.519054 0.843838 0.019060 0.018862
0 0.693919 0.208339 0.040681 0.040434
0 0.735145 0.763435 0.040229 0.040682
0 0.579533 0.251798 0.051169 0.050555
0 0.182630 0.323725 0.031514 0.031088
0 0.365912 0.162909 0.046124 0.045103
0 0.497624 0.395649 0.025343 0.025519
0 0.074338 0.488770 0.030409 0.030074
0 0.133565 0.394003 0.027637 0.027965
0 0.699279 0.471732 0.017924 0.017805
0 0.826538 0.616235 0.027053 0.027239
0 0.731836 0.229087 0.031228 0.030600