0 0.635887 0.083543 0.068155 0.067286
0 0.173296 0.068201 0.085402 0.084024
0 0.196098 0.516884 0.083983 0.083201
0 0.738555 0.151881 0.040859 0.040418
0 0.737806 0.567966 0.035088 0.034911
0 0.090701 0.762699 0.044433 0.043768
0 0.944324 0.021317 0.053812 0.042230
0 0.230848 0.792655 0.031612 0.031107
0 0.846464 0.278622 0.031149 0.031006
0 0.953232 0.591390 0.033988 0.033311
0 0.867746 0.977576 0.031637 0.030029
0 0.144978 0.510713 0.034441 0.032785
0 0.592219 0.563332 0.031386 0.029805
0 0.081969 0.134755 0.033079 0.032110
0 0.481775 0.136910 0.028333 0.027775
0 0.301517 0.304412 0.029311 0.028691
0 0.488608 0.594507 0.034949 0.035198
0 0.219395 0.328230 0.061846 0.060166
0 0.964148 0.437297 0.026734 0.026863
0 0.295352 0.388359 0.029307 0.028275
0 0.733971 0.300744 0.033039 0.031637
0 0.249820 0.192652 0.032299 0.032503
0 0.827621 0.367075 0.032518 0.032761
0 0.782892 0.424267 0.026864 0.026128
0 0.423443 0.293712 0.031379 0.032047
0 0.119795 0.519852 0.026436 0.027801
0 0.133154 0.148003 0.028117 0.027393
0 0.957549 0.101239 0.025201 0.025101
0 0.014711 0.538416 0.028772 0.050073
0 0.680666 0.230350 0.638667 0.460701