0 0.782259 0.471945 0.090086 0.090162
0 0.108273 0.621944 0.097463 0.098273
0 0.221543 0.610024 0.037875 0.037880
0 0.573858 0.464735 0.044174 0.041921
0 0.550987 0.973659 0.036097 0.033502
0 0.895545 0.276883 0.031838 0.031562
0 0.682167 0.678232 0.035910 0.034257
0 0.622243 0.112869 0.033183 0.032742
0 0.564936 0.806696 0.037260 0.035981
0 0.522598 0.860350 0.033890 0.032980
0 0.977002 0.753843 0.034166 0.034000
0 0.426407 0.385049 0.032206 0.030945
0 0.037156 0.463037 0.028168 0.027276
0 0.744391 0.178382 0.031706 0.032160
0 0.959510 0.174576 0.027408 0.027022
0 0.386332 0.854173 0.032357 0.031487
0 0.742850 0.721059 0.038143 0.036694
0 0.412692 0.960621 0.047788 0.046127
0 0.907142 0.117830 0.023483 0.023192
0 0.784119 0.964196 0.028405 0.027904
0 0.725195 0.307476 0.027339 0.027052
0 0.398241 0.077658 0.037733 0.037174
0 0.739254 0.644707 0.038029 0.037864
0 0.971174 0.599515 0.029079 0.028476
0 0.441836 0.878811 0.031642 0.029857
0 0.703397 0.299287 0.023324 0.022910
0 0.384455 0.989722 0.057045 0.020528
0 0.423413 0.084134 0.024548 0.024529
0 0.814808 0.219226 0.040682 0.038803
0 0.869608 0.037944 0.024165 0.025157
0 0.312066 0.318097 0.053679 0.051483
0 0.318983 0.931492 0.026544 0.025490
0 0.867983 0.209380 0.034117 0.033810
0 0.993616 0.862693 0.012767 0.044355
0 0.581915 0.088187 0.027386 0.026928
0 0.658159 0.767058 0.028813 0.027394
0 0.875140 0.591439 0.033371 0.033674
0 0.329839 0.496116 0.026834 0.025680
0 0.627110 0.787969 0.026953 0.025994
0 0.199076 0.850657 0.026682 0.027026
0 0.065894 0.845060 0.024032 0.023660
0 0.548583 0.389774 0.023777 0.024147
0 0.006249 0.309738 0.012400 0.036351
0 0.296351 0.281136 0.038138 0.037076
0 0.730375 0.075500 0.058252 0.057506
0 0.847178 0.044212 0.037562 0.038873
0 0.618403 0.611705 0.039666 0.038553
0 0.900972 0.929463 0.033353 0.032648
0 0.075304 0.990506 0.039923 0.018858