0 0.940955 0.528206 0.099300 0.098201
0 0.887536 0.591517 0.038771 0.038106
0 0.894581 0.107886 0.040359 0.040300
0 0.898831 0.895023 0.040038 0.038961
0 0.309778 0.938397 0.036839 0.037159
0 0.138099 0.111436 0.031211 0.030847
0 0.887850 0.955151 0.077343 0.077514
0 0.855458 0.337396 0.052111 0.050275
0 0.821274 0.370110 0.035166 0.034169
0 0.035082 0.125368 0.034935 0.033973
0 0.829227 0.231324 0.030597 0.030231
0 0.547321 0.278337 0.448035 0.401813
0 0.800773 0.594208 0.029067 0.028032
0 0.763330 0.937106 0.193011 0.125788
0 0.509077 0.091972 0.033117 0.033005
0 0.009508 0.381078 0.018649 0.030953
0 0.873766 0.484270 0.025827 0.025425
0 0.618916 0.099849 0.129229 0.123353
0 0.473429 0.135109 0.031744 0.031590
0 0.418451 0.891278 0.029361 0.029026
0 0.862816 0.555956 0.029620 0.029667
0 0.186861 0.916531 0.027883 0.027893
0 0.606464 0.279288 0.360482 0.372521
0 0.676946 0.057465 0.038548 0.038087
0 0.271404 0.039524 0.034081 0.033963
0 0.940533 0.397018 0.118935 0.191305
0 0.208162 0.931593 0.045455 0.044459
0 0.220693 0.285877 0.066549 0.069114
0 0.720586 0.019436 0.048693 0.038786
0 0.686714 0.519862 0.040990 0.044701
0 0.829838 0.784230 0.026711 0.025921
0 0.994540 0.493514 0.010884 0.031111