0 0.567697 0.115630 0.296094 0.231260
0 0.903529 0.085148 0.192023 0.170296
0 0.622153 0.902147 0.081812 0.076458
0 0.151847 0.083760 0.053772 0.052394
0 0.408074 0.131334 0.057199 0.057508
0 0.234970 0.025680 0.064296 0.051361
0 0.782696 0.086101 0.072604 0.072518
0 0.089851 0.427798 0.051191 0.050327
0 0.899309 0.240061 0.112713 0.115591
0 0.169207 0.456428 0.056372 0.056685
0 0.058389 0.339864 0.086436 0.085416
0 0.883476 0.512692 0.066663 0.067371
0 0.030484 0.258158 0.044497 0.043402
0 0.322852 0.471324 0.030239 0.029892
0 0.554817 0.037261 0.084180 0.074330
0 0.020949 0.637032 0.041791 0.065092
0 0.253299 0.529525 0.063786 0.060920
0 0.636396 0.022668 0.030932 0.029589
0 0.591635 0.595253 0.042843 0.040069
0 0.564780 0.241593 0.036430 0.034729
0 0.521947 0.474630 0.042920 0.042898
0 0.687811 0.960567 0.100436 0.078815
0 0.810654 0.371305 0.051245 0.049576
0 0.260322 0.298692 0.027713 0.026616
0 0.814564 0.551608 0.026841 0.026446
0 0.642504 0.866814 0.402837 0.264077
0 0.039113 0.048539 0.075762 0.095261
0 0.254925 0.391757 0.136288 0.132229
0 0.609373 0.556633 0.052523 0.047973
0 0.956157 0.580934 0.087685 0.256267
0 0.563053 0.936698 0.157273 0.124730
0 0.389051 0.927890 0.202166 0.144220
0 0.964867 0.196187 0.069516 0.201890
0 0.019217 0.609057 0.032336 0.030498
0 0.564884 0.866656 0.555747 0.266688
0 0.244385 0.076777 0.033375 0.031378
0 0.460571 0.193518 0.024379 0.023399
0 0.092594 0.916394 0.071589 0.066439