0 0.796562 0.951346 0.138770 0.096783
0 0.613040 0.914605 0.035347 0.035161
0 0.019649 0.540150 0.039297 0.041283
0 0.491072 0.855970 0.031375 0.029681
0 0.162999 0.587093 0.033920 0.031548
0 0.914426 0.225858 0.029109 0.028955
0 0.029622 0.836487 0.027404 0.026842
0 0.382584 0.985444 0.079616 0.029113
0 0.496606 0.961695 0.046043 0.043846
0 0.130125 0.765392 0.026386 0.025564
0 0.489093 0.958879 0.057178 0.052286
0 0.481449 0.954119 0.057747 0.050271
0 0.038671 0.904954 0.025170 0.024922
0 0.174486 0.564037 0.025617 0.024349
0 0.015929 0.715261 0.031478 0.033318
0 0.474658 0.951522 0.045110 0.044933