0 0.259800 0.859310 0.046836 0.043136
0 0.245373 0.301324 0.067826 0.061918
0 0.118070 0.897290 0.043185 0.039019
0 0.397805 0.321889 0.040073 0.034879
0 0.249633 0.344898 0.035441 0.031491
0 0.285089 0.922150 0.040973 0.038365
0 0.571211 0.642756 0.032708 0.029154
0 0.164905 0.200700 0.036926 0.032435
0 0.108287 0.354077 0.216575 0.385565
0 0.916468 0.061680 0.037067 0.034789
0 0.808337 0.340176 0.032774 0.028957
0 0.038690 0.048078 0.077380 0.095920
0 0.191690 0.732194 0.027042 0.024923
0 0.730242 0.546306 0.024998 0.022664
0 0.362976 0.092943 0.031812 0.030273
0 0.316410 0.735389 0.033799 0.031295