0 0.321702 0.498527 0.035094 0.031099
0 0.844341 0.573337 0.039351 0.032657
0 0.880626 0.257449 0.095695 0.077132
0 0.976018 0.084232 0.042813 0.034218
0 0.774337 0.074326 0.086869 0.073088
0 0.937128 0.101586 0.065105 0.052527
0 0.983597 0.206955 0.032806 0.059258
0 0.949583 0.229814 0.048527 0.039100
0 0.849987 0.655163 0.032426 0.028014
0 0.876623 0.019961 0.055989 0.039923
0 0.244926 0.373924 0.029453 0.026900
0 0.854030 0.928201 0.035904 0.032914
0 0.856604 0.318997 0.046249 0.037413
0 0.819874 0.268140 0.040857 0.033461
0 0.785263 0.316664 0.096047 0.077512
0 0.918102 0.354958 0.051949 0.041039
0 0.906492 0.716956 0.030246 0.026386
0 0.729211 0.005634 0.047350 0.010886
0 0.814486 0.016509 0.079419 0.032528
0 0.016108 0.585632 0.031966 0.057321
0 0.740935 0.097548 0.030523 0.025842
0 0.878725 0.900693 0.034082 0.028740