0 0.972907 0.785412 0.048786 0.046081
0 0.533085 0.129683 0.046251 0.044800
0 0.841366 0.969641 0.046648 0.043483
0 0.914068 0.981587 0.033654 0.030790
0 0.612532 0.327120 0.029931 0.028816
0 0.389034 0.761024 0.029135 0.028730
0 0.474356 0.871678 0.029407 0.027604
0 0.831959 0.930516 0.026891 0.024741
0 0.882653 0.969065 0.036359 0.032305
0 0.042889 0.113132 0.085584 0.127394
0 0.613520 0.888952 0.029180 0.027693
0 0.527892 0.596619 0.027154 0.025580
0 0.832201 0.780267 0.028237 0.026429
0 0.388185 0.862718 0.026007 0.025608
0 0.016069 0.246162 0.032138 0.172930
0 0.267592 0.878342 0.025557 0.024707
0 0.989084 0.111194 0.021342 0.030981
0 0.365731 0.623350 0.030675 0.029120
0 0.599717 0.097813 0.063224 0.058713
0 0.602612 0.129231 0.068405 0.064321
0 0.773229 0.990322 0.023017 0.019356
0 0.509469 0.359771 0.038083 0.036900