0 0.399353 0.620841 0.277230 0.233022
0 0.635457 0.334863 0.063922 0.055079
0 0.700787 0.282794 0.119811 0.100104
0 0.809014 0.106510 0.153432 0.128944
0 0.240553 0.784112 0.039678 0.032457
0 0.815693 0.896934 0.044500 0.035953
0 0.671848 0.403783 0.063501 0.054873
0 0.600842 0.420089 0.042191 0.034651
0 0.649265 0.173112 0.052164 0.047130
0 0.113984 0.839523 0.227635 0.298811
0 0.045692 0.960881 0.090986 0.078238
0 0.335426 0.632512 0.035997 0.031598
0 0.733598 0.050331 0.043300 0.036871
0 0.549389 0.097481 0.084811 0.072245
0 0.182687 0.700371 0.106591 0.089563
0 0.161748 0.392404 0.154100 0.120096
0 0.716375 0.717984 0.038858 0.033288
0 0.368046 0.427165 0.050644 0.043015
0 0.743940 0.008848 0.036885 0.017625
0 0.725177 0.887105 0.030745 0.027115
0 0.976717 0.408062 0.046011 0.054179
0 0.294851 0.335913 0.042944 0.035793
0 0.661433 0.105832 0.036763 0.030450
0 0.556706 0.215650 0.037459 0.034064
0 0.604096 0.509317 0.056130 0.048948
0 0.539477 0.100993 0.103312 0.086197
0 0.314630 0.458498 0.069256 0.059792
0 0.838140 0.022171 0.045140 0.041513
0 0.787413 0.940722 0.269436 0.117609
0 0.934760 0.057971 0.036776 0.033204
0 0.973193 0.579001 0.032331 0.027881
0 0.508110 0.876586 0.082769 0.072002
0 0.108362 0.401519 0.066669 0.058176
0 0.894530 0.303348 0.049879 0.042167
0 0.238566 0.653647 0.032260 0.026927
0 0.809477 0.510567 0.056896 0.048849
0 0.063711 0.315555 0.123740 0.117521
0 0.263953 0.255837 0.364063 0.291921
0 0.986545 0.974154 0.026910 0.046070
0 0.366043 0.054621 0.031631 0.029048
0 0.557662 0.167838 0.069390 0.062525
0 0.154851 0.263652 0.039321 0.034805
0 0.023804 0.314887 0.047607 0.054480
0 0.199150 0.423582 0.042516 0.035531
0 0.309517 0.449381 0.081928 0.070644
0 0.890249 0.574396 0.219503 0.241919
0 0.114210 0.398353 0.075938 0.073663
0 0.094596 0.459858 0.055983 0.048787