0 0.064775 0.096014 0.075658 0.073240
0 0.132157 0.474555 0.034315 0.033499
0 0.052029 0.860505 0.058990 0.053637
0 0.656856 0.553851 0.036119 0.034458
0 0.022976 0.021293 0.045951 0.041578
0 0.192700 0.059960 0.031655 0.030479
0 0.649328 0.121443 0.041224 0.040049
0 0.035091 0.811061 0.045713 0.041478
0 0.452350 0.477798 0.181672 0.181997
0 0.540230 0.778583 0.108063 0.105697
0 0.009920 0.212912 0.019840 0.052431
0 0.139140 0.153808 0.028791 0.028934
0 0.103638 0.722602 0.110951 0.104116
0 0.097904 0.745332 0.027442 0.027446
0 0.640207 0.058672 0.078563 0.079864
0 0.951230 0.014133 0.029993 0.028213
0 0.240728 0.452149 0.101387 0.101315
0 0.853836 0.974323 0.057912 0.049852
0 0.423869 0.352335 0.074304 0.072985
0 0.097087 0.812431 0.037380 0.034311
0 0.624218 0.325831 0.100861 0.098572
0 0.370199 0.965785 0.025561 0.024686
0 0.103152 0.857037 0.037274 0.034632
0 0.133876 0.421317 0.057267 0.056389
0 0.768251 0.654182 0.027057 0.025662
0 0.084509 0.140118 0.027011 0.026293
0 0.323928 0.982210 0.048589 0.035580
0 0.315315 0.091713 0.066828 0.068353
0 0.088094 0.028484 0.028681 0.027255
0 0.963288 0.056093 0.073424 0.080888
0 0.903832 0.650032 0.027902 0.026632
0 0.036640 0.768777 0.053189 0.050401
0 0.417334 0.793862 0.150456 0.144841
0 0.086004 0.025125 0.036141 0.032748