0 0.336784 0.791182 0.087753 0.073706
0 0.739027 0.609759 0.172159 0.129519
0 0.141421 0.732753 0.199401 0.166362
0 0.644029 0.477007 0.106400 0.088475
0 0.490065 0.684679 0.109744 0.084916
0 0.142143 0.616712 0.100043 0.080200
0 0.536536 0.826992 0.049210 0.039074
0 0.643133 0.388110 0.161444 0.124049
0 0.795560 0.985126 0.048905 0.029748
0 0.447998 0.968442 0.057213 0.045799
0 0.666474 0.203701 0.051524 0.042201
0 0.329495 0.655956 0.237152 0.210106
0 0.846230 0.871441 0.042080 0.031813
0 0.190165 0.133972 0.046221 0.036634
0 0.269770 0.517834 0.066692 0.056658
0 0.720012 0.497604 0.055753 0.044163
0 0.705584 0.085024 0.034158 0.029324
0 0.036249 0.853504 0.064374 0.057405
0 0.159760 0.800504 0.061061 0.049760
0 0.912631 0.052797 0.039119 0.032082
0 0.820759 0.943341 0.042241 0.034638
0 0.744846 0.154536 0.185381 0.150414
0 0.898624 0.650780 0.077422 0.056652
0 0.412648 0.131323 0.065170 0.053850
0 0.138081 0.992345 0.044727 0.015309
0 0.899303 0.517914 0.055667 0.039413
0 0.278185 0.736730 0.053567 0.044746
0 0.011376 0.078735 0.022645 0.038917
0 0.953424 0.306643 0.036120 0.031413
0 0.818205 0.009359 0.045628 0.018719
0 0.550916 0.340041 0.035084 0.030232
0 0.755152 0.694307 0.057615 0.044802
0 0.739885 0.549661 0.092313 0.063468
0 0.028976 0.106233 0.047523 0.038291
0 0.983429 0.762046 0.033142 0.175812
0 0.983082 0.696281 0.033836 0.045371
0 0.421955 0.389784 0.044480 0.035837
0 0.778647 0.350582 0.217481 0.157322
0 0.801862 0.356646 0.030039 0.024547
0 0.857699 0.990273 0.030125 0.019264
0 0.333338 0.896240 0.029949 0.026149
0 0.241645 0.838774 0.161915 0.129051