0 0.924900 0.802706 0.057126 0.046884
0 0.470670 0.318498 0.044897 0.039188
0 0.711215 0.012683 0.034728 0.025366
0 0.584496 0.983871 0.052324 0.032257
0 0.926047 0.023676 0.054308 0.047352
0 0.764114 0.681130 0.035620 0.028681
0 0.166722 0.624255 0.122873 0.102950
0 0.285431 0.538840 0.062739 0.050731
0 0.572133 0.627658 0.036771 0.030429
0 0.145493 0.163414 0.030766 0.028089
0 0.721161 0.040988 0.028033 0.026779
0 0.262337 0.018112 0.028741 0.026252
0 0.117263 0.346987 0.033274 0.029795
0 0.254818 0.714479 0.034188 0.026565
0 0.880117 0.082253 0.030366 0.028384
0 0.384764 0.614868 0.043713 0.033243
0 0.521254 0.869376 0.035395 0.027693
0 0.393857 0.955846 0.031800 0.025557
0 0.582744 0.191739 0.025675 0.023716
0 0.569390 0.512274 0.030812 0.026826
0 0.465051 0.796293 0.029494 0.024426
0 0.061411 0.185024 0.071751 0.062097
0 0.750946 0.542765 0.031615 0.024546
0 0.011115 0.539323 0.022230 0.022531
0 0.657398 0.221385 0.024566 0.022534
0 0.033626 0.369972 0.067251 0.083975
0 0.451729 0.867921 0.029242 0.022991