0 0.432701 0.453178 0.068859 0.067893
0 0.159496 0.279992 0.062896 0.062045
0 0.357750 0.202403 0.054308 0.053247
0 0.625000 0.862013 0.045448 0.045166
0 0.502800 0.637584 0.037579 0.036963
0 0.042676 0.329849 0.040647 0.039125
0 0.553208 0.591554 0.036977 0.035452
0 0.597803 0.887807 0.033838 0.032763
0 0.042634 0.384093 0.032219 0.031197
0 0.692513 0.907048 0.061311 0.059550
0 0.238836 0.531570 0.030791 0.029724
0 0.278634 0.227315 0.042295 0.041361
0 0.430044 0.204020 0.057648 0.056093
0 0.504731 0.726047 0.038003 0.037677
0 0.136698 0.078760 0.032484 0.032036
0 0.186526 0.109099 0.164611 0.154377
0 0.303994 0.129400 0.034125 0.032904
0 0.566646 0.051043 0.030470 0.029134
0 0.177421 0.191457 0.037588 0.036561
0 0.601424 0.229375 0.026767 0.026230
0 0.474951 0.222231 0.028020 0.027248
0 0.132393 0.246024 0.028316 0.027225
0 0.824253 0.829195 0.085596 0.080707
0 0.628059 0.298728 0.026439 0.026184
0 0.828307 0.388793 0.028559 0.027804
0 0.962404 0.923898 0.035266 0.032968
0 0.146847 0.894342 0.024282 0.024594
0 0.406338 0.630205 0.025121 0.024777
0 0.682303 0.875526 0.025320 0.024963
0 0.653988 0.741690 0.029128 0.028420
0 0.080288 0.053658 0.030693 0.029535
0 0.502692 0.168259 0.031474 0.031832
0 0.112623 0.463984 0.025703 0.025344
0 0.587349 0.769403 0.076453 0.073975
0 0.913607 0.841039 0.072467 0.070667
0 0.616793 0.489856 0.035645 0.035081
0 0.054929 0.054310 0.109426 0.108620
0 0.201871 0.327977 0.038100 0.036990
0 0.577457 0.698556 0.023963 0.024147
0 0.169016 0.839644 0.338032 0.320711
0 0.962053 0.746607 0.075894 0.084860
0 0.682265 0.221678 0.041874 0.041040
0 0.212063 0.265398 0.047094 0.044997
0 0.465913 0.305161 0.106656 0.099794
0 0.509154 0.706044 0.027919 0.025606