0 0.512162 0.551931 0.054627 0.051176
0 0.385126 0.549873 0.040920 0.037056
0 0.768335 0.689602 0.049257 0.043040
0 0.449951 0.251636 0.166454 0.146390
0 0.525663 0.439272 0.045452 0.042325
0 0.784073 0.799287 0.034951 0.032364
0 0.644647 0.930473 0.038195 0.034496
0 0.933707 0.905272 0.043315 0.038771
0 0.235363 0.300776 0.181588 0.159709
0 0.978400 0.859562 0.042424 0.048029
0 0.334347 0.133703 0.037654 0.034453
0 0.663942 0.465025 0.082100 0.073729
0 0.799840 0.717171 0.037282 0.031621
0 0.737670 0.243250 0.049944 0.043820
0 0.581690 0.417901 0.068124 0.061234
0 0.401940 0.601888 0.030649 0.028264
0 0.705889 0.528469 0.121202 0.107530
0 0.345508 0.053801 0.116237 0.101007
0 0.240641 0.046115 0.109987 0.090316
0 0.927776 0.386539 0.033574 0.029976
0 0.472276 0.073383 0.162302 0.134137
0 0.758799 0.462173 0.040404 0.036080
0 0.758278 0.932151 0.029022 0.027282
0 0.078060 0.056276 0.079207 0.067275
0 0.277985 0.400986 0.097792 0.086167
0 0.261182 0.734610 0.051983 0.045030
0 0.444716 0.154865 0.090341 0.080771
0 0.054788 0.394801 0.031305 0.028049
0 0.528434 0.475013 0.035483 0.033107
0 0.450513 0.204192 0.071666 0.064151
0 0.585203 0.382961 0.064851 0.058893
0 0.402821 0.363763 0.043530 0.041521
0 0.517982 0.355686 0.088176 0.078981
0 0.767962 0.772056 0.027112 0.024419
0 0.120099 0.114462 0.071367 0.057795
0 0.142626 0.420056 0.185642 0.177014
0 0.439507 0.164447 0.082611 0.070646
0 0.676564 0.264697 0.046241 0.040334
0 0.795664 0.490928 0.060380 0.053352
0 0.942069 0.930657 0.025851 0.023989
0 0.822487 0.588782 0.106869 0.094607
0 0.566252 0.044947 0.045932 0.043691
0 0.989006 0.589251 0.021987 0.042666