0 0.224263 0.205837 0.217297 0.216736
0 0.194714 0.092948 0.063257 0.063269
0 0.909653 0.507315 0.054875 0.053652
0 0.941539 0.611672 0.115337 0.114478
0 0.175476 0.405244 0.060747 0.060350
0 0.515002 0.540031 0.040146 0.039735
0 0.614708 0.388945 0.105464 0.103476
0 0.442158 0.065488 0.035374 0.034718
0 0.960813 0.430564 0.078374 0.097143
0 0.883961 0.382594 0.046513 0.044701
0 0.410193 0.689465 0.043031 0.042105
0 0.079202 0.201697 0.066115 0.066050
0 0.114445 0.590658 0.034388 0.033016
0 0.462478 0.483604 0.033975 0.033719
0 0.171931 0.939550 0.040546 0.038576
0 0.029392 0.333318 0.037694 0.038381
0 0.920685 0.463118 0.047873 0.047727
0 0.790258 0.903327 0.049824 0.048070
0 0.275050 0.388221 0.199352 0.202323
0 0.958612 0.570577 0.035297 0.034351
0 0.985726 0.621029 0.028547 0.043713
0 0.192480 0.982211 0.038964 0.034103
0 0.689810 0.023663 0.044605 0.043287
0 0.381449 0.067132 0.055701 0.054237
0 0.034960 0.858163 0.069919 0.122092
0 0.432078 0.390816 0.032181 0.032792
0 0.904819 0.334219 0.036540 0.035701
0 0.420578 0.196196 0.030633 0.029411
0 0.601776 0.795860 0.041694 0.039886
0 0.418962 0.961411 0.076996 0.075287
0 0.949955 0.130054 0.038455 0.038510
0 0.766464 0.458173 0.093609 0.091529
0 0.546128 0.723242 0.037604 0.036682
0 0.812884 0.069273 0.222652 0.137182
0 0.519709 0.007880 0.035955 0.015436
0 0.961917 0.227126 0.032647 0.032102
0 0.772917 0.190025 0.035170 0.035687
0 0.461098 0.521744 0.033625 0.031952
0 0.834324 0.331506 0.034998 0.034016
0 0.455370 0.261389 0.061090 0.058719
0 0.301290 0.302989 0.034744 0.035002
0 0.865401 0.784938 0.029461 0.028319
0 0.707237 0.360721 0.076448 0.075102
0 0.398962 0.565637 0.049207 0.049910
0 0.945020 0.274453 0.031992 0.030763
0 0.202394 0.871150 0.060309 0.058922
0 0.506399 0.758057 0.062032 0.060600
0 0.026855 0.440877 0.031038 0.031610
0 0.155606 0.896201 0.046063 0.044843
0 0.022643 0.170785 0.044076 0.045103
0 0.155591 0.503478 0.111803 0.117039
0 0.493612 0.608723 0.037717 0.036857
0 0.395279 0.664219 0.038729 0.040076
0 0.093462 0.933745 0.035041 0.034100
0 0.448860 0.898606 0.060317 0.060546
0 0.892196 0.254676 0.041699 0.041832
0 0.446575 0.619265 0.062305 0.058925
0 0.516668 0.459393 0.025094 0.024232
0 0.938627 0.314174 0.038894 0.039032
0 0.771170 0.665338 0.078955 0.076707
0 0.310193 0.752322 0.033292 0.033049
0 0.458042 0.561165 0.061082 0.058602
0 0.039156 0.680737 0.032136 0.032128
0 0.923895 0.921539 0.028141 0.027918
0 0.737903 0.927399 0.027970 0.027788
0 0.244416 0.069268 0.042428 0.044358
0 0.786624 0.276753 0.037164 0.036764
0 0.622891 0.832397 0.434020 0.335206
0 0.304047 0.652020 0.046493 0.046965
0 0.811990 0.192231 0.037443 0.036440
0 0.836414 0.268558 0.056213 0.057141
0 0.377567 0.775861 0.059030 0.055218
0 0.012080 0.733617 0.023473 0.030876
0 0.311398 0.062893 0.191090 0.123257
0 0.751862 0.959330 0.048192 0.044858
0 0.361524 0.349067 0.022828 0.022213
0 0.716130 0.687527 0.031291 0.031606
0 0.716784 0.148916 0.060074 0.058031
0 0.858946 0.853684 0.072992 0.069347
0 0.333953 0.418709 0.030708 0.029941
0 0.012899 0.300747 0.025320 0.065770
0 0.206423 0.662458 0.046620 0.046821
0 0.008222 0.034658 0.016443 0.067617
0 0.453748 0.905500 0.053214 0.052523
0 0.745687 0.502947 0.030728 0.031039
0 0.008470 0.570247 0.016941 0.063967
0 0.222003 0.025962 0.049861 0.046807
0 0.670990 0.086659 0.038454 0.038981
0 0.995036 0.745552 0.009928 0.044994
0 0.587184 0.868070 0.348966 0.263859
0 0.953827 0.649432 0.041040 0.040719
0 0.376090 0.276369 0.108664 0.103502
0 0.015113 0.655775 0.030225 0.044063
0 0.010383 0.354052 0.020239 0.038513
0 0.762736 0.666022 0.059095 0.062724
0 0.422495 0.528629 0.034064 0.034310
0 0.490023 0.300690 0.025418 0.025774
0 0.871412 0.980301 0.021132 0.021773
0 0.824995 0.367779 0.107976 0.109936
0 0.521949 0.259304 0.072870 0.073340
0 0.098475 0.368627 0.033019 0.033005
0 0.490811 0.354346 0.022883 0.023730
0 0.967513 0.408276 0.057765 0.058841
0 0.899685 0.729347 0.025902 0.025528
0 0.037703 0.930476 0.034412 0.033692
0 0.661321 0.286219 0.085156 0.086311