0 0.304087 0.407750 0.221596 0.210851
0 0.092419 0.682874 0.051865 0.051105
0 0.100532 0.794482 0.104720 0.102408
0 0.119483 0.436034 0.095870 0.090707
0 0.213480 0.894267 0.065123 0.063696
0 0.038572 0.878827 0.037429 0.036755
0 0.139728 0.031439 0.067712 0.062879
0 0.411909 0.825575 0.292940 0.285638
0 0.137365 0.906070 0.060403 0.059644
0 0.703699 0.967989 0.045080 0.043176
0 0.453068 0.593214 0.175840 0.158570
0 0.751460 0.927691 0.051207 0.049619
0 0.778432 0.684469 0.048554 0.046531
0 0.264657 0.879421 0.048216 0.046818
0 0.200541 0.467284 0.037020 0.035661
0 0.255902 0.968998 0.033796 0.033078
0 0.553953 0.428533 0.037809 0.036050
0 0.809001 0.187489 0.047977 0.046529
0 0.172596 0.621850 0.040602 0.039708
0 0.071417 0.560677 0.051142 0.048039
0 0.754871 0.361603 0.030344 0.029030
0 0.060482 0.946547 0.107426 0.103417
0 0.117180 0.963120 0.145379 0.073761
0 0.160363 0.723741 0.043271 0.042717
0 0.834916 0.119032 0.028374 0.027717
0 0.523878 0.498302 0.035581 0.033912
0 0.016735 0.617457 0.029728 0.029325
0 0.201065 0.013942 0.110649 0.027758
0 0.205039 0.708265 0.069659 0.069176
0 0.583970 0.010176 0.033151 0.020353
0 0.194819 0.296817 0.047898 0.045181
0 0.464091 0.989015 0.047365 0.021970
0 0.016398 0.575929 0.032796 0.038134
0 0.054911 0.151680 0.031088 0.028879
0 0.102307 0.955439 0.169311 0.089121
0 0.160107 0.568568 0.029329 0.029305
0 0.419714 0.202915 0.055744 0.051503
0 0.220383 0.504561 0.060020 0.058040
0 0.806254 0.416171 0.027548 0.026587
0 0.103678 0.637483 0.035242 0.033765
0 0.724208 0.011387 0.024990 0.022418
0 0.285852 0.693820 0.106433 0.098717
0 0.329212 0.013722 0.028586 0.026339
0 0.562518 0.212012 0.029860 0.029308
0 0.539581 0.014138 0.054484 0.028276
0 0.649393 0.413744 0.039826 0.039319
0 0.077588 0.597516 0.035160 0.034809
0 0.032284 0.811719 0.054741 0.054949
0 0.567666 0.081012 0.024724 0.023895
0 0.197103 0.708238 0.086815 0.082875
0 0.191391 0.931299 0.025924 0.024994
0 0.339151 0.256848 0.098784 0.095292
0 0.498154 0.310577 0.032825 0.031943
0 0.229051 0.577883 0.039389 0.041475
0 0.739359 0.411998 0.039871 0.040303
0 0.876009 0.464075 0.107685 0.107233