0 0.884758 0.736439 0.056633 0.049471
0 0.579210 0.120639 0.053665 0.045423
0 0.368677 0.926968 0.040283 0.039832
0 0.738188 0.861806 0.089882 0.085621
0 0.775284 0.067838 0.043262 0.039096
0 0.052255 0.475582 0.054542 0.051698
0 0.341410 0.722519 0.084790 0.083282
0 0.980160 0.247994 0.038398 0.036911
0 0.154893 0.969772 0.032439 0.030824
0 0.144574 0.768545 0.288479 0.327674
0 0.924922 0.617408 0.077340 0.071566
0 0.504281 0.707152 0.028839 0.028505
0 0.547592 0.405483 0.305877 0.315022
0 0.319177 0.525846 0.040851 0.038921
0 0.505659 0.988625 0.031967 0.022192
0 0.007257 0.478129 0.014514 0.046857
0 0.476268 0.953928 0.030897 0.030242
0 0.603297 0.237518 0.033541 0.029839
0 0.716733 0.930421 0.066845 0.064510
0 0.803056 0.199914 0.035058 0.033743
0 0.835188 0.326173 0.038254 0.035566
0 0.581080 0.333819 0.107229 0.092811
0 0.861298 0.540081 0.027155 0.027286
0 0.888848 0.514556 0.035373 0.033524
0 0.785660 0.167575 0.094508 0.089753
0 0.337619 0.769883 0.034760 0.034746
0 0.089276 0.327276 0.038007 0.036213
0 0.422645 0.845032 0.048627 0.047781
0 0.725690 0.086715 0.052621 0.050085
0 0.339237 0.483185 0.069063 0.065518
0 0.218152 0.614014 0.028956 0.028701
0 0.902131 0.363516 0.028581 0.027515
0 0.171267 0.827559 0.032122 0.034679
0 0.152133 0.596296 0.042484 0.041594
0 0.376099 0.991273 0.042441 0.016771
0 0.200948 0.817235 0.038792 0.039492
0 0.617560 0.918720 0.029378 0.028511
0 0.568980 0.007243 0.050320 0.014412