0 0.359804 0.355121 0.059582 0.051021
0 0.936700 0.432439 0.126160 0.117356
0 0.433671 0.021936 0.051464 0.042431
0 0.746150 0.465178 0.094610 0.084555
0 0.480729 0.400247 0.047845 0.041332
0 0.130563 0.797190 0.032277 0.029731
0 0.489905 0.194599 0.099249 0.086480
0 0.188209 0.620170 0.043202 0.037714
0 0.490673 0.931719 0.034868 0.031289
0 0.195424 0.198010 0.037307 0.032915
0 0.788077 0.773239 0.033364 0.031104
0 0.116846 0.346292 0.037655 0.033997
0 0.202733 0.454200 0.035647 0.031757
0 0.090269 0.187645 0.041192 0.035193
0 0.798095 0.404512 0.032591 0.030990
0 0.443559 0.377080 0.035830 0.031097
0 0.366938 0.317514 0.030833 0.026393
0 0.268807 0.201145 0.037950 0.032656
0 0.113920 0.384835 0.030364 0.027559
0 0.453477 0.055369 0.031079 0.026272
0 0.891523 0.142365 0.032999 0.028991
0 0.900795 0.969899 0.030281 0.028722
0 0.103069 0.975167 0.062067 0.049237
0 0.517937 0.630511 0.040264 0.034812
0 0.250089 0.934742 0.045518 0.039879
0 0.923925 0.110352 0.071301 0.063157
0 0.289241 0.312502 0.030351 0.026043
0 0.826997 0.415603 0.030938 0.027150
0 0.142783 0.873172 0.127048 0.114956
0 0.609344 0.246092 0.043530 0.039910
0 0.805409 0.017827 0.063088 0.035654
0 0.109882 0.921949 0.091810 0.087387
0 0.060865 0.171413 0.032480 0.030211
0 0.332566 0.057329 0.028294 0.024740
0 0.147049 0.707406 0.049897 0.041864
0 0.101821 0.274322 0.029167 0.026042
0 0.670243 0.148025 0.029171 0.025030
0 0.168781 0.193866 0.113527 0.101477
0 0.557289 0.376046 0.027786 0.025815
0 0.501605 0.596020 0.024405 0.022928
0 0.794632 0.044113 0.026443 0.023941
0 0.458122 0.282472 0.031569 0.027696
0 0.573397 0.206123 0.071346 0.063424
0 0.307554 0.051125 0.029741 0.025533
0 0.041314 0.559544 0.082628 0.093607
0 0.980268 0.610494 0.039464 0.051913
0 0.904678 0.132918 0.190645 0.246543
0 0.852126 0.034072 0.052736 0.046408
0 0.579814 0.296896 0.162665 0.153107
0 0.342930 0.779311 0.036838 0.035147
0 0.849648 0.625162 0.030612 0.028226
0 0.899959 0.550010 0.029280 0.027888
0 0.121762 0.649986 0.073846 0.061811