0 0.850533 0.112665 0.180339 0.159647
0 0.579361 0.840288 0.258450 0.214945
0 0.552528 0.713918 0.037675 0.033577
0 0.725820 0.147680 0.040424 0.036037
0 0.651623 0.727609 0.040786 0.033863
0 0.985647 0.197456 0.028706 0.033379
0 0.681376 0.189920 0.042403 0.037186
0 0.680129 0.540503 0.083892 0.075226
0 0.439241 0.832011 0.029351 0.029253
0 0.765895 0.005898 0.040117 0.011537
0 0.616409 0.929160 0.036170 0.032214
0 0.588240 0.719995 0.045781 0.040979
0 0.727647 0.441423 0.081190 0.073240
0 0.844326 0.773997 0.047878 0.040425
0 0.894421 0.750106 0.033039 0.028150
0 0.875304 0.702094 0.034632 0.031006