0 0.769964 0.083861 0.031020 0.026905
0 0.655132 0.094879 0.050619 0.037306
0 0.273489 0.746095 0.047153 0.034845
0 0.416135 0.102992 0.055941 0.037990
0 0.744093 0.063550 0.026930 0.024508
0 0.134405 0.516920 0.055816 0.041110
0 0.114808 0.154442 0.058263 0.042779
0 0.048367 0.387930 0.031196 0.027386
0 0.176805 0.702510 0.034418 0.026800
0 0.913302 0.420870 0.039900 0.034689
0 0.285258 0.393060 0.044212 0.033958
0 0.275332 0.151679 0.092029 0.071059
0 0.718087 0.216457 0.034361 0.029851
0 0.137789 0.174112 0.054695 0.037451
0 0.207161 0.292722 0.035397 0.025724
0 0.616890 0.090726 0.031068 0.027907
0 0.733072 0.009714 0.041870 0.019429
0 0.667374 0.127130 0.029279 0.022085
0 0.032395 0.257549 0.064674 0.073715
0 0.644982 0.011223 0.024630 0.020999
0 0.848431 0.114838 0.023434 0.020608