0 0.549971 0.213449 0.308424 0.246198
0 0.212003 0.077211 0.050532 0.043291
0 0.676722 0.386062 0.075063 0.063405
0 0.759710 0.111859 0.184117 0.158394
0 0.954679 0.833306 0.041866 0.034122
0 0.489181 0.480818 0.067398 0.052518
0 0.706226 0.467831 0.095570 0.076678
0 0.831327 0.521392 0.062593 0.051658
0 0.593310 0.412172 0.051943 0.042134
0 0.156296 0.485282 0.071566 0.053004
0 0.250968 0.520607 0.042912 0.032698
0 0.530984 0.754857 0.399441 0.274867
0 0.203457 0.240343 0.052562 0.043472
0 0.415343 0.648490 0.125991 0.095342
0 0.222662 0.488257 0.065555 0.054158
0 0.926585 0.142172 0.146830 0.191838
0 0.719451 0.644654 0.111153 0.095130
0 0.097605 0.566444 0.069724 0.050724
0 0.265078 0.342455 0.046005 0.036257
0 0.158519 0.334964 0.082547 0.057091
0 0.298648 0.412815 0.042562 0.033307
0 0.605386 0.152156 0.095388 0.080223
0 0.683216 0.108761 0.044473 0.036838
0 0.838905 0.170962 0.038779 0.031262
0 0.173319 0.258875 0.070326 0.054969
0 0.015731 0.798888 0.031462 0.041181
0 0.096679 0.737277 0.137105 0.121463
0 0.956303 0.517749 0.057859 0.044015
0 0.499324 0.021841 0.089562 0.043335
0 0.538485 0.373629 0.043266 0.035064
0 0.928736 0.110749 0.038712 0.033507
0 0.960892 0.359095 0.047672 0.034649
0 0.628156 0.020281 0.048173 0.039014
0 0.737984 0.985869 0.060696 0.027848
0 0.267771 0.213488 0.055289 0.046119
0 0.909284 0.908715 0.135197 0.111192
0 0.434953 0.128387 0.051842 0.042771
0 0.441561 0.703450 0.035164 0.028242
0 0.955927 0.402361 0.086804 0.081815
0 0.262625 0.685794 0.045024 0.034941
0 0.814496 0.908193 0.064425 0.051143
0 0.651697 0.040438 0.042556 0.035308
0 0.055042 0.628145 0.066921 0.045727
0 0.784385 0.879208 0.069998 0.059927
0 0.202085 0.376636 0.053625 0.040116
0 0.433631 0.506053 0.058344 0.049693
0 0.533280 0.109579 0.081369 0.068948
0 0.493044 0.725107 0.063742 0.046361
0 0.782741 0.955305 0.089130 0.067711
0 0.678325 0.439550 0.054723 0.048721
0 0.826985 0.821413 0.051683 0.040373
0 0.509196 0.657370 0.038881 0.032150
0 0.553753 0.607002 0.062893 0.049132
0 0.060591 0.534071 0.050193 0.040504
0 0.206864 0.372159 0.057380 0.045151
0 0.970266 0.456031 0.046562 0.037417
0 0.155337 0.536432 0.044455 0.034451
0 0.865361 0.975916 0.172883 0.048167
0 0.881030 0.484524 0.101399 0.082792
0 0.940022 0.458505 0.092293 0.077221
0 0.807968 0.807077 0.084742 0.066613
0 0.423703 0.588719 0.051654 0.035650
0 0.547761 0.607741 0.073579 0.059455
0 0.008101 0.589749 0.016202 0.051999
0 0.727138 0.873277 0.055251 0.046592
0 0.825281 0.269311 0.029338 0.025451
0 0.298525 0.105674 0.036962 0.032111
0 0.495494 0.052518 0.047416 0.040845
0 0.601617 0.048696 0.032862 0.028856
0 0.873555 0.229911 0.039110 0.029656
0 0.834670 0.975148 0.102315 0.049703
0 0.225266 0.591277 0.049973 0.036877
0 0.904255 0.984522 0.065127 0.030957
0 0.125193 0.523860 0.056981 0.046225
0 0.314971 0.335267 0.035626 0.030074
0 0.810558 0.237085 0.036394 0.031874
0 0.628516 0.082605 0.079577 0.064205
0 0.515929 0.895375 0.039198 0.031259
0 0.316133 0.060752 0.031948 0.028772
0 0.288824 0.247499 0.049463 0.039821
0 0.137621 0.887410 0.177729 0.141241
0 0.791725 0.799980 0.055470 0.044019
0 0.187830 0.563399 0.055997 0.041840
0 0.625089 0.988850 0.037198 0.022272
0 0.524370 0.917216 0.063342 0.048368
0 0.869337 0.481976 0.080037 0.064581
0 0.263919 0.895275 0.033727 0.027636
0 0.884984 0.982989 0.118069 0.033857
0 0.299461 0.778798 0.050049 0.037418
0 0.051303 0.470344 0.036593 0.029679
0 0.810773 0.901291 0.072092 0.055416