0 0.372253 0.651075 0.128402 0.123605
0 0.587697 0.438525 0.082661 0.082900
0 0.352550 0.916808 0.093794 0.093581
0 0.295702 0.282784 0.058039 0.056878
0 0.708870 0.502939 0.060966 0.057914
0 0.256156 0.934880 0.060262 0.058489
0 0.937727 0.420747 0.059149 0.058845
0 0.514657 0.651907 0.049081 0.048626
0 0.613091 0.849653 0.036938 0.036275
0 0.599135 0.361867 0.041238 0.040017
0 0.498293 0.525389 0.044838 0.044723
0 0.046270 0.682142 0.064378 0.063549
0 0.379514 0.043147 0.045164 0.044715
0 0.526826 0.761407 0.054127 0.054351
0 0.322720 0.570821 0.047305 0.045715
0 0.149377 0.334915 0.047073 0.046060
0 0.534573 0.936972 0.035011 0.034204
0 0.764126 0.051198 0.040549 0.039799
0 0.865388 0.447258 0.078023 0.076904
0 0.424773 0.223339 0.051185 0.050224
0 0.566333 0.765866 0.050045 0.050049
0 0.260126 0.357564 0.042827 0.039747
0 0.678480 0.340924 0.034097 0.033494
0 0.357988 0.339597 0.048432 0.047018
0 0.356859 0.390310 0.052139 0.050985
0 0.982426 0.437020 0.028714 0.027796
0 0.602872 0.720190 0.085024 0.088174
0 0.634930 0.385635 0.042093 0.043297
0 0.355976 0.138534 0.048684 0.049311
0 0.391591 0.121409 0.033128 0.031876
0 0.128995 0.611380 0.037415 0.037064
0 0.656261 0.808926 0.127005 0.124679
0 0.569718 0.077497 0.032357 0.031191
0 0.122806 0.124723 0.061035 0.061488
0 0.654933 0.474304 0.053258 0.052026
0 0.811476 0.292090 0.041283 0.039513
0 0.732935 0.368846 0.037589 0.034692
0 0.227318 0.629215 0.029642 0.029858
0 0.500602 0.349275 0.030185 0.029506
0 0.969851 0.820032 0.052206 0.051632
0 0.481702 0.015758 0.060618 0.031516
0 0.490844 0.255553 0.038024 0.038399
0 0.663997 0.665955 0.031449 0.031241
0 0.548066 0.641141 0.030068 0.030499
0 0.567703 0.907584 0.036904 0.037159
0 0.210873 0.384338 0.027781 0.026702
0 0.221385 0.370459 0.030843 0.030069
0 0.685236 0.915079 0.027379 0.026626
0 0.506335 0.105015 0.081811 0.081786
0 0.354745 0.530152 0.060221 0.058475
0 0.531890 0.153283 0.026060 0.026660
0 0.407014 0.251720 0.028744 0.027573
0 0.328082 0.076741 0.026073 0.025748
0 0.735520 0.852281 0.026970 0.026756
0 0.012967 0.615766 0.025380 0.029154
0 0.511472 0.723469 0.029042 0.029376
0 0.654728 0.812240 0.029642 0.028126
0 0.128060 0.437694 0.041361 0.040430
0 0.602447 0.639016 0.032513 0.030425
0 0.207286 0.324603 0.047097 0.045829
0 0.188263 0.438978 0.023176 0.022350
0 0.212472 0.319735 0.049710 0.048744
0 0.773757 0.827977 0.025516 0.025344
0 0.909252 0.818189 0.071177 0.072958
0 0.593793 0.012568 0.027653 0.024775
0 0.699112 0.316518 0.070148 0.069814
0 0.126239 0.384720 0.068527 0.066183
0 0.019580 0.323713 0.038585 0.055339
0 0.191916 0.366788 0.032669 0.031858
0 0.891616 0.756522 0.146038 0.151774
0 0.936500 0.877782 0.056228 0.053978
0 0.195776 0.203031 0.058208 0.054374
0 0.917704 0.455760 0.033110 0.032043
0 0.477767 0.827389 0.028149 0.028392
0 0.946871 0.989635 0.024132 0.020730
0 0.727567 0.092988 0.031561 0.031685
0 0.435427 0.007348 0.032774 0.014695
0 0.668593 0.214426 0.025623 0.025701
0 0.651184 0.010191 0.053779 0.020381
0 0.415375 0.305310 0.030568 0.029784
0 0.994583 0.337238 0.010834 0.029130
0 0.013200 0.411651 0.026399 0.035115
0 0.636322 0.633146 0.029309 0.029623
0 0.470143 0.155397 0.026400 0.026141
0 0.168857 0.413558 0.029928 0.028721
0 0.075711 0.019064 0.021762 0.020761
0 0.829065 0.705472 0.025259 0.025707
0 0.455051 0.048019 0.046619 0.046678
0 0.553050 0.676036 0.039746 0.040057
0 0.746510 0.515410 0.022231 0.021472