0 0.481266 0.665691 0.040174 0.039267
0 0.531177 0.627386 0.031647 0.031063
0 0.449739 0.431431 0.039224 0.037799
0 0.407115 0.575511 0.033856 0.032421
0 0.179870 0.113214 0.035495 0.032429
0 0.124978 0.678478 0.031048 0.030087
0 0.573592 0.777796 0.030128 0.029545
0 0.960222 0.579462 0.027258 0.027778
0 0.378793 0.239101 0.026388 0.025406
0 0.407382 0.012216 0.056013 0.024171
0 0.346821 0.282952 0.028734 0.029042
0 0.793835 0.716934 0.025907 0.024619
0 0.061557 0.167852 0.029492 0.028120
0 0.920902 0.776818 0.027604 0.026062
0 0.124403 0.177191 0.029112 0.028327
0 0.493727 0.197265 0.123763 0.127735
0 0.191556 0.235192 0.032479 0.032373
0 0.234523 0.312443 0.025322 0.024781
0 0.028987 0.020293 0.057973 0.040171
0 0.370465 0.021100 0.038082 0.036060
0 0.296920 0.101735 0.034836 0.035328
0 0.290179 0.100059 0.045234 0.042705
0 0.189952 0.202122 0.025072 0.024947