0 0.304315 0.607719 0.299978 0.221645
0 0.254354 0.251156 0.462009 0.316225
0 0.596966 0.349320 0.067995 0.052029
0 0.518834 0.382886 0.080250 0.062111
0 0.309014 0.416082 0.126479 0.089714
0 0.973996 0.497355 0.052008 0.053682
0 0.786729 0.522459 0.077026 0.057047
0 0.100684 0.563714 0.187499 0.149890
0 0.838183 0.358214 0.123697 0.090040
0 0.107528 0.441403 0.039749 0.030074
0 0.724240 0.593348 0.112170 0.080551
0 0.696503 0.142044 0.053285 0.037742
0 0.863132 0.216840 0.055502 0.040781
0 0.481029 0.283884 0.064233 0.047581
0 0.640639 0.017799 0.054463 0.035597
0 0.955068 0.714627 0.033995 0.028271
0 0.254837 0.062156 0.059115 0.043839
0 0.607752 0.038483 0.075829 0.057433
0 0.971547 0.079367 0.056780 0.045781
0 0.590476 0.801519 0.357800 0.277929
0 0.796994 0.230509 0.043554 0.029320
0 0.257001 0.004944 0.039179 0.009888
0 0.201589 0.854783 0.059301 0.042717
0 0.043862 0.479592 0.087724 0.082121
0 0.842490 0.018725 0.058880 0.036762
0 0.386522 0.080831 0.044689 0.034807
0 0.465202 0.111991 0.048279 0.036183
0 0.661628 0.448450 0.032533 0.024822
0 0.648206 0.497296 0.068665 0.053459
0 0.661098 0.106790 0.066879 0.047278
0 0.210478 0.555202 0.040827 0.029165
0 0.181523 0.765649 0.036644 0.027583
0 0.969169 0.373643 0.034862 0.028206
0 0.553729 0.160548 0.058627 0.046788
0 0.892712 0.498197 0.026315 0.021414
0 0.810280 0.259542 0.036273 0.027095
0 0.503942 0.160259 0.036160 0.026966
0 0.784799 0.145418 0.042380 0.035481
0 0.036278 0.049203 0.070301 0.054482
0 0.692124 0.011307 0.064657 0.022331
0 0.678308 0.256614 0.036621 0.027522
0 0.090838 0.798829 0.181677 0.286641
0 0.924377 0.211707 0.035522 0.028418