0 0.287559 0.183413 0.105851 0.103268
0 0.873610 0.127898 0.106547 0.104697
0 0.482809 0.178121 0.303194 0.302753
0 0.671965 0.509905 0.034649 0.033282
0 0.299498 0.037181 0.036896 0.034308
0 0.853922 0.690480 0.036299 0.035958
0 0.649756 0.225060 0.056165 0.055398
0 0.367886 0.539846 0.263861 0.267771
0 0.035730 0.092250 0.032505 0.030862
0 0.828628 0.022863 0.034159 0.032611
0 0.132230 0.291628 0.062761 0.061227
0 0.103174 0.064586 0.074856 0.071712
0 0.519847 0.191619 0.051772 0.048888
0 0.277246 0.518796 0.048066 0.046109
0 0.257859 0.211382 0.034178 0.032931
0 0.216619 0.750639 0.084437 0.081551
0 0.456784 0.395874 0.029631 0.028708
0 0.540397 0.538558 0.027068 0.026448
0 0.950323 0.530721 0.026878 0.025892
0 0.868468 0.982074 0.038522 0.034336
0 0.514017 0.560768 0.030620 0.030412
0 0.206842 0.150627 0.026795 0.025411
0 0.603305 0.454368 0.053472 0.050171
0 0.187754 0.058746 0.026973 0.026847
0 0.274322 0.837287 0.025802 0.025393
0 0.832744 0.417542 0.032653 0.031828
0 0.570839 0.575038 0.037120 0.036200
0 0.834051 0.989756 0.069232 0.020488