0 0.732831 0.193117 0.054895 0.045515
0 0.116571 0.887135 0.073486 0.063408
0 0.306943 0.113075 0.050252 0.043331
0 0.238386 0.826417 0.065999 0.058518
0 0.196317 0.907719 0.081204 0.072100
0 0.249505 0.507444 0.048556 0.042209
0 0.938737 0.496326 0.049610 0.042746
0 0.584045 0.470158 0.044622 0.039071
0 0.372687 0.621506 0.044533 0.038571
0 0.493213 0.564144 0.039730 0.034865
0 0.771987 0.341666 0.038508 0.033606
0 0.202800 0.747235 0.042038 0.034453
0 0.746194 0.421941 0.050863 0.042944
0 0.050965 0.570530 0.101324 0.170263
0 0.687802 0.573006 0.044131 0.036601
0 0.389459 0.320078 0.038260 0.032064
0 0.887723 0.878408 0.039437 0.032835
0 0.254227 0.557491 0.035582 0.031884
0 0.166046 0.935922 0.041940 0.032993
0 0.016546 0.936222 0.033077 0.036161
0 0.961297 0.009345 0.046621 0.018690
0 0.524944 0.640329 0.033537 0.028736
0 0.703703 0.725117 0.140874 0.110410
0 0.972761 0.753465 0.034731 0.030433
0 0.613811 0.926191 0.040246 0.033804
0 0.390049 0.987982 0.044071 0.024036
0 0.118266 0.669646 0.032504 0.028492
0 0.725561 0.490061 0.045769 0.038141
0 0.061429 0.479538 0.039694 0.036274
0 0.327762 0.429954 0.037549 0.033839
0 0.426802 0.242821 0.036026 0.032002
0 0.739479 0.932844 0.041219 0.034536
0 0.669423 0.189872 0.027419 0.024524
0 0.365357 0.588764 0.029437 0.026998
0 0.216412 0.588501 0.030521 0.027973
0 0.266615 0.436172 0.033818 0.030835
0 0.358896 0.419177 0.038429 0.033505
0 0.730712 0.578404 0.036087 0.030738
0 0.435458 0.371915 0.031825 0.028164
0 0.010075 0.180093 0.020129 0.028233
0 0.991102 0.859333 0.017795 0.055297
0 0.601574 0.859319 0.086485 0.073721
0 0.882154 0.106577 0.038494 0.033027
0 0.464796 0.377314 0.030305 0.027787
0 0.641345 0.005152 0.042675 0.009822
0 0.770879 0.326984 0.210188 0.180775
0 0.026547 0.690241 0.053093 0.113361
0 0.892972 0.501542 0.037728 0.034063
0 0.940400 0.309423 0.118308 0.199714
0 0.366114 0.469058 0.029222 0.026736
0 0.370426 0.292996 0.029637 0.027070
0 0.467693 0.511559 0.029333 0.026259
0 0.670858 0.860903 0.037851 0.031888
0 0.892758 0.017957 0.033009 0.029920
0 0.571989 0.790251 0.028781 0.025938
0 0.196468 0.383543 0.121288 0.106720
0 0.928198 0.051631 0.027935 0.025114
0 0.208024 0.339601 0.032422 0.030066
0 0.283532 0.863174 0.025418 0.024910
0 0.827138 0.683717 0.046091 0.041203
0 0.450334 0.675987 0.445287 0.397393
0 0.759479 0.064657 0.171673 0.129314
0 0.190586 0.187058 0.027124 0.025882
0 0.591495 0.242858 0.027293 0.024206
0 0.275500 0.339507 0.027278 0.025669
0 0.020938 0.431590 0.041877 0.067141
0 0.572857 0.154210 0.051088 0.041427
0 0.290642 0.461299 0.040184 0.033015
0 0.696263 0.644895 0.047716 0.042327
0 0.024850 0.700979 0.049700 0.084496
0 0.848555 0.779020 0.030402 0.026566
0 0.031726 0.684098 0.062945 0.139471
0 0.484021 0.443391 0.032898 0.028730
0 0.333854 0.426736 0.042122 0.034993
0 0.276249 0.165322 0.027323 0.023289
0 0.268648 0.280570 0.029984 0.025260
0 0.601768 0.869076 0.076632 0.065765
0 0.534288 0.211515 0.187772 0.157603
0 0.866434 0.386252 0.086542 0.074512
0 0.009319 0.115782 0.018639 0.027534