0 0.695184 0.206798 0.228071 0.175419
0 0.524956 0.636128 0.128358 0.091405
0 0.893439 0.266536 0.195214 0.141967
0 0.751679 0.075552 0.187612 0.139885
0 0.920207 0.507283 0.055961 0.043179
0 0.621141 0.045921 0.082005 0.065694
0 0.159628 0.017819 0.103293 0.035637
0 0.275584 0.511520 0.039721 0.030670
0 0.877594 0.891927 0.051733 0.037482
0 0.812945 0.008455 0.043645 0.016910
0 0.275928 0.049665 0.163160 0.099330
0 0.596099 0.928169 0.307920 0.143662
0 0.061615 0.585442 0.040151 0.030213
0 0.417601 0.050448 0.213088 0.100896
0 0.833724 0.039420 0.088194 0.070586
0 0.426813 0.312931 0.036105 0.027220
0 0.708288 0.520033 0.036255 0.026304
0 0.880236 0.779851 0.235149 0.166702
0 0.839786 0.192763 0.044969 0.033298
0 0.915321 0.115126 0.032993 0.026804
0 0.497057 0.578417 0.033476 0.026877
0 0.039444 0.129960 0.030808 0.026378
0 0.073936 0.415087 0.052043 0.040713
0 0.898665 0.700480 0.034216 0.027002
0 0.338181 0.453152 0.032807 0.024147
0 0.064187 0.792204 0.030295 0.024185
0 0.635049 0.466656 0.032726 0.023650
0 0.554787 0.016370 0.160675 0.032740
0 0.973834 0.689567 0.051360 0.046703