0 0.665810 0.734641 0.114373 0.091233
0 0.495120 0.184441 0.070659 0.056959
0 0.378262 0.443206 0.057479 0.045634
0 0.928174 0.055803 0.058101 0.043988
0 0.579121 0.103597 0.053670 0.042423
0 0.482274 0.499967 0.067286 0.053061
0 0.766562 0.800862 0.059734 0.045798
0 0.510698 0.907025 0.064786 0.050159
0 0.641469 0.066964 0.091230 0.073014
0 0.242743 0.365889 0.037860 0.032069
0 0.541417 0.865636 0.044115 0.036602
0 0.745225 0.067325 0.045270 0.035354
0 0.266391 0.690280 0.034356 0.030816
0 0.030130 0.632336 0.028088 0.024249
0 0.154555 0.885662 0.035413 0.033207
0 0.841334 0.013966 0.042894 0.027584
0 0.429336 0.776958 0.036594 0.030028
0 0.611131 0.016357 0.098713 0.032714
0 0.987657 0.504733 0.024615 0.033699
0 0.211562 0.453650 0.030942 0.026834
0 0.822086 0.790208 0.041507 0.029922
0 0.040348 0.316654 0.034173 0.028385
0 0.370058 0.597490 0.037041 0.029727
0 0.574986 0.168535 0.038677 0.027612
0 0.402120 0.060014 0.045163 0.038802
0 0.447112 0.526144 0.037020 0.028595
0 0.977365 0.846748 0.044679 0.048668
0 0.408416 0.357906 0.038499 0.030963
0 0.731073 0.268239 0.030324 0.023617
0 0.964296 0.555870 0.035101 0.027317
0 0.191498 0.597046 0.175483 0.147952
0 0.278451 0.557263 0.034306 0.028672
0 0.921282 0.119899 0.042164 0.035963
0 0.641780 0.833552 0.032950 0.025509
0 0.530770 0.972094 0.035135 0.028397
0 0.275526 0.945582 0.027241 0.022913
0 0.499482 0.544120 0.030420 0.024827
0 0.007699 0.369773 0.015398 0.023152
0 0.153402 0.287164 0.082154 0.070621
0 0.124648 0.181268 0.037811 0.031659
0 0.767365 0.905461 0.069084 0.052701
0 0.983947 0.211098 0.032106 0.039389
0 0.704404 0.025918 0.093181 0.051837