0 0.319626 0.369630 0.295747 0.264185
0 0.107306 0.861166 0.214612 0.222537
0 0.759943 0.751655 0.188098 0.170543
0 0.546898 0.525234 0.147346 0.136156
0 0.503338 0.889664 0.096727 0.085456
0 0.913085 0.541999 0.083205 0.071611
0 0.352823 0.873974 0.063032 0.056054
0 0.604026 0.019709 0.044257 0.038898
0 0.373797 0.681004 0.071740 0.065406
0 0.909886 0.842948 0.131218 0.112093
0 0.644191 0.056796 0.060061 0.057440
0 0.775685 0.863148 0.043993 0.039340
0 0.584078 0.386949 0.141425 0.130945
0 0.926433 0.676002 0.033577 0.030534
0 0.475510 0.435210 0.030907 0.027729
0 0.807718 0.035167 0.035590 0.031399
0 0.501520 0.770756 0.051623 0.046915
0 0.306587 0.659851 0.056466 0.049354
0 0.562790 0.755905 0.064259 0.057412
0 0.958344 0.734641 0.053201 0.046695
0 0.245984 0.084084 0.349810 0.168169
0 0.321840 0.184394 0.030421 0.027381
0 0.819711 0.407957 0.158487 0.133319
0 0.784861 0.151203 0.081514 0.074836
0 0.534520 0.314849 0.089988 0.079988
0 0.614852 0.082956 0.031110 0.028742
0 0.977438 0.567136 0.044631 0.058855
0 0.960861 0.378165 0.078277 0.078182
0 0.417528 0.907860 0.084004 0.074839
0 0.107134 0.983668 0.024181 0.023477
0 0.126441 0.553312 0.252881 0.500360
0 0.897489 0.773098 0.086068 0.079729
0 0.635705 0.269248 0.197368 0.186192
0 0.657952 0.215629 0.094748 0.087698
0 0.300923 0.232838 0.048942 0.042607
0 0.793522 0.677083 0.028703 0.025785
0 0.586502 0.707610 0.053116 0.046029
0 0.948810 0.464070 0.100250 0.089419
0 0.945514 0.141884 0.062231 0.054401
0 0.878473 0.263499 0.239465 0.214283
0 0.569800 0.749610 0.079164 0.065496
0 0.865909 0.595648 0.072669 0.062574
0 0.984277 0.773286 0.027015 0.025757
0 0.957096 0.928877 0.085808 0.142247
0 0.860000 0.937752 0.031288 0.029288
0 0.711988 0.980875 0.040776 0.033237
0 0.499780 0.728975 0.121941 0.108015
0 0.972679 0.521756 0.049842 0.045194
0 0.677798 0.302572 0.142170 0.123612
0 0.958982 0.138026 0.081692 0.070920
0 0.896717 0.784441 0.072202 0.059805
0 0.044787 0.317314 0.089574 0.128867
0 0.741185 0.582965 0.032010 0.026836