0 0.370896 0.523078 0.066077 0.063821
0 0.232260 0.665746 0.077921 0.075391
0 0.244813 0.356799 0.117908 0.110631
0 0.352203 0.392769 0.101883 0.098499
0 0.703275 0.504736 0.070426 0.068165
0 0.664541 0.538446 0.050501 0.047461
0 0.760658 0.639038 0.036659 0.034932
0 0.956773 0.088763 0.048406 0.049297
0 0.429866 0.901769 0.045421 0.045389
0 0.559054 0.120704 0.039496 0.037222
0 0.624600 0.862260 0.038161 0.036062
0 0.933238 0.937479 0.133525 0.123706
0 0.742011 0.692151 0.030810 0.029694
0 0.861177 0.851943 0.150669 0.144038
0 0.863467 0.105069 0.037867 0.039041
0 0.550848 0.203458 0.069202 0.066215
0 0.613311 0.538380 0.040574 0.039050
0 0.918519 0.573177 0.071607 0.067212
0 0.802944 0.557122 0.059246 0.056916
0 0.789407 0.677429 0.060810 0.056889
0 0.923753 0.715901 0.048388 0.045955
0 0.748479 0.017822 0.057401 0.035644
0 0.914927 0.098119 0.042605 0.042648
0 0.448443 0.679849 0.028979 0.028248
0 0.522157 0.634030 0.396274 0.425308
0 0.452028 0.024742 0.089350 0.049239
0 0.494977 0.044521 0.078235 0.076472
0 0.562406 0.058415 0.026027 0.025068
0 0.698447 0.175220 0.029841 0.029278
0 0.950853 0.141228 0.046811 0.046052
0 0.715700 0.786111 0.029509 0.027682
0 0.609460 0.584980 0.086236 0.084562
0 0.754481 0.462448 0.032992 0.032118
0 0.031673 0.247302 0.031549 0.030305
0 0.993298 0.242355 0.013404 0.028600
0 0.664232 0.021582 0.047774 0.043164
0 0.304012 0.806210 0.028914 0.028256
0 0.815752 0.018748 0.075537 0.037178
0 0.231811 0.818810 0.450844 0.362380
0 0.952557 0.530446 0.026043 0.025852
0 0.954810 0.145698 0.036149 0.035617
0 0.637988 0.345910 0.077825 0.075406
0 0.266933 0.501926 0.025360 0.024600
0 0.904300 0.357525 0.046818 0.045395
0 0.624336 0.671381 0.078923 0.076033
0 0.625657 0.682003 0.068153 0.062067
0 0.045689 0.627007 0.090746 0.226618
0 0.766412 0.494092 0.033835 0.032607