0 0.483728 0.782764 0.216316 0.197134
0 0.210002 0.087674 0.062450 0.055367
0 0.609082 0.277813 0.043214 0.041340
0 0.022614 0.491014 0.044453 0.056227
0 0.322659 0.945670 0.047082 0.041135
0 0.826610 0.523453 0.068393 0.063516
0 0.520698 0.317526 0.031758 0.029446
0 0.161000 0.830706 0.033968 0.031845
0 0.560647 0.966688 0.052784 0.047713
0 0.257353 0.485116 0.027788 0.026371
0 0.652717 0.309113 0.032684 0.029500
0 0.265515 0.759131 0.030582 0.028770
0 0.013821 0.888507 0.027522 0.029871
0 0.028865 0.410110 0.057694 0.060866
0 0.436332 0.132406 0.030748 0.029662
0 0.640941 0.387304 0.025546 0.024814
0 0.608346 0.507387 0.030714 0.030142
0 0.892129 0.273917 0.019894 0.019518
0 0.108012 0.993236 0.029988 0.013528