0 0.739284 0.288024 0.201398 0.195382
0 0.701926 0.748328 0.180767 0.177562
0 0.895040 0.062969 0.086838 0.087202
0 0.763069 0.025963 0.062828 0.051542
0 0.269571 0.761495 0.058722 0.057241
0 0.912249 0.940574 0.059739 0.058086
0 0.928452 0.115889 0.033625 0.033011
0 0.797298 0.097420 0.035531 0.034422
0 0.498263 0.362940 0.294784 0.276609
0 0.038603 0.917318 0.077207 0.152335
0 0.644936 0.054449 0.038544 0.037657
0 0.430105 0.535181 0.084136 0.080991
0 0.856565 0.733369 0.042012 0.042453
0 0.756140 0.981385 0.101483 0.037230
0 0.457096 0.851550 0.065254 0.068201
0 0.135950 0.427119 0.253468 0.382961
0 0.558754 0.991477 0.040090 0.017046
0 0.134968 0.937276 0.043189 0.040678
0 0.989150 0.097066 0.021700 0.072073
0 0.574999 0.087043 0.045892 0.046804
0 0.836494 0.876785 0.056732 0.055776
0 0.401298 0.482273 0.051399 0.049678
0 0.601008 0.863895 0.252631 0.244126
0 0.793733 0.926924 0.077508 0.077237
0 0.722518 0.950381 0.039050 0.037994
0 0.599948 0.206445 0.026623 0.025798
0 0.709125 0.040619 0.065309 0.063735
0 0.902034 0.907220 0.028451 0.027671
0 0.953000 0.684439 0.038758 0.036356
0 0.447825 0.794716 0.066578 0.066465
0 0.585263 0.521942 0.029398 0.029374
0 0.532963 0.671889 0.216347 0.218522
0 0.867758 0.938022 0.025938 0.026213
0 0.821310 0.733796 0.026406 0.025505
0 0.988903 0.582963 0.022194 0.043830
0 0.359607 0.884492 0.036840 0.035266
0 0.962451 0.871464 0.029939 0.028542
0 0.812909 0.176692 0.040356 0.039132
0 0.492800 0.939327 0.044938 0.044445
0 0.586598 0.653084 0.318967 0.283560
0 0.862332 0.402553 0.047818 0.045525
0 0.283486 0.802239 0.039378 0.038814
0 0.659846 0.455904 0.166515 0.161424
0 0.574314 0.798755 0.032429 0.032570
0 0.987052 0.287380 0.025896 0.044100
0 0.588906 0.980464 0.045235 0.039073
0 0.707654 0.050013 0.077831 0.078019
0 0.519758 0.172328 0.028813 0.027801
0 0.992484 0.188567 0.015032 0.038203
0 0.674924 0.602891 0.138689 0.138172
0 0.177383 0.119688 0.299851 0.239375
0 0.739457 0.822539 0.036536 0.036226
0 0.980474 0.925167 0.038922 0.149666
0 0.978979 0.770971 0.042041 0.154047