0 0.643550 0.916670 0.070411 0.059027
0 0.479549 0.731389 0.093090 0.079661
0 0.154931 0.299977 0.041293 0.034169
0 0.290790 0.888186 0.042070 0.034399
0 0.888486 0.353569 0.036394 0.031913
0 0.367261 0.880160 0.041833 0.034008
0 0.402734 0.080282 0.107492 0.093124
0 0.270886 0.986583 0.039464 0.026512
0 0.539956 0.686945 0.037990 0.032955
0 0.507788 0.335775 0.031541 0.027121
0 0.133100 0.452967 0.030494 0.025619
0 0.921552 0.578151 0.031979 0.026810
0 0.860225 0.538356 0.032260 0.026832
0 0.237190 0.025838 0.036099 0.029862
0 0.125882 0.775317 0.039686 0.035401
0 0.990277 0.396104 0.019446 0.024350
0 0.918765 0.337257 0.032719 0.029767
0 0.937459 0.553216 0.026828 0.024408
0 0.334202 0.050910 0.043740 0.033071
0 0.038227 0.193630 0.033924 0.029383
0 0.740998 0.082823 0.026147 0.023281
0 0.220790 0.427133 0.029264 0.024659
0 0.431033 0.216953 0.118626 0.099932
0 0.341523 0.041214 0.063490 0.056817
0 0.418916 0.675342 0.092303 0.082684
0 0.247230 0.841707 0.027477 0.023638
0 0.912515 0.242402 0.061100 0.053818