0 0.181323 0.399910 0.158778 0.130575
0 0.304662 0.689229 0.225544 0.195585
0 0.155451 0.230388 0.060551 0.050892
0 0.303242 0.260152 0.094690 0.072929
0 0.479441 0.160853 0.051308 0.045292
0 0.379503 0.331047 0.046159 0.036772
0 0.663664 0.950376 0.035812 0.029712
0 0.597046 0.443766 0.065129 0.053380
0 0.365064 0.071747 0.039434 0.033199
0 0.345432 0.489971 0.050906 0.041664
0 0.735822 0.404175 0.058423 0.046302
0 0.822685 0.112512 0.046529 0.039615
0 0.040371 0.797473 0.057910 0.049295
0 0.269558 0.029758 0.034062 0.029804
0 0.463126 0.595454 0.187771 0.156143
0 0.930698 0.108451 0.041315 0.036090
0 0.430062 0.925385 0.033151 0.029482
0 0.711168 0.937622 0.034276 0.030956
0 0.791499 0.174263 0.047091 0.039657
0 0.076809 0.980770 0.053143 0.038028
0 0.190184 0.931570 0.063701 0.057587
0 0.496791 0.362573 0.095300 0.076955
0 0.720952 0.288766 0.055682 0.048170
0 0.281213 0.382095 0.090972 0.076366
0 0.770427 0.092797 0.037113 0.031737
0 0.744252 0.067971 0.032548 0.029360
0 0.750760 0.023979 0.041707 0.035434
0 0.845891 0.308995 0.033541 0.028165
0 0.293893 0.487164 0.049367 0.039137
0 0.157452 0.526941 0.079106 0.064131
0 0.889926 0.412023 0.039174 0.035920
0 0.071125 0.705894 0.033968 0.030549
0 0.609769 0.594069 0.031971 0.027380
0 0.500679 0.916235 0.026904 0.024310
0 0.349287 0.011585 0.040777 0.023170
0 0.299289 0.053054 0.033229 0.027814
0 0.964147 0.021138 0.036641 0.032310
0 0.702940 0.244614 0.028275 0.024891
0 0.854340 0.424234 0.053936 0.045510
0 0.660703 0.357730 0.065493 0.052851
0 0.670698 0.319330 0.068121 0.063139
0 0.759639 0.127304 0.036689 0.027605
0 0.463508 0.215644 0.041400 0.034779
0 0.455562 0.503978 0.030803 0.027952
0 0.871980 0.078407 0.031036 0.027187
0 0.723430 0.658130 0.029973 0.029298
0 0.537727 0.160803 0.059962 0.053982
0 0.838225 0.013249 0.069689 0.026138
0 0.726459 0.329289 0.046587 0.040434
0 0.217759 0.495091 0.028802 0.023384
0 0.255596 0.982860 0.026483 0.025191
0 0.128701 0.685034 0.036073 0.031717
0 0.054333 0.503477 0.043649 0.034984
0 0.715236 0.375602 0.046604 0.040860
0 0.552382 0.273172 0.025957 0.023667
0 0.868891 0.018745 0.024027 0.023805
0 0.721560 0.116867 0.248590 0.217602