0 0.299712 0.709934 0.098255 0.096552
0 0.635597 0.514911 0.061281 0.059337
0 0.022784 0.665386 0.035075 0.034687
0 0.596566 0.234169 0.035380 0.035223
0 0.266965 0.642197 0.069418 0.069751
0 0.084849 0.312683 0.027615 0.026903
0 0.803291 0.625968 0.029082 0.028389
0 0.197476 0.713017 0.027693 0.026841
0 0.980927 0.219545 0.038145 0.049115
0 0.364752 0.965186 0.029200 0.028948
0 0.017607 0.857369 0.034531 0.053954
0 0.127636 0.805262 0.026589 0.026569
0 0.646267 0.962309 0.029871 0.029155
0 0.229220 0.301836 0.028589 0.028293
0 0.492959 0.459017 0.032913 0.031742
0 0.250371 0.986501 0.025471 0.025070
0 0.774891 0.423223 0.025117 0.024675
0 0.484559 0.333249 0.032355 0.031784
0 0.335324 0.387202 0.027088 0.027132
0 0.077953 0.275683 0.032330 0.030953
0 0.379836 0.312558 0.025841 0.025779
0 0.195667 0.275718 0.024534 0.024338
0 0.774814 0.282937 0.031194 0.031416
0 0.461098 0.239305 0.027311 0.028019
0 0.211902 0.680064 0.028974 0.028927
0 0.658763 0.823852 0.026982 0.026723
0 0.794022 0.182392 0.059539 0.057332
0 0.322033 0.213331 0.024929 0.025621
0 0.976529 0.080404 0.046631 0.057500
0 0.452007 0.196352 0.025588 0.024402