0 0.492638 0.834096 0.131721 0.124987
0 0.637307 0.057332 0.050239 0.045940
0 0.111888 0.212016 0.037663 0.035185
0 0.128313 0.752038 0.046594 0.042060
0 0.670824 0.561163 0.042353 0.039010
0 0.028393 0.265880 0.056263 0.061021
0 0.758974 0.668088 0.035456 0.032157
0 0.834709 0.543105 0.034275 0.031345
0 0.147312 0.163029 0.036710 0.035046
0 0.235942 0.402598 0.036320 0.035505
0 0.185068 0.427249 0.035043 0.032829
0 0.154001 0.096408 0.031994 0.030609
0 0.548361 0.611122 0.034922 0.031477
0 0.240509 0.758891 0.041312 0.037320
0 0.869020 0.901596 0.259693 0.196809
0 0.305700 0.716236 0.032736 0.030075
0 0.479284 0.273456 0.037893 0.033270
0 0.399199 0.403037 0.031611 0.029450
0 0.174480 0.272161 0.094100 0.088466
0 0.420857 0.984537 0.054005 0.030926
0 0.545132 0.656024 0.043375 0.037232
0 0.987652 0.017817 0.024696 0.031708
0 0.193475 0.087495 0.028922 0.027528
0 0.408323 0.241998 0.053940 0.046553
0 0.690055 0.616169 0.040150 0.036532
0 0.582870 0.433272 0.031858 0.029350
0 0.150636 0.566433 0.031592 0.028427
0 0.874185 0.041211 0.251630 0.082423
0 0.742619 0.578742 0.027493 0.026370
0 0.809969 0.291400 0.377418 0.548148
0 0.430554 0.982235 0.072841 0.035504
0 0.396983 0.871090 0.030188 0.028233
0 0.355573 0.983026 0.070931 0.033949
0 0.809514 0.019206 0.061336 0.037588
0 0.209634 0.719013 0.031111 0.028189
0 0.309309 0.842559 0.048280 0.042421
0 0.650425 0.733897 0.043350 0.039971
0 0.029986 0.898666 0.030316 0.028005
0 0.814940 0.015587 0.047750 0.030857
0 0.460040 0.925219 0.057148 0.054777