0 0.891057 0.396453 0.212706 0.210628
0 0.675100 0.813448 0.060386 0.059394
0 0.352259 0.947819 0.080572 0.079807
0 0.387218 0.039533 0.035877 0.035523
0 0.109557 0.268394 0.043868 0.042842
0 0.496409 0.768012 0.123089 0.122081
0 0.308634 0.817485 0.030635 0.030365
0 0.149926 0.725902 0.073098 0.072307
0 0.020371 0.556141 0.033469 0.033140
0 0.254120 0.113297 0.038830 0.038766
0 0.270078 0.705350 0.031578 0.031346
0 0.374940 0.138191 0.033448 0.032189
0 0.387964 0.260047 0.061909 0.060638
0 0.425204 0.955987 0.031253 0.031550
0 0.711790 0.048442 0.030872 0.030274
0 0.399209 0.906575 0.047805 0.047988
0 0.219448 0.937408 0.033442 0.032154
0 0.558514 0.402741 0.031235 0.028851
0 0.630772 0.282614 0.126336 0.127663
0 0.581519 0.887984 0.071784 0.072216
0 0.349387 0.165252 0.028126 0.027748
0 0.361998 0.605840 0.029273 0.028304
0 0.218874 0.641298 0.038517 0.038595
0 0.127304 0.986966 0.026637 0.025529
0 0.507772 0.408221 0.069425 0.067935
0 0.125600 0.603423 0.025949 0.026005
0 0.829302 0.880986 0.068803 0.069167
0 0.559473 0.946992 0.046079 0.043668
0 0.546405 0.503014 0.148525 0.144813
0 0.364811 0.863506 0.040544 0.043478
0 0.371255 0.210600 0.031899 0.030497
0 0.883833 0.142366 0.086157 0.083949
0 0.509507 0.907928 0.080503 0.079823
0 0.681884 0.222650 0.028463 0.027439
0 0.380464 0.647063 0.059391 0.059212
0 0.732252 0.768820 0.080677 0.077108
0 0.772934 0.945910 0.077414 0.075227
0 0.451492 0.630580 0.101888 0.099427
0 0.182804 0.071349 0.054923 0.053218
0 0.270525 0.074203 0.031315 0.029752
0 0.829335 0.893074 0.059134 0.058686
0 0.357475 0.679664 0.028051 0.028003
0 0.568253 0.650272 0.143857 0.130615
0 0.975725 0.503220 0.048550 0.138812
0 0.873759 0.623290 0.050006 0.049292
0 0.127415 0.152046 0.024243 0.024268
0 0.338023 0.851632 0.024129 0.024337