0 0.112912 0.114009 0.045012 0.044754
0 0.296553 0.232437 0.044503 0.044821
0 0.077994 0.906333 0.061147 0.061385
0 0.239049 0.114302 0.027127 0.027256
0 0.301103 0.056742 0.026337 0.025776
0 0.382984 0.368216 0.030297 0.030037
0 0.572912 0.490462 0.042115 0.041132
0 0.533186 0.802513 0.041251 0.040199
0 0.018156 0.500510 0.030018 0.029898
0 0.055567 0.363237 0.025724 0.025680
0 0.083882 0.025768 0.028754 0.027536
0 0.685141 0.078111 0.041154 0.040656
0 0.221915 0.013950 0.056949 0.027833
0 0.335059 0.245983 0.033804 0.033748
0 0.141915 0.453101 0.026058 0.025546
0 0.185741 0.350540 0.022286 0.022139
0 0.102075 0.149101 0.027318 0.027589
0 0.416876 0.392003 0.025590 0.025661
0 0.127393 0.426173 0.024457 0.024586
0 0.134545 0.244426 0.023405 0.023733
0 0.928471 0.477709 0.044336 0.043406
0 0.302679 0.270136 0.030411 0.030584
0 0.274085 0.080298 0.024713 0.024264
0 0.364625 0.154110 0.027081 0.027098
0 0.905699 0.802007 0.031787 0.031544
0 0.460033 0.085106 0.026437 0.026587
0 0.452879 0.426258 0.026645 0.026787
0 0.504708 0.932936 0.037441 0.036526
0 0.429652 0.119244 0.022975 0.022834
0 0.284439 0.184429 0.029309 0.029185
0 0.788818 0.783549 0.033124 0.032529
0 0.138175 0.673162 0.027793 0.027670
0 0.242971 0.147445 0.027238 0.027893
0 0.371843 0.178912 0.026115 0.026946
0 0.630219 0.450475 0.030671 0.029911
0 0.420404 0.010411 0.025085 0.020822
0 0.560812 0.353564 0.027707 0.027263
0 0.171214 0.035803 0.024686 0.024828
0 0.344108 0.277682 0.023866 0.023741
0 0.056193 0.234973 0.019794 0.019533
0 0.357037 0.323654 0.025942 0.025598
0 0.345429 0.471468 0.027221 0.026854
0 0.353513 0.088722 0.024664 0.024410
0 0.708224 0.013275 0.029041 0.026550
0 0.074823 0.152720 0.025623 0.026387
0 0.131683 0.307066 0.023978 0.023470
0 0.331186 0.419739 0.023236 0.023455
0 0.482488 0.161639 0.026945 0.027201
0 0.115518 0.356536 0.026959 0.026564
0 0.029600 0.589345 0.025926 0.025073
0 0.409952 0.753847 0.085983 0.086836
0 0.936437 0.446522 0.044409 0.043248
0 0.161297 0.009433 0.023523 0.018865
0 0.268520 0.322512 0.018688 0.018702
0 0.577583 0.230366 0.039693 0.037736
0 0.013514 0.082455 0.015132 0.015757
0 0.957406 0.705252 0.029210 0.029788
0 0.012418 0.892993 0.024626 0.031903
0 0.460628 0.266459 0.040688 0.040766
0 0.262346 0.159701 0.028406 0.028000
0 0.328393 0.156722 0.021575 0.021769
0 0.786169 0.968710 0.068894 0.062580
0 0.136007 0.745014 0.024773 0.025923
0 0.488763 0.153479 0.024665 0.024542
0 0.277878 0.359848 0.019683 0.019301
0 0.293636 0.139682 0.022747 0.022961
0 0.858163 0.297908 0.025883 0.025663
0 0.165821 0.764857 0.024238 0.023638
0 0.049176 0.808493 0.026927 0.026847
0 0.181273 0.245611 0.018359 0.018199
0 0.057989 0.307598 0.017063 0.017381
0 0.331754 0.035909 0.022577 0.022909
0 0.735523 0.068803 0.461268 0.137607
0 0.020332 0.019508 0.015879 0.015756
0 0.428507 0.350915 0.026520 0.027287
0 0.683108 0.020703 0.027229 0.026993
0 0.558676 0.411680 0.021927 0.021811
0 0.539167 0.138498 0.021803 0.021939
0 0.570548 0.324162 0.022440 0.022816
0 0.120323 0.924476 0.023838 0.023511
0 0.344675 0.476766 0.029006 0.030771
0 0.495500 0.435617 0.019860 0.019733
0 0.588790 0.245519 0.034210 0.033502
0 0.011897 0.966548 0.022927 0.026155
0 0.561760 0.179258 0.031619 0.031728