0 0.456991 0.488799 0.032519 0.029842
0 0.188774 0.081782 0.036415 0.031502
0 0.193150 0.179750 0.054827 0.047282
0 0.806337 0.923643 0.033843 0.030488
0 0.115709 0.131190 0.038029 0.033763
0 0.100063 0.309387 0.032369 0.027217
0 0.988743 0.850008 0.022515 0.041582
0 0.072705 0.080951 0.034338 0.030329
0 0.111807 0.105896 0.040380 0.033506
0 0.938989 0.326969 0.032888 0.028761
0 0.878611 0.033919 0.030063 0.026440
0 0.014448 0.503776 0.028896 0.025824
0 0.976296 0.982368 0.046848 0.034448
0 0.144490 0.143037 0.033998 0.030400
0 0.893803 0.307783 0.037561 0.031533
0 0.050914 0.377241 0.030253 0.025969
0 0.256850 0.198508 0.036315 0.030231
0 0.044899 0.986465 0.059258 0.027070
0 0.725028 0.989708 0.029182 0.020583
0 0.462549 0.180737 0.028228 0.025990
0 0.652155 0.975037 0.043987 0.042000
0 0.837692 0.882121 0.026215 0.025007
0 0.616762 0.900495 0.036664 0.034541