0 0.928302 0.182062 0.041177 0.039586
0 0.684162 0.935535 0.042847 0.042006
0 0.871864 0.632994 0.033474 0.031971
0 0.723716 0.439765 0.033234 0.031272
0 0.081697 0.948291 0.027670 0.026830
0 0.454022 0.522677 0.031301 0.029712
0 0.670509 0.981631 0.040058 0.036365
0 0.945806 0.521057 0.035890 0.034275
0 0.676399 0.529982 0.025497 0.025271
0 0.280141 0.140385 0.068478 0.068133
0 0.989374 0.678494 0.021253 0.034462
0 0.010979 0.010002 0.021959 0.020004
0 0.875584 0.902020 0.050271 0.048961
0 0.172615 0.256002 0.051072 0.051517
0 0.909125 0.709655 0.031149 0.029841
0 0.079201 0.160703 0.061882 0.056482
0 0.926957 0.907163 0.028740 0.029027
0 0.156094 0.282881 0.032975 0.032432
0 0.536668 0.095718 0.024108 0.023671
0 0.936614 0.747062 0.024446 0.024157
0 0.807366 0.669052 0.023969 0.022856
0 0.139000 0.176121 0.059451 0.059724
0 0.882933 0.865337 0.026093 0.026002
0 0.879622 0.432649 0.028556 0.027605
0 0.592470 0.281811 0.023099 0.022484
0 0.713463 0.915773 0.027164 0.027697
0 0.325063 0.313882 0.034334 0.034856
0 0.980683 0.486454 0.038634 0.038625
0 0.664719 0.909165 0.032696 0.032774
0 0.895153 0.578599 0.022663 0.022480
0 0.200692 0.151941 0.052643 0.051795
0 0.615848 0.929533 0.038556 0.038655
0 0.811458 0.625994 0.028928 0.026632
0 0.053399 0.403367 0.106798 0.104698
0 0.687065 0.124109 0.022302 0.022343
0 0.831680 0.612659 0.030909 0.030227
0 0.862513 0.519486 0.038155 0.040947
0 0.752131 0.038161 0.079809 0.074380
0 0.245519 0.080481 0.032181 0.031761
0 0.969739 0.136952 0.034612 0.032824
0 0.971721 0.987278 0.056559 0.025445
0 0.969426 0.277686 0.056006 0.054607