0 0.086162 0.972765 0.079313 0.054471
0 0.239394 0.171775 0.047395 0.041419
0 0.468998 0.380263 0.041471 0.034503
0 0.610564 0.099899 0.049192 0.045266
0 0.768699 0.837761 0.046086 0.038190
0 0.981740 0.425503 0.036467 0.036872
0 0.083814 0.115289 0.037318 0.029623
0 0.721800 0.017720 0.028552 0.027346
0 0.662708 0.181997 0.045239 0.042012
0 0.983494 0.098914 0.026437 0.025691
0 0.383137 0.680220 0.040537 0.033163
0 0.238281 0.448309 0.034180 0.028164
0 0.284368 0.150057 0.038306 0.034036
0 0.623394 0.126703 0.037219 0.032486
0 0.250268 0.531491 0.088108 0.075745
0 0.071256 0.057986 0.037106 0.034926
0 0.124050 0.629040 0.050952 0.041818
0 0.186189 0.814288 0.372019 0.371425
0 0.525435 0.441434 0.029499 0.027747
0 0.520493 0.176549 0.027794 0.025985
0 0.720973 0.104794 0.028383 0.025528
0 0.157230 0.920153 0.108210 0.094033