0 0.140016 0.485101 0.069224 0.064468
0 0.259045 0.825004 0.087919 0.080499
0 0.720486 0.148574 0.078506 0.074129
0 0.509115 0.525362 0.053965 0.048476
0 0.704231 0.500764 0.039352 0.037437
0 0.858682 0.354273 0.065304 0.061067
0 0.611811 0.607161 0.039930 0.038301
0 0.968447 0.867159 0.040434 0.039482
0 0.818381 0.234227 0.063203 0.060881
0 0.861875 0.874091 0.031687 0.031522
0 0.794244 0.718484 0.090217 0.086703
0 0.982187 0.225742 0.034438 0.034282
0 0.229599 0.094462 0.045994 0.041631
0 0.613241 0.802601 0.063420 0.062315
0 0.909410 0.568239 0.031138 0.030028
0 0.812691 0.037616 0.170334 0.074519
0 0.143611 0.830055 0.037765 0.034201
0 0.465802 0.096012 0.053084 0.049374
0 0.700321 0.200618 0.031559 0.029843
0 0.796739 0.190562 0.034017 0.031279
0 0.163296 0.391261 0.029165 0.027535
0 0.799126 0.418779 0.095163 0.090070
0 0.679440 0.985979 0.029734 0.027226
0 0.084508 0.609848 0.169016 0.167735
0 0.572228 0.180840 0.063362 0.059798
0 0.621015 0.213792 0.036838 0.033437
0 0.359430 0.889102 0.054921 0.055865
0 0.009371 0.771081 0.018410 0.055239
0 0.041945 0.041977 0.030914 0.029848
0 0.444761 0.607804 0.028098 0.027219
0 0.032884 0.291233 0.065767 0.080054
0 0.017462 0.683704 0.034924 0.045934
0 0.699900 0.363117 0.050654 0.047541
0 0.282206 0.415773 0.558999 0.695943
0 0.757434 0.914311 0.023602 0.022692
0 0.222825 0.041611 0.036201 0.033254
0 0.879721 0.892960 0.022551 0.022774
0 0.927175 0.143702 0.037359 0.035924
0 0.994758 0.123400 0.010483 0.050419
0 0.828813 0.116577 0.081914 0.078016
0 0.889572 0.196884 0.112006 0.100430
0 0.028299 0.870475 0.024891 0.023943
0 0.717442 0.747317 0.025613 0.025069
0 0.323929 0.951738 0.026392 0.025865
0 0.494979 0.813329 0.025357 0.024449