0 0.536754 0.200861 0.056933 0.054833
0 0.648969 0.430406 0.072040 0.071069
0 0.387964 0.242696 0.037036 0.037067
0 0.856898 0.555851 0.061779 0.060639
0 0.947611 0.074112 0.051358 0.049937
0 0.260939 0.255195 0.048193 0.045627
0 0.776283 0.072357 0.031332 0.030246
0 0.587659 0.642254 0.039826 0.038615
0 0.944701 0.552581 0.032611 0.032535
0 0.103289 0.391998 0.034016 0.033704
0 0.306413 0.344749 0.058152 0.058087
0 0.867324 0.946527 0.045427 0.045311
0 0.136405 0.405633 0.160872 0.142680
0 0.391858 0.749810 0.049628 0.048611
0 0.895131 0.776114 0.033830 0.033009
0 0.485583 0.784200 0.041530 0.041270
0 0.982980 0.944396 0.033833 0.051427
0 0.960758 0.124766 0.032419 0.031373
0 0.953129 0.793200 0.034087 0.033631
0 0.777836 0.773741 0.030195 0.029284
0 0.181749 0.624582 0.033297 0.031879
0 0.018828 0.596146 0.032081 0.031086
0 0.266436 0.487703 0.130942 0.123961
0 0.240783 0.191009 0.072649 0.071311
0 0.351361 0.888215 0.036563 0.036986
0 0.663491 0.816556 0.029602 0.029751
0 0.115970 0.436627 0.030240 0.028789
0 0.816791 0.391991 0.026428 0.025864
0 0.904851 0.679159 0.028451 0.029268
0 0.223179 0.591540 0.042102 0.040400
0 0.675334 0.711868 0.028702 0.028144
0 0.128776 0.945444 0.030706 0.029841
0 0.046004 0.897205 0.049886 0.047578
0 0.359072 0.918759 0.027830 0.028173
0 0.201213 0.035431 0.061625 0.058964
0 0.346955 0.721171 0.041514 0.040273
0 0.123341 0.614386 0.085604 0.083977
0 0.409000 0.613260 0.038054 0.037711
0 0.603406 0.769476 0.039814 0.039363
0 0.613005 0.714896 0.032433 0.031918
0 0.541536 0.684049 0.028983 0.028829
0 0.879790 0.311759 0.027855 0.026648
0 0.452242 0.252445 0.057490 0.055717
0 0.963853 0.993034 0.025755 0.013933
0 0.487827 0.276635 0.327950 0.331014
0 0.370809 0.708486 0.028227 0.027802
0 0.873306 0.012121 0.032938 0.023454
0 0.945301 0.489082 0.040422 0.040516
0 0.799516 0.447902 0.026534 0.026456
0 0.983721 0.782316 0.032516 0.088137
0 0.348501 0.881025 0.030903 0.028864
0 0.988419 0.117975 0.023162 0.069726
0 0.588894 0.306069 0.127006 0.126200
0 0.570367 0.420673 0.024936 0.024300
0 0.946792 0.980418 0.043721 0.038223
0 0.906695 0.633793 0.056784 0.055867
0 0.285537 0.153029 0.025019 0.024184
0 0.540605 0.783756 0.028012 0.027659
0 0.230352 0.150441 0.032190 0.030629
0 0.537632 0.737429 0.031290 0.030770
0 0.222142 0.308895 0.111206 0.109245
0 0.911793 0.637186 0.046754 0.046901
0 0.409588 0.145159 0.024191 0.024814
0 0.808779 0.567525 0.031613 0.032044
0 0.564302 0.962942 0.075331 0.072627
0 0.308585 0.650664 0.137514 0.124796
0 0.355019 0.496627 0.048587 0.044927