0 0.276269 0.489220 0.287723 0.257955
0 0.120225 0.717570 0.095447 0.081562
0 0.481259 0.265367 0.039877 0.032972
0 0.634979 0.319264 0.066529 0.058595
0 0.100081 0.658708 0.070631 0.057763
0 0.491326 0.584562 0.039443 0.032164
0 0.271252 0.255287 0.039654 0.033054
0 0.041790 0.577271 0.033562 0.028182
0 0.284673 0.727518 0.028770 0.025243
0 0.221754 0.985596 0.039693 0.028809
0 0.882821 0.006135 0.038733 0.012259
0 0.834918 0.460194 0.043405 0.038139
0 0.090303 0.772500 0.032293 0.027947
0 0.952386 0.144417 0.030262 0.023641
0 0.015263 0.243615 0.030526 0.040960
0 0.139637 0.208551 0.128717 0.116944
0 0.597859 0.988739 0.027410 0.021621
0 0.936293 0.750756 0.125930 0.498487