0 0.085093 0.931978 0.047984 0.046728
0 0.315265 0.574595 0.046894 0.047356
0 0.322559 0.359846 0.379698 0.360031
0 0.018462 0.828649 0.036925 0.046599
0 0.092605 0.724692 0.046680 0.046639
0 0.354414 0.837696 0.036975 0.036712
0 0.559873 0.023125 0.082548 0.046250
0 0.705093 0.041064 0.046770 0.046092
0 0.302692 0.884948 0.048600 0.048607
0 0.637395 0.661754 0.034991 0.034624
0 0.705298 0.174286 0.034001 0.033225
0 0.028520 0.917267 0.031537 0.030376
0 0.122007 0.923775 0.032153 0.031209
0 0.275778 0.930366 0.034945 0.035234
0 0.402443 0.052103 0.048954 0.047232
0 0.255415 0.712550 0.035583 0.034811
0 0.121273 0.566127 0.141348 0.134980
0 0.036586 0.391973 0.073172 0.139360
0 0.064196 0.991701 0.038734 0.016598
0 0.259668 0.899830 0.036529 0.035517
0 0.400397 0.577814 0.037441 0.037124
0 0.193829 0.409436 0.031800 0.031207
0 0.106814 0.975492 0.058605 0.048733
0 0.789132 0.457918 0.071066 0.069881
0 0.163212 0.148557 0.311649 0.293797
0 0.112874 0.835022 0.035566 0.035717
0 0.168416 0.979284 0.079378 0.041433
0 0.053852 0.688054 0.036051 0.034709
0 0.220194 0.814997 0.033428 0.034010
0 0.193319 0.595150 0.033223 0.032235
0 0.649611 0.809235 0.090395 0.085960
0 0.225107 0.474842 0.072329 0.071513
0 0.557468 0.770844 0.091414 0.086060
0 0.329275 0.048924 0.121512 0.096059
0 0.131885 0.734226 0.033247 0.033603
0 0.736372 0.158641 0.051369 0.050685
0 0.443262 0.821323 0.025927 0.025307
0 0.548666 0.336112 0.034918 0.032858
0 0.344087 0.696516 0.033436 0.034123
0 0.760398 0.025587 0.084623 0.050996
0 0.051867 0.730252 0.029256 0.030316
0 0.504062 0.488050 0.040647 0.039800
0 0.250195 0.989679 0.035279 0.020642
0 0.154752 0.805083 0.027268 0.026720
0 0.256456 0.956597 0.038395 0.038282
0 0.552258 0.771340 0.072931 0.070746
0 0.938514 0.009281 0.030251 0.018563