0 0.376306 0.213053 0.044809 0.044698
0 0.050071 0.488265 0.036042 0.036319
0 0.081950 0.330705 0.057796 0.056616
0 0.536640 0.426649 0.031894 0.031256
0 0.372866 0.787032 0.033455 0.030550
0 0.365703 0.507528 0.033014 0.032376
0 0.031707 0.356510 0.036336 0.036088
0 0.403018 0.333244 0.030375 0.030041
0 0.405505 0.606063 0.032142 0.032005
0 0.507344 0.422902 0.029832 0.028293
0 0.473160 0.790037 0.033193 0.027551
0 0.907722 0.438371 0.024876 0.025336
0 0.201051 0.745346 0.027692 0.027284
0 0.378957 0.615661 0.027490 0.027509
0 0.465968 0.199909 0.027685 0.027011
0 0.034100 0.238211 0.029547 0.029448
0 0.125525 0.685556 0.027659 0.026677
0 0.457812 0.765639 0.024890 0.024988
0 0.978332 0.540983 0.025655 0.024671
0 0.611910 0.384588 0.023911 0.023312
0 0.167606 0.016291 0.050843 0.032583
0 0.272559 0.134549 0.035915 0.034954