0 0.597263 0.455894 0.313271 0.306936
0 0.279213 0.732701 0.035520 0.035235
0 0.689646 0.143684 0.030099 0.029529
0 0.183427 0.894473 0.042532 0.040701
0 0.553363 0.911956 0.031827 0.030453
0 0.106106 0.346686 0.037261 0.034986
0 0.959385 0.674401 0.029557 0.029612
0 0.762917 0.472737 0.025912 0.025299
0 0.071717 0.616340 0.026353 0.026125
0 0.414345 0.974907 0.028272 0.027012
0 0.064280 0.426982 0.127839 0.287612
0 0.929273 0.132549 0.025323 0.025527
0 0.929471 0.875691 0.038558 0.038010
0 0.143230 0.281216 0.038587 0.037901
0 0.214735 0.919642 0.033768 0.033746
0 0.321410 0.376597 0.026395 0.026052
0 0.280287 0.055494 0.521629 0.109974
0 0.188210 0.973465 0.274675 0.052763
0 0.882612 0.626222 0.023880 0.024168
0 0.443546 0.985301 0.025896 0.024333
0 0.963085 0.905982 0.034349 0.034645
0 0.440015 0.884584 0.024921 0.024323
0 0.489423 0.901503 0.027544 0.026892
0 0.193159 0.763802 0.024691 0.025265
0 0.092187 0.296582 0.036270 0.034935
0 0.985263 0.733718 0.023162 0.022549
0 0.364132 0.067684 0.680050 0.135369
0 0.121965 0.312625 0.040566 0.038603
0 0.915580 0.848578 0.026739 0.026309
0 0.012600 0.246788 0.025200 0.115943
0 0.063827 0.330631 0.054414 0.051960
0 0.759185 0.027030 0.234758 0.054059
0 0.867480 0.512398 0.023587 0.023386