0 0.244884 0.684933 0.190949 0.181338
0 0.742590 0.375216 0.102405 0.098215
0 0.124700 0.782875 0.050716 0.047744
0 0.360916 0.256755 0.048757 0.047189
0 0.903271 0.832608 0.053998 0.047940
0 0.882373 0.745092 0.057071 0.049990
0 0.626270 0.678035 0.037874 0.035607
0 0.163492 0.519300 0.039403 0.037943
0 0.647525 0.284852 0.090459 0.086582
0 0.020901 0.078373 0.041718 0.043382
0 0.582189 0.713288 0.037371 0.034145
0 0.398312 0.704376 0.076791 0.074268
0 0.121480 0.717806 0.038664 0.037527
0 0.126008 0.274821 0.034284 0.032780
0 0.411382 0.764371 0.036896 0.034539
0 0.878276 0.048185 0.110003 0.096370
0 0.241575 0.781625 0.039901 0.037626
0 0.092749 0.958346 0.033650 0.032397
0 0.231850 0.906775 0.103783 0.097645
0 0.577480 0.311646 0.062602 0.061724
0 0.379652 0.859083 0.058418 0.056659
0 0.086032 0.715331 0.059928 0.058837
0 0.973229 0.011596 0.030877 0.022780
0 0.354543 0.387134 0.032125 0.030760
0 0.911369 0.267316 0.056403 0.053949
0 0.682913 0.676166 0.483010 0.585393
0 0.580010 0.235334 0.044191 0.042089
0 0.820895 0.809233 0.036559 0.032932
0 0.078733 0.399358 0.157465 0.430034
0 0.478590 0.877998 0.077418 0.072780
0 0.792870 0.599242 0.163845 0.155367
0 0.546749 0.328320 0.027032 0.026368
0 0.120949 0.006576 0.030483 0.013152
0 0.150301 0.739736 0.028999 0.027833
0 0.635817 0.755871 0.101812 0.091573
0 0.033239 0.123220 0.033580 0.031557
0 0.767044 0.971825 0.057082 0.049054
0 0.054824 0.646213 0.036558 0.036048
0 0.069216 0.680269 0.028401 0.026915
0 0.523179 0.950454 0.088205 0.076551
0 0.243267 0.055509 0.342224 0.109600
0 0.615021 0.191152 0.027876 0.026553
0 0.367289 0.346534 0.481004 0.419301
0 0.951483 0.336233 0.048238 0.047685
0 0.662677 0.249952 0.044592 0.041818
0 0.760772 0.969585 0.065393 0.059781
0 0.198696 0.829722 0.028108 0.027560