0 0.619693 0.731879 0.232726 0.210123
0 0.130395 0.281544 0.080786 0.075722
0 0.419699 0.089399 0.060804 0.059772
0 0.279271 0.673252 0.066220 0.062081
0 0.560910 0.159093 0.060737 0.059251
0 0.265933 0.125701 0.040043 0.040069
0 0.518261 0.425968 0.040923 0.039195
0 0.655822 0.393528 0.041347 0.039866
0 0.435528 0.364845 0.055584 0.053671
0 0.283310 0.057183 0.058236 0.057286
0 0.890913 0.496957 0.048162 0.047440
0 0.951750 0.144769 0.064160 0.062823
0 0.213561 0.977471 0.043654 0.040435
0 0.483497 0.242766 0.038766 0.036706
0 0.837879 0.171036 0.037081 0.035480
0 0.617050 0.446072 0.045397 0.044016
0 0.831701 0.457568 0.038110 0.035704
0 0.718735 0.199829 0.073304 0.072211
0 0.271999 0.304471 0.038321 0.037438
0 0.717911 0.876563 0.030959 0.031049
0 0.582152 0.605632 0.063303 0.060742
0 0.963461 0.688023 0.034618 0.034203
0 0.475119 0.968503 0.031337 0.028706
0 0.309778 0.606054 0.040961 0.038167
0 0.793053 0.219678 0.028062 0.026921
0 0.556890 0.432895 0.031744 0.030247
0 0.912059 0.702328 0.031080 0.030213
0 0.934139 0.553804 0.034717 0.032944
0 0.797299 0.533879 0.035170 0.034317
0 0.565125 0.366712 0.028279 0.027609
0 0.660536 0.597206 0.086993 0.080751
0 0.725477 0.285762 0.029172 0.028344
0 0.866289 0.030646 0.033730 0.032855
0 0.858893 0.202065 0.027427 0.026062
0 0.059995 0.594512 0.028057 0.026569
0 0.653606 0.545583 0.065022 0.062958
0 0.475806 0.166822 0.036390 0.035304
0 0.429207 0.654734 0.048831 0.045876
0 0.972357 0.374042 0.055285 0.229630
0 0.554725 0.256021 0.032297 0.030803
0 0.102068 0.328755 0.026070 0.025596
0 0.985448 0.698657 0.029103 0.031502
0 0.377468 0.852685 0.108337 0.097811
0 0.360085 0.704943 0.029345 0.028797
0 0.600566 0.379578 0.026769 0.026520
0 0.271480 0.734961 0.094635 0.086763
0 0.378986 0.523897 0.028169 0.026998
0 0.474615 0.172678 0.038167 0.037576
0 0.464238 0.596152 0.077133 0.070638
0 0.047119 0.552433 0.092085 0.234345
0 0.396135 0.623045 0.047404 0.045415
0 0.276983 0.583664 0.045791 0.044578
0 0.622741 0.517606 0.026415 0.025673
0 0.723962 0.932024 0.026557 0.026141
0 0.802944 0.391864 0.025810 0.025633
0 0.049401 0.314320 0.048092 0.045245
0 0.777386 0.398170 0.028582 0.028250
0 0.058629 0.568406 0.117258 0.187214
0 0.310697 0.220891 0.023853 0.023246
0 0.849774 0.634355 0.025142 0.024545
0 0.408318 0.779759 0.046724 0.041670
0 0.266573 0.824330 0.087272 0.082975
0 0.018759 0.173776 0.037519 0.061325
0 0.491027 0.536601 0.081131 0.076054
0 0.224451 0.577389 0.059926 0.055728
0 0.442476 0.747462 0.039770 0.037038
0 0.477889 0.589047 0.050600 0.046560
0 0.215430 0.792482 0.226427 0.208462
0 0.179487 0.798823 0.168895 0.160024
0 0.690594 0.264377 0.036090 0.034953