0 0.482462 0.337806 0.215174 0.206149
0 0.418692 0.625361 0.071486 0.067577
0 0.827271 0.431345 0.181318 0.178674
0 0.681195 0.965482 0.097432 0.069036
0 0.032227 0.652750 0.062088 0.060493
0 0.243530 0.808173 0.402642 0.369381
0 0.947643 0.046667 0.101447 0.092217
0 0.581883 0.961313 0.091032 0.077373
0 0.094604 0.966313 0.069932 0.064390
0 0.153085 0.538938 0.049172 0.047683
0 0.150650 0.105767 0.090658 0.087450
0 0.095189 0.586644 0.051754 0.049079
0 0.661662 0.660087 0.035310 0.032669
0 0.803059 0.797682 0.036590 0.035838
0 0.796169 0.053619 0.065718 0.063693
0 0.498059 0.776451 0.038356 0.032810
0 0.047394 0.321558 0.094787 0.237276
0 0.988356 0.882731 0.023259 0.089544
0 0.951825 0.649243 0.047318 0.045211
0 0.494651 0.805982 0.033119 0.030262
0 0.331807 0.431978 0.032854 0.032744
0 0.115477 0.510196 0.031901 0.030222
0 0.143463 0.582398 0.042863 0.040026
0 0.043330 0.963424 0.025998 0.026037
0 0.209667 0.031475 0.105202 0.062323
0 0.397115 0.931859 0.069742 0.065191
0 0.484942 0.860315 0.031622 0.028327
0 0.135092 0.274383 0.035341 0.034127
0 0.655211 0.100673 0.032241 0.029549
0 0.705851 0.242680 0.065344 0.063139
0 0.884405 0.013512 0.058925 0.027024
0 0.933396 0.359294 0.131405 0.261406
0 0.218582 0.119143 0.032178 0.031365
0 0.830490 0.170689 0.090128 0.084280
0 0.041057 0.049197 0.082114 0.094796
0 0.612150 0.566176 0.313031 0.275729
0 0.615768 0.136943 0.086401 0.083726
0 0.843279 0.605689 0.176073 0.161695
0 0.953659 0.493075 0.049988 0.048306
0 0.967615 0.616069 0.057328 0.055387
0 0.638237 0.422746 0.185535 0.170221
0 0.513288 0.648699 0.044588 0.042977
0 0.724933 0.547985 0.077036 0.074689