0 0.697142 0.792657 0.063413 0.062256
0 0.310358 0.884466 0.050282 0.050131
0 0.569778 0.351671 0.056947 0.054586
0 0.862078 0.977267 0.047939 0.045465
0 0.798901 0.767962 0.048629 0.047700
0 0.957925 0.428572 0.036913 0.036674
0 0.240733 0.982565 0.045982 0.034870
0 0.015687 0.900023 0.031373 0.040042
0 0.780173 0.302080 0.037650 0.037126
0 0.875541 0.310787 0.052280 0.053035
0 0.333966 0.966528 0.047702 0.048298
0 0.921167 0.412068 0.030134 0.029490
0 0.356844 0.703484 0.044425 0.045939
0 0.846581 0.398418 0.032941 0.032449
0 0.707082 0.070693 0.044818 0.045329
0 0.185570 0.459709 0.031545 0.030784
0 0.897461 0.203752 0.040783 0.039952
0 0.444892 0.269134 0.031402 0.030106
0 0.267049 0.922534 0.030519 0.030029
0 0.267956 0.821727 0.030816 0.029795
0 0.492101 0.983167 0.166248 0.033368
0 0.959788 0.068328 0.025778 0.025977
0 0.433299 0.078272 0.249335 0.154011
0 0.301499 0.763776 0.031649 0.031348
0 0.634588 0.781825 0.047098 0.045919
0 0.365214 0.242224 0.026948 0.026338
0 0.663271 0.561635 0.031979 0.031487
0 0.169585 0.274847 0.031876 0.030051
0 0.241271 0.308963 0.029014 0.028761
0 0.574322 0.736132 0.039207 0.040821
0 0.120849 0.847149 0.033316 0.032352
0 0.726892 0.659117 0.029732 0.029207
0 0.643939 0.530741 0.031704 0.032134
0 0.152262 0.694544 0.028408 0.028686
0 0.205829 0.846899 0.042340 0.041261
0 0.484482 0.589603 0.024609 0.024645
0 0.741022 0.378718 0.028309 0.027494
0 0.578106 0.745943 0.031982 0.030713
0 0.980606 0.446810 0.027711 0.028092
0 0.221078 0.427225 0.033860 0.032625
0 0.718498 0.415742 0.044546 0.044815
0 0.350619 0.738292 0.024137 0.024186
0 0.089134 0.379172 0.047521 0.046702
0 0.611208 0.373782 0.030493 0.029843
0 0.810009 0.643731 0.027348 0.027172
0 0.466233 0.985982 0.105659 0.028036
0 0.619168 0.837286 0.026248 0.025353
0 0.010042 0.832851 0.019404 0.027879
0 0.812886 0.463864 0.033971 0.035237
0 0.187942 0.238226 0.051570 0.050292
0 0.191954 0.779492 0.027995 0.027719
0 0.259569 0.746438 0.027385 0.026701
0 0.206743 0.689882 0.029833 0.029315