0 0.210019 0.304844 0.052845 0.040734
0 0.374534 0.364566 0.044222 0.034659
0 0.611259 0.385193 0.112437 0.078408
0 0.631240 0.126638 0.041427 0.032055
0 0.920946 0.246820 0.039484 0.030626
0 0.381967 0.285530 0.038004 0.029891
0 0.681205 0.306892 0.038376 0.029807
0 0.577003 0.417166 0.050782 0.036531
0 0.031503 0.712070 0.063006 0.122519
0 0.910097 0.502102 0.041160 0.029587
0 0.478292 0.936690 0.037049 0.026765
0 0.860340 0.177414 0.036906 0.027873
0 0.859083 0.769762 0.272753 0.223144
0 0.006684 0.046681 0.013175 0.034841
0 0.748722 0.490880 0.037302 0.027808
0 0.440255 0.374574 0.035901 0.027217
0 0.549012 0.918992 0.035082 0.026940
0 0.057714 0.109876 0.032762 0.027024
0 0.352112 0.573583 0.035820 0.028070
0 0.992123 0.699618 0.015633 0.040980
0 0.447751 0.024876 0.265157 0.049626
0 0.663937 0.112668 0.031791 0.025667
0 0.659453 0.893630 0.186909 0.147291