0 0.814657 0.192889 0.069386 0.057852
0 0.478547 0.500522 0.052090 0.043093
0 0.903427 0.275657 0.046753 0.038229
0 0.029060 0.936375 0.037435 0.033422
0 0.767285 0.139828 0.376472 0.277794
0 0.408118 0.811959 0.080665 0.073172
0 0.293892 0.948212 0.134197 0.102645
0 0.896339 0.212295 0.041099 0.035524
0 0.625874 0.861253 0.040582 0.036703
0 0.116335 0.184583 0.027954 0.026298
0 0.978798 0.806758 0.042404 0.038365
0 0.608041 0.883067 0.035648 0.032537
0 0.708425 0.906138 0.037103 0.033861
0 0.828292 0.303065 0.030523 0.027097
0 0.324733 0.827870 0.074696 0.066439
0 0.768962 0.583526 0.028419 0.025880
0 0.664309 0.984768 0.061458 0.030465
0 0.445810 0.948417 0.053509 0.047762
0 0.516654 0.740835 0.032373 0.028701
0 0.697833 0.960215 0.077874 0.069157
0 0.440552 0.646535 0.043358 0.037818
0 0.410134 0.038479 0.281630 0.076958
0 0.354898 0.749522 0.098729 0.086832
0 0.191454 0.764215 0.034355 0.028913
0 0.540787 0.525570 0.026819 0.022597
0 0.931299 0.540586 0.027018 0.025269
0 0.949062 0.048575 0.101587 0.095474
0 0.631525 0.534383 0.033478 0.031401
0 0.515666 0.983021 0.072872 0.033957
0 0.278502 0.726410 0.079320 0.067771
0 0.780892 0.973185 0.135612 0.053630
0 0.087238 0.213567 0.024152 0.023403