0 0.532989 0.948655 0.055165 0.044720
0 0.392074 0.270539 0.044009 0.039557
0 0.862236 0.213643 0.039133 0.035606
0 0.212278 0.053798 0.054181 0.048776
0 0.736807 0.723218 0.035308 0.030467
0 0.020713 0.934694 0.032335 0.028721
0 0.238302 0.368744 0.139162 0.129888
0 0.235234 0.926507 0.104086 0.083634
0 0.343358 0.774056 0.060419 0.050871
0 0.815726 0.515509 0.054238 0.048590
0 0.593596 0.761168 0.032000 0.028529
0 0.807767 0.432103 0.082367 0.073836
0 0.298195 0.079135 0.035160 0.034381
0 0.569057 0.887424 0.070438 0.057410
0 0.656217 0.866241 0.099268 0.075842
0 0.797624 0.436412 0.101143 0.086523
0 0.578881 0.180011 0.040629 0.037363
0 0.591395 0.421391 0.060823 0.052129
0 0.113379 0.982774 0.052681 0.034453
0 0.314766 0.859424 0.095558 0.075302
0 0.218849 0.433914 0.050387 0.045994
0 0.942571 0.432289 0.035561 0.033136
0 0.569264 0.851666 0.072960 0.059636
0 0.814384 0.509772 0.048562 0.042494
0 0.398234 0.973508 0.073110 0.052548
0 0.295099 0.975674 0.122692 0.048465
0 0.607415 0.815496 0.054842 0.047599
0 0.367834 0.447749 0.072509 0.060100
0 0.502438 0.890151 0.065997 0.054727
0 0.162789 0.223200 0.225542 0.207469
0 0.251379 0.408040 0.067531 0.062256
0 0.444684 0.424685 0.082028 0.068946
0 0.647544 0.792402 0.051024 0.045538
0 0.038185 0.758694 0.073549 0.068810
0 0.485540 0.154583 0.074433 0.064764
0 0.269780 0.977180 0.068862 0.045165