0 0.236444 0.109447 0.072256 0.071092
0 0.533869 0.077385 0.141796 0.140885
0 0.063420 0.169578 0.029135 0.028286
0 0.933971 0.691387 0.102414 0.100064
0 0.595181 0.508808 0.105938 0.098554
0 0.213826 0.422157 0.038008 0.037312
0 0.263314 0.320149 0.075693 0.074125
0 0.151822 0.965393 0.093918 0.069191
0 0.651788 0.014321 0.044695 0.028606
0 0.048412 0.370366 0.034566 0.035323
0 0.288404 0.159320 0.035815 0.034917
0 0.334215 0.572054 0.043035 0.040943
0 0.794266 0.870079 0.038958 0.037117
0 0.620382 0.624314 0.131897 0.131012
0 0.565216 0.330687 0.074423 0.072516
0 0.244761 0.817424 0.048948 0.046919
0 0.857282 0.031141 0.041400 0.039703
0 0.137867 0.112139 0.032388 0.031196
0 0.743053 0.453429 0.049538 0.049898
0 0.804459 0.818678 0.046400 0.045613
0 0.641395 0.462968 0.035550 0.033794
0 0.352678 0.543709 0.040818 0.039201
0 0.928451 0.120712 0.035266 0.034706
0 0.261344 0.653946 0.034359 0.033379
0 0.949985 0.767326 0.043997 0.042996
0 0.270133 0.281621 0.032166 0.030761
0 0.037082 0.758102 0.037209 0.037944
0 0.444267 0.885274 0.076992 0.077530
0 0.488594 0.034956 0.055931 0.054364
0 0.526955 0.766834 0.044191 0.042578
0 0.019361 0.467036 0.026849 0.027220
0 0.503998 0.361290 0.066461 0.067744
0 0.865230 0.633425 0.037881 0.036007
0 0.264465 0.747745 0.047054 0.046213
0 0.432068 0.598315 0.030083 0.029592
0 0.338867 0.129170 0.049881 0.051490
0 0.951515 0.877352 0.066245 0.064828
0 0.527450 0.214632 0.038515 0.037290
0 0.266602 0.929962 0.034758 0.035128
0 0.777696 0.350543 0.034126 0.032826
0 0.420283 0.258278 0.037010 0.034830
0 0.270008 0.537474 0.041786 0.041021
0 0.231768 0.932519 0.046342 0.044488
0 0.303283 0.186504 0.031863 0.031384
0 0.238888 0.776811 0.034084 0.035409
0 0.188656 0.331495 0.030200 0.030453
0 0.299015 0.126548 0.032479 0.032128
0 0.906006 0.757065 0.045592 0.042089
0 0.969810 0.606535 0.057127 0.056451
0 0.277851 0.699249 0.037112 0.035917
0 0.506793 0.007432 0.049890 0.014545
0 0.688970 0.623507 0.070809 0.068218
0 0.851215 0.760214 0.070520 0.064594
0 0.790705 0.044401 0.037952 0.039033
0 0.415264 0.927376 0.052490 0.048936
0 0.262858 0.145796 0.044192 0.043284
0 0.309153 0.905395 0.034922 0.035156
0 0.658752 0.877874 0.032289 0.032057
0 0.281348 0.502811 0.083439 0.086897
0 0.498515 0.873405 0.041362 0.042404
0 0.434508 0.550826 0.047166 0.046686
0 0.728154 0.772219 0.039351 0.037241
0 0.839771 0.417896 0.050052 0.050974
0 0.268600 0.895741 0.039220 0.038346
0 0.885858 0.848855 0.031469 0.029861
0 0.180637 0.437206 0.027501 0.027794
0 0.613230 0.765641 0.032432 0.031629
0 0.794867 0.656859 0.118533 0.113089
0 0.059220 0.640071 0.037382 0.038699
0 0.542156 0.456842 0.053481 0.049353
0 0.575360 0.577530 0.052046 0.049367
0 0.194983 0.561872 0.037163 0.035673
0 0.439406 0.465169 0.047832 0.047582
0 0.405541 0.979896 0.028583 0.028262
0 0.310450 0.603592 0.034414 0.036570
0 0.872969 0.599436 0.043418 0.042010
0 0.118984 0.342706 0.025160 0.024747
0 0.719949 0.385545 0.027940 0.027554
0 0.596054 0.991954 0.029290 0.016093
0 0.613282 0.595743 0.031316 0.030372
0 0.322078 0.304173 0.047304 0.045498
0 0.459220 0.819996 0.081777 0.082293
0 0.769311 0.566057 0.048158 0.047457
0 0.729559 0.575803 0.049815 0.049367
0 0.539188 0.395024 0.037402 0.035359
0 0.638318 0.426701 0.036888 0.037469
0 0.007449 0.639147 0.014612 0.029305
0 0.377940 0.821397 0.043309 0.046207
0 0.282474 0.453461 0.035468 0.034670
0 0.740487 0.346399 0.037750 0.036876
0 0.775766 0.694618 0.049421 0.045397
0 0.290349 0.605524 0.065812 0.061865
0 0.487074 0.450247 0.043733 0.042256
0 0.467576 0.084439 0.050973 0.052607
0 0.538114 0.696428 0.030963 0.031187
0 0.314182 0.456964 0.025943 0.026075
0 0.645385 0.852310 0.027257 0.028396
0 0.444506 0.338269 0.023794 0.023849
0 0.280427 0.617402 0.036696 0.036246
0 0.566624 0.563602 0.050243 0.050475
0 0.078724 0.958402 0.032466 0.032056
0 0.532231 0.863501 0.037180 0.037846
0 0.060092 0.628248 0.037356 0.038777
0 0.772282 0.572813 0.044836 0.042916
0 0.719756 0.594268 0.030734 0.030666
0 0.303863 0.400371 0.026575 0.027269
0 0.412012 0.103831 0.027161 0.026737
0 0.042112 0.332539 0.038052 0.037308
0 0.534276 0.440459 0.080093 0.082629
0 0.373006 0.811217 0.035673 0.033583
0 0.454232 0.422337 0.028086 0.028623
0 0.859654 0.733207 0.110130 0.105362
0 0.086662 0.713202 0.030651 0.029166
0 0.555737 0.681317 0.040828 0.042678
0 0.343962 0.484173 0.041700 0.043447
0 0.429388 0.083225 0.025467 0.025417
0 0.531536 0.870793 0.035678 0.035659
0 0.381155 0.829505 0.042324 0.040083
0 0.766126 0.797423 0.043446 0.039542
0 0.105551 0.174936 0.023989 0.025577
0 0.957918 0.745333 0.034149 0.032052
0 0.408772 0.954835 0.029229 0.029084
0 0.295904 0.120312 0.035934 0.038282
0 0.513234 0.521943 0.047800 0.047632
0 0.957428 0.923464 0.033064 0.031531
0 0.764918 0.090536 0.024350 0.024007
0 0.339686 0.908947 0.033184 0.032994
0 0.307498 0.643675 0.026006 0.023970
0 0.525207 0.443495 0.103843 0.094394
0 0.318954 0.105720 0.023818 0.023332
0 0.236279 0.313111 0.024581 0.024421
0 0.851798 0.745715 0.085508 0.093581
0 0.994733 0.673329 0.010534 0.051243
0 0.605341 0.831296 0.027347 0.027095
0 0.175102 0.502968 0.027609 0.027835
0 0.162321 0.599671 0.042542 0.044086
0 0.973735 0.264697 0.023919 0.024043
0 0.537835 0.430269 0.068044 0.066803