0 0.883384 0.214316 0.111787 0.105631
0 0.405351 0.164748 0.096423 0.085371
0 0.547194 0.209782 0.102019 0.095215
0 0.264203 0.163825 0.106383 0.096833
0 0.205891 0.647728 0.033753 0.032257
0 0.751413 0.375236 0.116489 0.111062
0 0.948954 0.435592 0.045694 0.043720
0 0.267832 0.400660 0.286225 0.273243
0 0.435300 0.413550 0.059391 0.053246
0 0.545809 0.442244 0.062454 0.058840
0 0.962793 0.885116 0.033276 0.032165
0 0.845428 0.668369 0.050319 0.045178
0 0.490104 0.517051 0.217607 0.197829
0 0.662021 0.033730 0.044702 0.040694
0 0.106705 0.139409 0.073308 0.067534
0 0.660141 0.089950 0.052571 0.049979
0 0.693867 0.434826 0.130227 0.118061
0 0.710028 0.044616 0.064400 0.062274
0 0.780261 0.429568 0.061716 0.059069
0 0.838286 0.007458 0.041114 0.014828
0 0.964462 0.489357 0.070572 0.099463
0 0.701845 0.250064 0.057143 0.052920
0 0.053030 0.163268 0.047183 0.044182
0 0.818135 0.452364 0.034216 0.032020
0 0.469869 0.018745 0.083468 0.037407
0 0.676790 0.991442 0.037644 0.017070
0 0.878682 0.375107 0.152551 0.150184
0 0.792688 0.620715 0.104974 0.098863
0 0.740936 0.861590 0.031904 0.028965
0 0.481140 0.125977 0.035664 0.032822
0 0.257270 0.367711 0.031050 0.028605
0 0.499428 0.647729 0.047130 0.042496
0 0.890342 0.858680 0.029633 0.029391
0 0.302818 0.115740 0.035621 0.032062
0 0.909713 0.717564 0.031204 0.029104
0 0.611377 0.103575 0.056653 0.052839
0 0.579511 0.722449 0.275151 0.250150
0 0.796633 0.156833 0.041847 0.035934
0 0.878334 0.448718 0.038868 0.038730
0 0.543212 0.008528 0.037791 0.016923
0 0.769165 0.126398 0.033857 0.032463
0 0.326485 0.035822 0.105789 0.071645
0 0.918296 0.600332 0.155303 0.157274
0 0.979274 0.732964 0.034962 0.034401
0 0.690824 0.155673 0.046067 0.045253
0 0.699541 0.619196 0.031281 0.029939
0 0.627936 0.587167 0.107434 0.097894
0 0.011525 0.947527 0.023050 0.104946
0 0.750043 0.062907 0.045861 0.045578