0 0.783847 0.178725 0.065376 0.064068
0 0.487055 0.607204 0.045557 0.042767
0 0.017008 0.085632 0.033962 0.040693
0 0.948570 0.588294 0.037637 0.036135
0 0.981537 0.780599 0.036587 0.043202
0 0.185222 0.717260 0.053800 0.049657
0 0.654489 0.958534 0.248434 0.082932
0 0.521243 0.175233 0.033607 0.032377
0 0.105015 0.747641 0.032532 0.029838
0 0.368929 0.923242 0.032979 0.031247
0 0.151350 0.936788 0.033261 0.031659
0 0.108099 0.077382 0.040510 0.036444
0 0.945942 0.985700 0.034720 0.028247
0 0.481195 0.564093 0.031400 0.028745
0 0.124149 0.790831 0.053017 0.049275
0 0.902582 0.177969 0.034266 0.032807
0 0.208825 0.664267 0.252661 0.239238
0 0.908016 0.929408 0.033508 0.032190
0 0.356765 0.657518 0.027717 0.027029
0 0.946922 0.108466 0.034938 0.032528
0 0.822298 0.957005 0.124752 0.085405
0 0.086341 0.215746 0.170538 0.184061
0 0.752981 0.761025 0.027193 0.026958
0 0.660737 0.867425 0.058498 0.054589
0 0.649328 0.806762 0.064259 0.056201
0 0.884211 0.125996 0.029536 0.027452
0 0.659492 0.602386 0.028973 0.026744
0 0.471296 0.317772 0.267552 0.253271
0 0.586265 0.270852 0.026053 0.025892
0 0.233446 0.483942 0.140212 0.130418
0 0.899813 0.146188 0.027749 0.027300
0 0.462935 0.440443 0.027301 0.026997
0 0.011807 0.605408 0.023615 0.027709
0 0.102669 0.400080 0.193536 0.173489
0 0.245336 0.308599 0.095858 0.086568
0 0.394651 0.695283 0.341395 0.294378
0 0.176869 0.992969 0.030658 0.014063
0 0.974055 0.447774 0.051592 0.114586