0 0.495893 0.487016 0.037068 0.035757
0 0.645333 0.189910 0.031438 0.030195
0 0.210403 0.566782 0.034231 0.032554
0 0.789757 0.692863 0.035251 0.035522
0 0.555774 0.744677 0.246837 0.234921
0 0.369368 0.558693 0.037981 0.037477
0 0.867355 0.141177 0.029003 0.028254
0 0.133319 0.168240 0.026067 0.025229
0 0.974983 0.042958 0.022381 0.021953
0 0.083560 0.204738 0.028726 0.027844
0 0.234611 0.011898 0.044214 0.023796
0 0.877316 0.054387 0.036543 0.034621
0 0.353948 0.887844 0.028957 0.027604
0 0.993945 0.119833 0.012039 0.035432
0 0.433573 0.391252 0.047032 0.045563
0 0.255390 0.089775 0.023824 0.022857
0 0.386104 0.898037 0.041340 0.039956
0 0.925714 0.475035 0.070991 0.068438
0 0.377354 0.703755 0.025140 0.024404
0 0.555763 0.416517 0.026356 0.025517
0 0.890372 0.531598 0.031285 0.030597
0 0.493606 0.166469 0.027113 0.025993
0 0.806920 0.148931 0.027956 0.027756
0 0.926669 0.517730 0.047950 0.045172