0 0.400762 0.700575 0.182410 0.165543
0 0.696784 0.180845 0.061470 0.057022
0 0.476768 0.527885 0.062980 0.054987
0 0.321965 0.579823 0.084349 0.074674
0 0.231451 0.411913 0.047025 0.043243
0 0.145957 0.121013 0.041709 0.039765
0 0.935980 0.400184 0.033876 0.032141
0 0.778651 0.572547 0.036747 0.033877
0 0.303892 0.956580 0.047221 0.043718
0 0.970731 0.657713 0.034519 0.031914
0 0.786609 0.271537 0.036572 0.034839
0 0.159536 0.014154 0.035883 0.027642
0 0.019924 0.231286 0.039388 0.038550
0 0.966580 0.080606 0.032755 0.030519
0 0.754829 0.499577 0.032292 0.029455
0 0.546699 0.507222 0.033806 0.031059
0 0.495211 0.132686 0.031903 0.029424
0 0.010181 0.160709 0.020189 0.038397
0 0.261230 0.429445 0.033372 0.030774
0 0.104050 0.393782 0.036068 0.030673
0 0.009679 0.411310 0.019358 0.041151
0 0.771966 0.219497 0.029058 0.027404
0 0.272108 0.386678 0.032276 0.028807
0 0.011456 0.928856 0.022600 0.032746
0 0.163352 0.823816 0.034182 0.032577
0 0.124012 0.675217 0.039125 0.036083
0 0.319058 0.341172 0.028342 0.026356
0 0.736904 0.341824 0.027037 0.024308
0 0.677387 0.306666 0.039839 0.035194
0 0.082806 0.932351 0.035217 0.032159
0 0.478001 0.572737 0.033328 0.030437
0 0.535118 0.245215 0.027184 0.025392
0 0.809822 0.273387 0.027793 0.027412
0 0.713169 0.580616 0.028246 0.027295