0 0.060509 0.524150 0.121016 0.190027
0 0.894277 0.018980 0.035052 0.034664
0 0.282075 0.486917 0.049084 0.048204
0 0.614816 0.655399 0.032657 0.032001
0 0.444555 0.565191 0.071949 0.069624
0 0.300482 0.752782 0.035889 0.035333
0 0.234310 0.775732 0.064410 0.054272
0 0.837216 0.024301 0.035993 0.034302
0 0.582193 0.765467 0.030780 0.029791
0 0.936817 0.727802 0.124094 0.151874
0 0.495597 0.440312 0.062674 0.060407
0 0.693227 0.658202 0.069902 0.070116
0 0.069330 0.312275 0.124173 0.124125
0 0.860124 0.566433 0.027394 0.026295
0 0.143861 0.511634 0.039998 0.039602
0 0.022939 0.167955 0.026876 0.026677
0 0.816413 0.379440 0.025128 0.025048
0 0.175618 0.347389 0.029271 0.028737
0 0.827345 0.549328 0.027610 0.027086
0 0.373259 0.409537 0.030275 0.029860
0 0.943254 0.137921 0.057512 0.055674
0 0.676848 0.028008 0.025651 0.025563
0 0.594541 0.366296 0.031497 0.031001
0 0.280683 0.773765 0.033800 0.031360
0 0.748302 0.657654 0.035894 0.034208
0 0.110095 0.405760 0.115067 0.109735
0 0.111297 0.635589 0.027656 0.027633
0 0.553700 0.371097 0.088243 0.089116
0 0.897604 0.651092 0.024443 0.023740
0 0.034355 0.278716 0.068709 0.182058
0 0.597441 0.341038 0.028885 0.030143
0 0.755468 0.715676 0.028397 0.027742
0 0.732572 0.615833 0.026597 0.026140
0 0.479731 0.386746 0.047003 0.047288
0 0.030894 0.263669 0.061503 0.141056
0 0.368454 0.505616 0.030447 0.029962
0 0.877005 0.700361 0.061035 0.058557
0 0.863673 0.654497 0.065281 0.064226
0 0.385278 0.531046 0.045992 0.042715
0 0.698174 0.126051 0.053906 0.054698
0 0.012528 0.418074 0.024822 0.080817
0 0.987725 0.124979 0.024350 0.037518
0 0.759882 0.639596 0.068604 0.060184
0 0.301048 0.523815 0.031337 0.030397
0 0.750546 0.652477 0.048098 0.044387
0 0.941841 0.562100 0.041231 0.039879