0 0.641507 0.738344 0.040177 0.034361
0 0.522310 0.488799 0.241612 0.193129
0 0.521287 0.442937 0.050171 0.041410
0 0.267641 0.377573 0.040627 0.036893
0 0.151706 0.274581 0.038106 0.033954
0 0.320973 0.909330 0.037713 0.035414
0 0.542816 0.775932 0.105631 0.095093
0 0.950717 0.238110 0.092390 0.076815
0 0.246756 0.848778 0.047603 0.043841
0 0.787960 0.571570 0.274550 0.228231
0 0.391256 0.441458 0.044257 0.039037
0 0.346518 0.149396 0.059111 0.049412
0 0.075137 0.037918 0.035508 0.033015
0 0.437399 0.375298 0.082918 0.072556
0 0.517112 0.293740 0.080371 0.069774
0 0.324033 0.593997 0.030804 0.029114
0 0.934961 0.953942 0.054776 0.048894
0 0.216836 0.303589 0.049127 0.043635
0 0.095309 0.920328 0.031420 0.029305
0 0.567305 0.248632 0.083568 0.068666
0 0.217443 0.135129 0.036802 0.032117
0 0.613398 0.679878 0.030573 0.027248
0 0.089180 0.966614 0.082148 0.066773
0 0.171292 0.727240 0.049821 0.045344
0 0.411117 0.667982 0.089894 0.082542
0 0.176614 0.977457 0.075805 0.044893
0 0.151891 0.926935 0.069856 0.064980
0 0.685445 0.862692 0.032697 0.029132
0 0.228221 0.919317 0.031634 0.029970
0 0.637569 0.516069 0.030840 0.027708
0 0.173540 0.447052 0.043873 0.037223
0 0.763791 0.794893 0.187364 0.161338
0 0.572722 0.356598 0.105960 0.089997
0 0.932874 0.329236 0.048108 0.040321
0 0.029673 0.346035 0.059268 0.091142
0 0.455357 0.186051 0.193211 0.175302
0 0.268443 0.963600 0.119811 0.072800
0 0.098952 0.829382 0.042546 0.038467
0 0.148610 0.755504 0.047947 0.044335
0 0.231648 0.878069 0.032822 0.029958
0 0.554440 0.518156 0.027007 0.024580
0 0.603509 0.316878 0.081374 0.062580
0 0.956568 0.983305 0.039407 0.032440