0 0.945478 0.086270 0.099907 0.073335
0 0.392510 0.149991 0.035748 0.031809
0 0.644422 0.289800 0.067851 0.054307
0 0.523829 0.705794 0.057456 0.054327
0 0.561811 0.231027 0.078521 0.065150
0 0.640620 0.615553 0.324201 0.284754
0 0.874610 0.024596 0.046007 0.036907
0 0.018133 0.398491 0.036265 0.052133
0 0.058691 0.017313 0.057381 0.033434
0 0.505643 0.493507 0.062274 0.052282
0 0.877866 0.123137 0.033608 0.029083
0 0.015644 0.439871 0.031288 0.053049
0 0.551208 0.156604 0.036997 0.028775
0 0.119590 0.708051 0.061902 0.059237
0 0.194173 0.636801 0.073310 0.075253
0 0.122305 0.013377 0.040288 0.026524
0 0.079306 0.532217 0.041501 0.038180
0 0.054182 0.615341 0.084935 0.081986
0 0.657954 0.066239 0.042094 0.035908
0 0.488757 0.004996 0.040013 0.009993
0 0.699233 0.959814 0.047816 0.045310
0 0.731465 0.028271 0.051508 0.043110
0 0.471083 0.265166 0.059488 0.050502
0 0.452600 0.661499 0.051644 0.050802
0 0.241561 0.893864 0.027070 0.029603
0 0.748846 0.907220 0.056962 0.056885
0 0.428309 0.228396 0.060486 0.049414
0 0.474813 0.691234 0.031132 0.029669
0 0.065241 0.754319 0.056740 0.057237
0 0.767121 0.323314 0.115437 0.085418
0 0.154190 0.670087 0.033197 0.033466
0 0.427712 0.592010 0.079602 0.079396
0 0.751692 0.151612 0.039866 0.032504
0 0.457539 0.370755 0.116131 0.101742
0 0.584600 0.101805 0.116467 0.097590
0 0.698500 0.321077 0.039136 0.031097
0 0.719628 0.151919 0.034569 0.032885
0 0.741536 0.316035 0.058108 0.045974
0 0.178324 0.168381 0.048852 0.042127
0 0.028527 0.311981 0.055917 0.074800
0 0.934015 0.134098 0.037408 0.032254
0 0.563868 0.199290 0.035255 0.031125
0 0.214798 0.401870 0.031276 0.030912
0 0.180255 0.191741 0.033394 0.030906
0 0.629176 0.813677 0.136224 0.135135
0 0.662152 0.103615 0.041969 0.034858
0 0.188582 0.433543 0.037930 0.036815
0 0.147524 0.780614 0.041855 0.040163
0 0.814132 0.233963 0.055077 0.047595
0 0.719936 0.159230 0.031325 0.028592