0 0.092231 0.925973 0.029315 0.029210
0 0.114000 0.364718 0.030004 0.029553
0 0.247985 0.621957 0.042420 0.040663
0 0.031239 0.175032 0.027591 0.027781
0 0.113391 0.331691 0.031463 0.031319
0 0.155475 0.223282 0.039909 0.037718
0 0.091478 0.177463 0.036359 0.035894
0 0.075317 0.601275 0.023807 0.023885
0 0.374324 0.809978 0.032403 0.031209
0 0.066213 0.978135 0.051967 0.043729
0 0.300398 0.486601 0.030415 0.029901
0 0.482526 0.827771 0.030044 0.029634
0 0.029653 0.389820 0.023383 0.024131
0 0.566318 0.825336 0.031463 0.031235
0 0.253344 0.579575 0.026640 0.027043
0 0.286366 0.610478 0.030659 0.030022
0 0.158302 0.326497 0.028332 0.027772
0 0.133083 0.421831 0.022263 0.022423
0 0.065504 0.152646 0.029704 0.030230
0 0.056166 0.270011 0.023758 0.023361
0 0.023389 0.574082 0.023080 0.022777
0 0.080020 0.340716 0.022996 0.023819
0 0.464557 0.105970 0.025172 0.024762
0 0.311890 0.684379 0.024326 0.024270
0 0.510174 0.055690 0.021333 0.020779
0 0.487144 0.962919 0.023268 0.022845
0 0.034055 0.634764 0.020061 0.020534
0 0.067186 0.394531 0.018981 0.018871
0 0.115836 0.253162 0.038426 0.037672
0 0.013229 0.299491 0.024597 0.024166
0 0.134293 0.271215 0.024931 0.024533
0 0.330393 0.649314 0.031385 0.029795
0 0.072799 0.427728 0.021048 0.021215
0 0.008415 0.809611 0.016831 0.018079
0 0.323040 0.429596 0.022389 0.022271
0 0.216327 0.247081 0.022352 0.022273
0 0.219462 0.493588 0.020835 0.021413
0 0.287876 0.323408 0.019240 0.019469
0 0.224004 0.361025 0.018402 0.018405
0 0.196545 0.134224 0.053051 0.052288
0 0.036309 0.701718 0.017246 0.017250
0 0.486735 0.607178 0.026637 0.025627
0 0.460724 0.553542 0.025422 0.024811
0 0.106396 0.737031 0.018034 0.017827
0 0.587233 0.413398 0.022995 0.022649
0 0.159906 0.115248 0.060040 0.059778
0 0.446146 0.615568 0.036555 0.035644