0 0.657473 0.152579 0.192533 0.154561
0 0.853490 0.363442 0.087079 0.070547
0 0.024003 0.281904 0.048005 0.049609
0 0.353196 0.366006 0.058265 0.044135
0 0.681797 0.766453 0.063246 0.049033
0 0.427875 0.051828 0.050196 0.042133
0 0.352306 0.767150 0.207176 0.162461
0 0.135930 0.519625 0.193140 0.156893
0 0.741599 0.028901 0.037983 0.033787
0 0.776144 0.747433 0.202708 0.159883
0 0.915100 0.263401 0.115259 0.093500
0 0.515944 0.348395 0.050875 0.036901
0 0.735598 0.741743 0.053273 0.039787
0 0.422137 0.275981 0.037458 0.028964
0 0.448059 0.102893 0.037243 0.033095
0 0.052581 0.445247 0.105162 0.164005
0 0.875895 0.876097 0.248210 0.242879
0 0.467975 0.829071 0.062195 0.047041
0 0.939141 0.497393 0.121718 0.146097
0 0.044799 0.932429 0.089598 0.086584
0 0.747355 0.859085 0.072202 0.055952
0 0.780039 0.186978 0.034127 0.027838
0 0.902348 0.885964 0.035810 0.027107
0 0.929065 0.448469 0.139832 0.249353
0 0.709124 0.412479 0.149950 0.121261
0 0.936435 0.393899 0.126306 0.149110
0 0.447236 0.193017 0.052925 0.042315
0 0.093514 0.797493 0.063945 0.053498
0 0.169435 0.424235 0.035072 0.028937
0 0.049183 0.691812 0.081611 0.062050
0 0.922666 0.786064 0.068612 0.051734
0 0.369198 0.668282 0.073504 0.049950
0 0.536946 0.725757 0.036887 0.029862
0 0.805395 0.432561 0.117466 0.085918
0 0.923542 0.670291 0.152916 0.216833