0 0.205300 0.622766 0.090123 0.066544
0 0.818535 0.741664 0.060608 0.046607
0 0.322065 0.482506 0.063966 0.046353
0 0.125121 0.973817 0.046301 0.036568
0 0.614879 0.880712 0.059793 0.045975
0 0.647748 0.963082 0.066798 0.050521
0 0.927137 0.769884 0.145725 0.132400
0 0.281158 0.353364 0.038941 0.030169
0 0.844681 0.586128 0.098309 0.074418
0 0.135895 0.470253 0.209055 0.153387
0 0.656903 0.348488 0.097053 0.064883
0 0.542186 0.564151 0.044328 0.033730
0 0.086511 0.694860 0.168626 0.135960
0 0.967837 0.526706 0.064327 0.054063
0 0.328988 0.726343 0.043838 0.034148
0 0.552460 0.143916 0.087273 0.063590
0 0.553187 0.225320 0.050937 0.036834
0 0.396372 0.830524 0.066390 0.046976
0 0.656508 0.834776 0.042772 0.029100
0 0.814441 0.674862 0.049560 0.036473
0 0.754297 0.838092 0.056558 0.043319
0 0.219817 0.327099 0.036731 0.025699
0 0.620564 0.464194 0.044803 0.032986
0 0.587286 0.555435 0.044879 0.033672
0 0.956086 0.289891 0.073948 0.055950
0 0.678147 0.688352 0.039850 0.033539
0 0.768058 0.387704 0.042699 0.032245
0 0.644389 0.686369 0.039664 0.030622
0 0.623988 0.126748 0.046801 0.033125
0 0.697381 0.802399 0.055300 0.042117
0 0.069890 0.903585 0.126634 0.100396
0 0.986547 0.186141 0.026907 0.030791
0 0.162413 0.920061 0.041205 0.033217
0 0.767675 0.255640 0.090261 0.063825
0 0.196228 0.945302 0.035140 0.027122
0 0.573410 0.698708 0.028311 0.024406
0 0.333176 0.179602 0.060461 0.043206
0 0.895110 0.178944 0.207823 0.285652
0 0.886846 0.193128 0.037933 0.025899
0 0.344591 0.826762 0.036395 0.026070
0 0.577093 0.312333 0.048450 0.033214
0 0.360627 0.935439 0.314726 0.128186