0 0.160386 0.395829 0.059377 0.058073
0 0.361824 0.550572 0.036389 0.035220
0 0.101552 0.463712 0.049873 0.049236
0 0.204629 0.600975 0.062514 0.063199
0 0.186558 0.263541 0.061599 0.060826
0 0.955208 0.144708 0.039997 0.039281
0 0.614418 0.662120 0.029722 0.029999
0 0.171385 0.479140 0.030184 0.030101
0 0.149638 0.716828 0.032024 0.031946
0 0.444805 0.914447 0.030858 0.029768
0 0.478810 0.988949 0.031169 0.022101
0 0.793940 0.820214 0.026845 0.026687
0 0.210601 0.774073 0.026863 0.026502
0 0.033390 0.659052 0.053943 0.053079
0 0.133001 0.062385 0.027373 0.027363
0 0.246165 0.482821 0.050795 0.048460
0 0.261097 0.447998 0.025004 0.023909
0 0.169067 0.924827 0.026602 0.025838
0 0.227074 0.181512 0.026570 0.026271
0 0.124964 0.256535 0.027475 0.027642
0 0.676631 0.792880 0.026905 0.026419
0 0.358543 0.144379 0.032923 0.033694
0 0.382603 0.461776 0.025943 0.025931
0 0.913450 0.222605 0.031398 0.030347
0 0.060224 0.535763 0.042074 0.041762
0 0.333373 0.359857 0.027934 0.027953
0 0.010768 0.093223 0.021536 0.026594
0 0.191711 0.305357 0.032455 0.031926
0 0.980857 0.375150 0.038285 0.053044
0 0.262463 0.468000 0.044519 0.047492
0 0.267049 0.468705 0.037375 0.038217
0 0.020485 0.524140 0.040816 0.047182
0 0.161436 0.242366 0.026167 0.026531
0 0.298925 0.520996 0.029577 0.030000