0 0.138291 0.606524 0.272668 0.216590
0 0.152124 0.331627 0.098612 0.077519
0 0.064796 0.735531 0.108734 0.080191
0 0.540246 0.139458 0.242132 0.173677
0 0.580512 0.494578 0.048294 0.037246
0 0.282047 0.220916 0.216913 0.173197
0 0.774327 0.527066 0.046137 0.035070
0 0.739781 0.419914 0.049601 0.036769
0 0.357136 0.296099 0.049395 0.036046
0 0.801126 0.721253 0.057389 0.040706
0 0.240695 0.807593 0.161999 0.120033
0 0.419281 0.899185 0.285149 0.201629
0 0.942134 0.281939 0.115731 0.102855
0 0.065720 0.106837 0.035573 0.029467
0 0.176057 0.245697 0.169236 0.127086
0 0.713866 0.953214 0.037669 0.028772
0 0.469165 0.026262 0.055370 0.043772
0 0.362606 0.684074 0.045194 0.033947
0 0.867766 0.082190 0.029755 0.025983
0 0.538015 0.839214 0.075127 0.060874
0 0.733306 0.705635 0.106803 0.081740
0 0.862558 0.707279 0.044199 0.028941
0 0.359879 0.117192 0.091495 0.068839
0 0.455414 0.588773 0.041304 0.029486
0 0.778460 0.426505 0.037573 0.027892
0 0.368663 0.369023 0.038709 0.029728
0 0.422832 0.169633 0.102866 0.085608
0 0.121805 0.823591 0.046996 0.036858
0 0.696419 0.851505 0.190930 0.115038
0 0.145645 0.546402 0.036883 0.028743
0 0.881270 0.149671 0.236617 0.291191
0 0.104624 0.048525 0.035268 0.028700
0 0.936115 0.469344 0.030849 0.026945
0 0.484893 0.468188 0.084034 0.066844
0 0.771244 0.897588 0.457512 0.204453
0 0.232792 0.238961 0.280801 0.159100