0 0.473100 0.812002 0.137994 0.133815
0 0.313770 0.435337 0.181966 0.162165
0 0.476634 0.956201 0.053794 0.049689
0 0.407758 0.344104 0.042555 0.037093
0 0.852457 0.713010 0.035204 0.034040
0 0.561374 0.373779 0.082572 0.073601
0 0.940586 0.035015 0.054903 0.050479
0 0.329582 0.336950 0.039226 0.034292
0 0.875735 0.261642 0.028722 0.027863
0 0.272802 0.700482 0.072718 0.069312
0 0.841846 0.185518 0.040448 0.037948
0 0.576106 0.143510 0.050090 0.044281
0 0.971392 0.751274 0.023476 0.022650
0 0.097245 0.987567 0.071133 0.024866
0 0.271967 0.223021 0.049230 0.044898
0 0.490935 0.446556 0.045697 0.040402
0 0.806569 0.525524 0.044482 0.042634
0 0.082068 0.449850 0.040279 0.037255
0 0.341095 0.247990 0.065279 0.058610
0 0.644939 0.267115 0.037055 0.033306
0 0.546007 0.250834 0.031590 0.029215
0 0.373005 0.942268 0.111482 0.097373
0 0.372146 0.988100 0.087710 0.023304
0 0.617818 0.253379 0.041942 0.038992
0 0.221162 0.499976 0.049018 0.045931
0 0.098424 0.991083 0.065279 0.017833
0 0.534562 0.989263 0.026317 0.021473
0 0.093014 0.956146 0.043433 0.040827
0 0.362546 0.546480 0.050819 0.046211
0 0.914957 0.117540 0.033827 0.032662
0 0.016655 0.845182 0.033310 0.049340
0 0.718888 0.762700 0.485929 0.449979
0 0.215105 0.916274 0.040666 0.041159
0 0.139373 0.390569 0.055847 0.051271