0 0.729367 0.934644 0.113919 0.105120
0 0.660009 0.536409 0.032406 0.031336
0 0.710371 0.586652 0.048135 0.046128
0 0.707136 0.857970 0.037526 0.035677
0 0.118255 0.814708 0.088970 0.077370
0 0.394338 0.020639 0.116841 0.041278
0 0.345729 0.029315 0.048310 0.044231
0 0.724490 0.516995 0.045378 0.043451
0 0.084097 0.748533 0.058935 0.055007
0 0.161469 0.184824 0.029508 0.027724
0 0.483906 0.720932 0.060376 0.056800
0 0.912654 0.744350 0.030809 0.029456
0 0.422235 0.177855 0.034248 0.032681
0 0.775707 0.772306 0.029138 0.027617
0 0.240175 0.766001 0.025737 0.024546
0 0.611815 0.796744 0.029740 0.027633
0 0.268406 0.549430 0.036113 0.036750
0 0.780851 0.647022 0.029285 0.028540
0 0.357562 0.081956 0.044207 0.039351
0 0.722456 0.983532 0.063320 0.032937
0 0.251459 0.036053 0.041092 0.038356
0 0.669600 0.306288 0.026994 0.025954
0 0.571097 0.357245 0.029791 0.028756
0 0.316436 0.277499 0.028948 0.027316
0 0.252356 0.030709 0.036229 0.030265
0 0.251200 0.498002 0.027563 0.027431