0 0.182574 0.878899 0.284768 0.242203
0 0.954164 0.458106 0.066072 0.056105
0 0.224970 0.649316 0.063876 0.054030
0 0.745902 0.494282 0.055647 0.047528
0 0.419037 0.483694 0.050210 0.041680
0 0.606210 0.881153 0.044731 0.037917
0 0.143699 0.210054 0.287397 0.385686
0 0.592334 0.423609 0.074387 0.061787
0 0.238338 0.009178 0.051137 0.018084
0 0.635415 0.450226 0.037479 0.032192
0 0.677368 0.135464 0.036666 0.031887
0 0.532275 0.538643 0.044156 0.039396
0 0.812362 0.054623 0.359497 0.106308
0 0.564914 0.839833 0.034710 0.030602
0 0.663900 0.021586 0.045128 0.038674
0 0.393523 0.899080 0.033275 0.028640
0 0.428581 0.909260 0.039890 0.036251
0 0.644889 0.516212 0.056326 0.050784
0 0.810786 0.170185 0.034651 0.030741
0 0.288293 0.491344 0.037039 0.031776
0 0.870499 0.934849 0.089752 0.078289
0 0.141145 0.382050 0.093819 0.068633
0 0.384198 0.078028 0.029897 0.026221
0 0.602251 0.642420 0.033069 0.029126
0 0.243176 0.399101 0.031578 0.026681
0 0.103613 0.538681 0.207226 0.404672
0 0.926012 0.624483 0.132618 0.108972
0 0.161140 0.532585 0.035043 0.031487
0 0.604868 0.323299 0.063306 0.053713
0 0.129264 0.390948 0.097462 0.068359
0 0.151285 0.376796 0.074243 0.060001
0 0.544969 0.707805 0.027991 0.025250
0 0.967264 0.733990 0.064775 0.182032
0 0.890739 0.308268 0.197452 0.146013
0 0.959829 0.208348 0.080342 0.137160
0 0.697642 0.238558 0.036454 0.031873
0 0.756956 0.661207 0.109080 0.096913
0 0.062417 0.426236 0.081920 0.061956
0 0.542459 0.172305 0.246003 0.192665
0 0.987392 0.083696 0.024675 0.033379
0 0.554096 0.796092 0.066615 0.059940
0 0.739878 0.196544 0.031330 0.030322
0 0.835208 0.642550 0.035710 0.032964
0 0.486970 0.088376 0.044623 0.041385
0 0.620017 0.697482 0.035802 0.032332