0 0.412641 0.068674 0.048246 0.042312
0 0.028117 0.954521 0.041976 0.036428
0 0.453432 0.621827 0.033764 0.031399
0 0.028258 0.201891 0.041722 0.037783
0 0.243056 0.920818 0.033071 0.029394
0 0.487405 0.794507 0.027824 0.026070
0 0.960880 0.086076 0.041270 0.038620
0 0.052422 0.419192 0.030112 0.027251
0 0.898569 0.252327 0.041146 0.037133
0 0.256051 0.066137 0.031439 0.027725
0 0.163274 0.792593 0.030481 0.026706
0 0.710871 0.053394 0.038476 0.034361
0 0.241966 0.048777 0.028688 0.026398
0 0.783229 0.073617 0.028409 0.027143
0 0.615517 0.307846 0.031619 0.028790
0 0.247590 0.559129 0.029752 0.025695
0 0.866571 0.328689 0.025663 0.025940
0 0.608489 0.052020 0.033037 0.029203
0 0.819714 0.136265 0.038575 0.035338
0 0.105508 0.132830 0.092487 0.077250
0 0.313407 0.674669 0.025522 0.022563
0 0.973367 0.775200 0.032549 0.029720