0 0.139156 0.056764 0.096515 0.094082
0 0.414261 0.509253 0.123839 0.120555
0 0.810742 0.104195 0.083825 0.082658
0 0.060395 0.190102 0.041952 0.040816
0 0.798439 0.389387 0.063212 0.062276
0 0.127347 0.187433 0.036946 0.035883
0 0.523522 0.663674 0.039019 0.038192
0 0.492399 0.797190 0.097769 0.094854
0 0.130225 0.269724 0.040626 0.040589
0 0.017207 0.281519 0.034414 0.042852
0 0.230801 0.597466 0.032721 0.031651
0 0.313090 0.682393 0.035855 0.033798
0 0.760983 0.734760 0.037369 0.035560
0 0.157013 0.929450 0.034677 0.034236
0 0.646781 0.581416 0.040938 0.039240
0 0.985237 0.758991 0.029526 0.051985
0 0.282610 0.675381 0.030918 0.030094
0 0.835300 0.757115 0.048221 0.047455
0 0.952004 0.872197 0.029074 0.028812
0 0.528164 0.741425 0.074692 0.072331
0 0.288616 0.716795 0.028139 0.027564
0 0.739646 0.694667 0.027563 0.027279
0 0.208749 0.053154 0.030518 0.030041
0 0.252516 0.698660 0.029075 0.027811
0 0.674159 0.356333 0.027725 0.028142
0 0.376024 0.667307 0.027193 0.026519
0 0.096568 0.973842 0.109041 0.051817
0 0.264984 0.348283 0.028583 0.028046
0 0.883257 0.075701 0.025660 0.024939
0 0.117297 0.652062 0.025294 0.024721
0 0.969887 0.044528 0.023713 0.022543
0 0.843990 0.545038 0.025634 0.024847
0 0.091618 0.508733 0.025967 0.025224
0 0.270228 0.221977 0.026813 0.025983
0 0.039937 0.397556 0.024127 0.024141
0 0.848469 0.507978 0.025570 0.025330
0 0.449278 0.827023 0.024333 0.024190
0 0.518547 0.749557 0.089534 0.078103
0 0.851511 0.415414 0.026406 0.026413
0 0.686910 0.648556 0.025254 0.024437
0 0.456736 0.844298 0.032099 0.032375
0 0.229906 0.102060 0.023658 0.023434