0 0.446681 0.197817 0.084226 0.080883
0 0.731304 0.605487 0.060575 0.057109
0 0.317059 0.175232 0.132672 0.117322
0 0.074157 0.664837 0.148314 0.146505
0 0.334587 0.604402 0.055435 0.051147
0 0.791087 0.559146 0.040988 0.038063
0 0.866097 0.864969 0.076035 0.070280
0 0.432282 0.754077 0.048483 0.044638
0 0.542875 0.093031 0.042358 0.039724
0 0.751627 0.499810 0.036034 0.032670
0 0.649464 0.036925 0.170788 0.073208
0 0.236294 0.570183 0.060652 0.055364
0 0.314020 0.409272 0.033738 0.032637
0 0.178104 0.039742 0.030893 0.030086
0 0.038785 0.540829 0.043082 0.041248
0 0.978914 0.372046 0.036543 0.035248
0 0.494776 0.405799 0.035028 0.033592
0 0.593438 0.521321 0.042992 0.039560
0 0.804332 0.680721 0.036801 0.033805
0 0.086235 0.021573 0.038948 0.035719
0 0.921501 0.615906 0.044651 0.041422
0 0.974734 0.199650 0.029495 0.028270
0 0.881051 0.373314 0.041141 0.039284
0 0.059737 0.012662 0.037988 0.024330
0 0.057278 0.385986 0.113295 0.433486
0 0.135678 0.781239 0.041125 0.037691
0 0.822300 0.398127 0.043942 0.039903
0 0.740742 0.126771 0.033377 0.032554
0 0.789557 0.290036 0.028115 0.026290
0 0.424074 0.125517 0.025551 0.025143
0 0.646546 0.772623 0.057743 0.051814
0 0.938897 0.918461 0.027841 0.026328
0 0.117282 0.815349 0.032369 0.031322
0 0.445092 0.885028 0.033804 0.031634
0 0.547104 0.967045 0.039570 0.036378
0 0.781938 0.697480 0.030037 0.027476
0 0.613015 0.035450 0.258113 0.070899
0 0.584743 0.843203 0.034078 0.031118
0 0.883137 0.992171 0.032030 0.015658
0 0.937410 0.992764 0.044194 0.014473
0 0.145018 0.234791 0.209748 0.213465
0 0.695886 0.517609 0.026651 0.025167
0 0.147016 0.792587 0.032128 0.029561
0 0.878418 0.620427 0.038180 0.035060