0 0.136902 0.621880 0.135915 0.124613
0 0.722610 0.078053 0.061941 0.055155
0 0.021391 0.909249 0.042781 0.045808
0 0.532446 0.983400 0.044250 0.033200
0 0.461845 0.696198 0.038161 0.036371
0 0.401610 0.295368 0.033171 0.029721
0 0.166371 0.890130 0.031067 0.029258
0 0.266544 0.582215 0.140762 0.130475
0 0.049319 0.648813 0.036189 0.034730
0 0.425602 0.442410 0.036410 0.032440
0 0.789155 0.129902 0.060541 0.053275
0 0.604207 0.823407 0.031294 0.029749
0 0.480755 0.102352 0.053975 0.047081
0 0.041862 0.306386 0.030917 0.028378
0 0.383278 0.483177 0.029462 0.027181
0 0.011351 0.173122 0.022393 0.028263
0 0.511740 0.301140 0.091440 0.083420
0 0.790482 0.606022 0.027237 0.025675
0 0.140697 0.728200 0.064156 0.058640
0 0.431962 0.724186 0.035741 0.033760
0 0.066916 0.486874 0.027146 0.026059
0 0.281921 0.427101 0.082806 0.076140
0 0.004623 0.044483 0.009246 0.026983
0 0.292734 0.949649 0.033976 0.035204
0 0.555807 0.840464 0.034985 0.032202
0 0.767032 0.921813 0.029348 0.027244
0 0.405361 0.646871 0.028629 0.028206
0 0.391555 0.181635 0.029375 0.026171
0 0.446610 0.879566 0.040565 0.038331
0 0.556739 0.799319 0.030311 0.028714
0 0.621724 0.128991 0.029758 0.027200
0 0.397600 0.386345 0.050826 0.045030
0 0.582229 0.174802 0.036849 0.032857
0 0.014263 0.642424 0.027937 0.036156
0 0.324088 0.994892 0.024578 0.010215
0 0.298452 0.307317 0.036088 0.032879
0 0.463375 0.633635 0.036508 0.033694