0 0.667291 0.117292 0.064974 0.060644
0 0.911588 0.938967 0.042239 0.039190
0 0.253689 0.940052 0.037525 0.035940
0 0.865112 0.209577 0.034671 0.031893
0 0.622327 0.336892 0.033989 0.031234
0 0.406291 0.686982 0.037287 0.035365
0 0.948945 0.494812 0.062561 0.054299
0 0.902664 0.633136 0.034212 0.030583
0 0.186746 0.420513 0.047680 0.043707
0 0.878328 0.285638 0.035486 0.030526
0 0.021515 0.339163 0.043030 0.053548
0 0.475246 0.495158 0.028586 0.026132
0 0.448911 0.371356 0.035445 0.033077
0 0.984183 0.710657 0.031634 0.039661
0 0.974171 0.291000 0.033686 0.030360
0 0.950279 0.659001 0.035268 0.032661
0 0.898914 0.550222 0.033562 0.030458
0 0.749039 0.944212 0.028929 0.026890
0 0.529823 0.787201 0.042433 0.036118
0 0.040323 0.419981 0.052018 0.048720
0 0.288667 0.009790 0.039454 0.019579
0 0.273329 0.161674 0.032906 0.029979
0 0.816087 0.907977 0.030467 0.027648
0 0.622694 0.693197 0.113911 0.098475
0 0.487987 0.644020 0.033428 0.031981
0 0.473534 0.943373 0.048843 0.046665
0 0.762642 0.926181 0.025321 0.024573
0 0.949792 0.251217 0.029884 0.026504
0 0.288005 0.665410 0.027118 0.024165
0 0.674562 0.954591 0.025644 0.024441
0 0.893969 0.989371 0.044514 0.020915
0 0.300250 0.981382 0.038182 0.034415
0 0.471943 0.267045 0.032442 0.030430
0 0.826195 0.582102 0.052360 0.045586
0 0.047426 0.180331 0.027050 0.025850
0 0.015461 0.800165 0.024533 0.023814