0 0.605608 0.640833 0.062067 0.049973
0 0.931767 0.175429 0.048076 0.036362
0 0.381425 0.294911 0.038213 0.029075
0 0.106550 0.890442 0.210129 0.198834
0 0.411292 0.895768 0.385142 0.208463
0 0.752337 0.700232 0.062905 0.048883
0 0.760198 0.789077 0.049576 0.038219
0 0.304131 0.609777 0.053161 0.043800
0 0.701411 0.394516 0.284149 0.233201
0 0.725116 0.014918 0.032100 0.026105
0 0.157352 0.476065 0.068065 0.060330
0 0.988199 0.329228 0.023602 0.038014
0 0.222521 0.947536 0.059592 0.051678
0 0.281659 0.712838 0.036574 0.029995
0 0.159956 0.525935 0.046849 0.036647
0 0.438890 0.422046 0.034288 0.026152
0 0.365727 0.650412 0.111249 0.087261
0 0.010991 0.944801 0.021665 0.038832
0 0.955881 0.444873 0.053373 0.040833
0 0.150560 0.049150 0.211387 0.098301
0 0.973761 0.193633 0.052052 0.068393
0 0.120660 0.539680 0.088224 0.069965
0 0.992316 0.552613 0.015309 0.053113
0 0.238766 0.605694 0.067502 0.051670
0 0.873703 0.206224 0.091425 0.069859
0 0.177104 0.607690 0.051901 0.042933
0 0.571758 0.789747 0.084677 0.068914
0 0.440769 0.445743 0.561634 0.404525
0 0.118533 0.598511 0.036650 0.028088
0 0.773375 0.906166 0.453249 0.187668
0 0.548702 0.480466 0.098101 0.084889