0 0.169411 0.116840 0.130133 0.128244
0 0.821137 0.515206 0.058385 0.056285
0 0.236992 0.318703 0.068676 0.067479
0 0.379562 0.939346 0.057187 0.055038
0 0.783821 0.285152 0.050315 0.049143
0 0.829957 0.610989 0.043205 0.043233
0 0.231560 0.895110 0.051365 0.050524
0 0.041608 0.725118 0.043639 0.043686
0 0.110124 0.803474 0.046040 0.045363
0 0.760169 0.257555 0.040306 0.039631
0 0.866800 0.470244 0.041022 0.039452
0 0.190327 0.781750 0.033156 0.031539
0 0.957656 0.185397 0.084688 0.107716
0 0.267608 0.702318 0.033083 0.032033
0 0.122366 0.896075 0.037311 0.035907
0 0.697575 0.268946 0.035095 0.034550
0 0.380264 0.556560 0.040634 0.038968
0 0.641259 0.608717 0.069368 0.068502
0 0.862582 0.512042 0.030971 0.030147
0 0.082641 0.565882 0.045775 0.043309
0 0.925456 0.924417 0.033022 0.031620
0 0.630273 0.507045 0.028010 0.027499
0 0.943267 0.847845 0.077561 0.075890
0 0.517020 0.793419 0.028359 0.027794
0 0.413224 0.139975 0.027976 0.027539
0 0.958258 0.496263 0.027235 0.026524
0 0.752268 0.438168 0.039057 0.038214
0 0.216204 0.975034 0.034658 0.032281
0 0.970975 0.923531 0.058050 0.063260
0 0.802528 0.481554 0.031749 0.031257
0 0.511257 0.912895 0.027095 0.026996
0 0.013405 0.555610 0.025412 0.026748
0 0.644992 0.241740 0.029980 0.027503
0 0.300347 0.425696 0.029231 0.028782
0 0.575735 0.709852 0.112078 0.111861
0 0.623421 0.181137 0.027655 0.027067
0 0.747118 0.091690 0.026875 0.026419
0 0.055752 0.296890 0.027646 0.027187
0 0.614004 0.774486 0.059703 0.055393
0 0.420157 0.342538 0.025296 0.025670
0 0.730211 0.525470 0.026000 0.025614
0 0.783898 0.821994 0.024019 0.023438
0 0.618607 0.765850 0.074027 0.071238
0 0.777932 0.844671 0.025184 0.024762
0 0.233290 0.597248 0.024663 0.024510
0 0.740142 0.460940 0.029929 0.028539
0 0.826146 0.171118 0.027338 0.026526
0 0.637939 0.201854 0.025183 0.024353
0 0.190841 0.810315 0.029641 0.029176
0 0.722153 0.619362 0.025779 0.025191
0 0.634868 0.276811 0.032571 0.031854
0 0.011615 0.025167 0.021829 0.022170
0 0.977197 0.119559 0.045605 0.103407
0 0.012893 0.295375 0.022912 0.023299