0 0.744744 0.246806 0.375357 0.359100
0 0.213984 0.344959 0.185834 0.175634
0 0.335122 0.580148 0.180767 0.179581
0 0.446018 0.210990 0.149761 0.144279
0 0.223391 0.340245 0.040890 0.039435
0 0.827201 0.492113 0.032799 0.030944
0 0.134477 0.966110 0.054160 0.049888
0 0.402358 0.107937 0.096933 0.086322
0 0.116675 0.481027 0.181800 0.178537
0 0.574947 0.747912 0.039701 0.034817
0 0.370769 0.036354 0.127616 0.072707
0 0.739693 0.022645 0.052316 0.044085
0 0.664959 0.629358 0.032497 0.030072
0 0.559532 0.034069 0.099520 0.067416
0 0.992434 0.544055 0.014877 0.026284
0 0.962080 0.397029 0.034727 0.032439
0 0.858466 0.731757 0.073931 0.071259
0 0.048284 0.097765 0.096387 0.195530
0 0.264045 0.181580 0.030407 0.028727
0 0.949581 0.144799 0.030561 0.028857
0 0.668063 0.756815 0.048409 0.044748
0 0.929657 0.953920 0.028640 0.027476
0 0.575284 0.491997 0.027949 0.026308
0 0.118966 0.989281 0.047828 0.020138
0 0.957442 0.732961 0.027330 0.026005
0 0.912127 0.111814 0.073170 0.068986
0 0.507393 0.055851 0.162696 0.110379
0 0.060783 0.594636 0.078159 0.075817
0 0.632703 0.893354 0.523261 0.209799
0 0.599208 0.736518 0.028788 0.028965
0 0.967061 0.610978 0.024384 0.023962
0 0.688051 0.992572 0.035034 0.014856
0 0.535287 0.966288 0.032041 0.030020
0 0.529400 0.042993 0.156449 0.085985
0 0.791570 0.544561 0.028120 0.026460
0 0.706756 0.776436 0.041814 0.039196
0 0.593630 0.987956 0.035533 0.023962
0 0.897561 0.835874 0.042063 0.040322
0 0.285896 0.148190 0.027890 0.027231
0 0.809206 0.010303 0.035192 0.020064
0 0.920165 0.669499 0.022058 0.021805