0 0.439416 0.289165 0.063426 0.047388
0 0.732908 0.666905 0.082848 0.062139
0 0.913504 0.868579 0.069119 0.049286
0 0.012404 0.947122 0.024466 0.037245
0 0.406467 0.753474 0.062826 0.048111
0 0.058368 0.649466 0.116735 0.114233
0 0.813745 0.080989 0.043241 0.033377
0 0.588473 0.910964 0.380383 0.178072
0 0.022066 0.581996 0.039981 0.029227
0 0.152060 0.668790 0.087945 0.064993
0 0.348570 0.719200 0.078930 0.059350
0 0.898159 0.959622 0.045493 0.032239
0 0.971471 0.506620 0.057057 0.062232
0 0.269140 0.701272 0.039231 0.030031
0 0.022953 0.430556 0.045906 0.054093
0 0.968777 0.862219 0.038093 0.030760
0 0.654792 0.677434 0.079371 0.060342
0 0.086604 0.591198 0.087513 0.059809
0 0.738078 0.046494 0.049603 0.036356
0 0.664904 0.733993 0.042590 0.030435
0 0.277510 0.556711 0.041510 0.030256
0 0.686791 0.047878 0.042667 0.032806
0 0.538813 0.375607 0.735297 0.673459
0 0.606682 0.347473 0.033366 0.027722
0 0.140266 0.835642 0.040052 0.032124
0 0.366933 0.983172 0.085463 0.033657
0 0.505237 0.325851 0.031159 0.024738
0 0.030842 0.785516 0.054005 0.041361
0 0.097234 0.592921 0.065667 0.046273
0 0.575595 0.006851 0.048044 0.013556