0 0.223162 0.540552 0.100578 0.097286
0 0.588093 0.730608 0.111317 0.109481
0 0.294292 0.359324 0.071602 0.070506
0 0.282459 0.939608 0.051005 0.048953
0 0.701714 0.939628 0.168474 0.120744
0 0.144668 0.938605 0.060875 0.058626
0 0.194182 0.650241 0.033050 0.031577
0 0.420752 0.696048 0.159100 0.156309
0 0.216574 0.467292 0.058022 0.056896
0 0.651425 0.434009 0.036434 0.035002
0 0.684862 0.495278 0.030132 0.029913
0 0.716175 0.451375 0.035085 0.034714
0 0.888070 0.243695 0.028333 0.028707
0 0.197774 0.916567 0.058285 0.057217
0 0.179497 0.698782 0.030177 0.029169
0 0.647984 0.079268 0.044608 0.042464
0 0.024164 0.684087 0.048311 0.156495
0 0.542260 0.013313 0.058919 0.026625
0 0.771756 0.670695 0.027124 0.027398
0 0.780153 0.391753 0.031643 0.031360
0 0.515444 0.971196 0.254074 0.057608
0 0.330793 0.729318 0.027062 0.026888
0 0.454994 0.341592 0.034481 0.034219
0 0.207216 0.045434 0.049108 0.046991
0 0.638358 0.252656 0.027144 0.026106
0 0.251121 0.480432 0.047611 0.046712
0 0.887476 0.993446 0.027000 0.012986
0 0.479089 0.976249 0.151507 0.047501
0 0.806001 0.400039 0.027236 0.027807
0 0.467207 0.974649 0.111107 0.050703
0 0.747444 0.479215 0.026637 0.027541
0 0.754242 0.406024 0.023540 0.023291