0 0.603180 0.705654 0.055072 0.048142
0 0.468918 0.051316 0.166859 0.102632
0 0.868643 0.015645 0.045431 0.030702
0 0.525351 0.143485 0.087121 0.071925
0 0.352467 0.623376 0.064985 0.056344
0 0.116032 0.722692 0.072435 0.059474
0 0.896867 0.812726 0.048839 0.042137
0 0.729691 0.167602 0.042308 0.033765
0 0.701524 0.957918 0.035250 0.030360
0 0.804711 0.271729 0.041991 0.034722
0 0.313883 0.373433 0.034655 0.029895
0 0.218423 0.911068 0.048750 0.040072
0 0.405049 0.777464 0.230426 0.197810
0 0.674707 0.455812 0.073176 0.064725
0 0.193249 0.824770 0.068367 0.061234
0 0.010550 0.747406 0.020769 0.049138
0 0.674585 0.357472 0.229698 0.191656
0 0.416562 0.325550 0.082947 0.067740
0 0.306913 0.864461 0.061469 0.051180
0 0.290050 0.068054 0.079508 0.069390
0 0.575855 0.963699 0.033770 0.032211
0 0.171209 0.878552 0.073085 0.062809
0 0.531147 0.779962 0.032124 0.027469
0 0.511691 0.259890 0.075159 0.062633
0 0.747084 0.437570 0.218023 0.181735
0 0.073140 0.118218 0.023261 0.022476
0 0.428800 0.239681 0.092289 0.075803
0 0.526163 0.372306 0.069414 0.061685
0 0.238106 0.583396 0.039480 0.034806
0 0.792992 0.013983 0.036381 0.026544
0 0.324277 0.409582 0.046254 0.037515
0 0.414123 0.332931 0.071328 0.055412
0 0.906343 0.341016 0.187200 0.180324
0 0.381337 0.278640 0.031827 0.029260
0 0.077055 0.851157 0.138910 0.122926
0 0.413373 0.399158 0.037630 0.031444
0 0.022686 0.643154 0.045372 0.054610
0 0.792706 0.554082 0.066222 0.061421
0 0.313531 0.524542 0.053240 0.047008
0 0.238311 0.962237 0.068304 0.056912
0 0.031296 0.148191 0.062592 0.264514
0 0.495180 0.494673 0.059351 0.051630
0 0.720449 0.415413 0.262453 0.237412
0 0.991286 0.936711 0.017344 0.034326
0 0.119342 0.075409 0.044989 0.047781
0 0.517844 0.316620 0.102917 0.084264
0 0.884575 0.232928 0.075647 0.058135
0 0.552664 0.757159 0.033488 0.030466
0 0.744728 0.596376 0.031518 0.025943
0 0.817594 0.903090 0.104329 0.092615
0 0.556305 0.962390 0.068711 0.054506
0 0.297435 0.262747 0.069966 0.062175