0 0.812664 0.813875 0.040679 0.037283
0 0.169169 0.250499 0.172632 0.160790
0 0.976254 0.949716 0.039919 0.035165
0 0.818635 0.165801 0.037431 0.033016
0 0.691149 0.180710 0.044218 0.038697
0 0.706468 0.246674 0.033134 0.029023
0 0.042147 0.586155 0.034047 0.030691
0 0.670617 0.087029 0.045137 0.038912
0 0.301825 0.985803 0.042848 0.028240
0 0.252280 0.718918 0.042632 0.036882
0 0.020636 0.638612 0.041271 0.048889
0 0.690668 0.562602 0.077151 0.073784
0 0.503307 0.911562 0.141359 0.121199
0 0.827802 0.583938 0.112424 0.101720
0 0.124350 0.144804 0.045386 0.040416
0 0.944990 0.837892 0.109385 0.156147
0 0.477588 0.751158 0.032784 0.029436
0 0.898309 0.166068 0.027892 0.024354
0 0.034684 0.809576 0.025026 0.023661
0 0.972385 0.729091 0.050418 0.047936
0 0.990824 0.630700 0.018353 0.076134
0 0.328200 0.183823 0.053198 0.048488
0 0.448912 0.099359 0.060680 0.055050
0 0.864279 0.810119 0.040293 0.035539
0 0.549177 0.686227 0.028310 0.026085
0 0.015436 0.622708 0.030690 0.026612
0 0.405651 0.554552 0.056863 0.049569
0 0.070103 0.852500 0.024592 0.022819
0 0.799874 0.968981 0.091811 0.062037
0 0.038491 0.902289 0.026367 0.024113
0 0.782906 0.378364 0.434188 0.524523
0 0.835602 0.754617 0.027769 0.026585