0 0.647268 0.816937 0.052800 0.052085
0 0.901513 0.361362 0.055759 0.055304
0 0.916044 0.609565 0.040560 0.041268
0 0.526225 0.510237 0.054350 0.053358
0 0.149598 0.659424 0.037090 0.034967
0 0.317710 0.498524 0.055438 0.052554
0 0.618617 0.240576 0.036593 0.035862
0 0.423322 0.346908 0.044424 0.043893
0 0.634418 0.092639 0.034405 0.033981
0 0.583162 0.278320 0.029980 0.029746
0 0.706592 0.319401 0.030896 0.030581
0 0.611830 0.840111 0.031358 0.031245
0 0.885106 0.069635 0.151244 0.139271
0 0.968296 0.748344 0.037026 0.035886
0 0.783608 0.607175 0.028508 0.027799
0 0.379746 0.652822 0.041404 0.041302
0 0.739470 0.862506 0.038788 0.038314
0 0.493838 0.280067 0.028904 0.028686
0 0.437869 0.417820 0.030544 0.030049
0 0.379729 0.098646 0.033719 0.033167
0 0.952669 0.462096 0.028088 0.027034
0 0.890599 0.393839 0.031541 0.031703
0 0.975664 0.921500 0.026244 0.025119
0 0.647070 0.493281 0.042131 0.040057
0 0.935171 0.746257 0.027412 0.027326
0 0.734153 0.815521 0.036119 0.035277
0 0.348159 0.616544 0.032874 0.032714
0 0.775866 0.840826 0.037200 0.036757
0 0.760823 0.566070 0.030687 0.030888
0 0.676925 0.957234 0.028069 0.027540
0 0.779017 0.672802 0.029980 0.028204
0 0.163247 0.894126 0.029866 0.030477
0 0.458286 0.725873 0.028120 0.026750
0 0.978591 0.716524 0.027777 0.026786
0 0.479181 0.827856 0.028146 0.028190
0 0.622686 0.573180 0.028142 0.027688
0 0.689890 0.788801 0.026565 0.026575
0 0.671578 0.745442 0.025034 0.025690
0 0.407961 0.700183 0.029982 0.028652
0 0.617159 0.496737 0.026616 0.026269
0 0.849922 0.423195 0.027697 0.028279
0 0.814088 0.941504 0.029588 0.029419
0 0.729426 0.015114 0.064240 0.030229
0 0.541349 0.565834 0.030995 0.031162
0 0.270444 0.828685 0.024582 0.024090
0 0.400080 0.245180 0.029625 0.029513
0 0.598659 0.558109 0.026617 0.026612
0 0.802119 0.165425 0.042662 0.041865
0 0.609215 0.312868 0.024280 0.024331
0 0.345037 0.837430 0.025451 0.024938
0 0.502616 0.678504 0.026318 0.026099
0 0.854283 0.850305 0.030855 0.030445
0 0.334895 0.637341 0.028470 0.028061
0 0.645722 0.992985 0.023936 0.014029
0 0.641581 0.522396 0.026736 0.027304
0 0.803340 0.029549 0.031566 0.030689
0 0.490270 0.621543 0.025448 0.024747