0 0.438741 0.147417 0.094718 0.093875
0 0.801365 0.325942 0.185994 0.192527
0 0.294773 0.318877 0.055246 0.053639
0 0.245681 0.142714 0.053429 0.052977
0 0.249770 0.208528 0.061914 0.061231
0 0.420539 0.209568 0.050389 0.049676
0 0.794627 0.109786 0.044572 0.043755
0 0.655614 0.779600 0.480407 0.438463
0 0.687316 0.151372 0.039577 0.039091
0 0.797852 0.465032 0.038963 0.038908
0 0.865241 0.429625 0.045107 0.044939
0 0.557702 0.022804 0.039557 0.039011
0 0.561451 0.260982 0.042375 0.041601
0 0.958070 0.443884 0.069116 0.069197
0 0.923625 0.204400 0.040664 0.039682
0 0.909601 0.426956 0.046550 0.046247
0 0.922806 0.370759 0.045360 0.043736
0 0.572219 0.103095 0.034539 0.034039
0 0.849312 0.621902 0.059788 0.060528
0 0.097361 0.711230 0.034584 0.032770
0 0.331153 0.708684 0.038793 0.038174
0 0.945322 0.042154 0.097426 0.084307
0 0.048999 0.123039 0.097997 0.117179
0 0.954016 0.796040 0.091969 0.104075
0 0.585151 0.039844 0.031377 0.031323
0 0.643407 0.831744 0.035097 0.034254
0 0.970855 0.917693 0.037047 0.036318
0 0.173080 0.169247 0.039874 0.038907
0 0.763287 0.550764 0.077899 0.076965
0 0.433673 0.555031 0.059025 0.058066
0 0.699629 0.619812 0.037837 0.036172
0 0.113157 0.166862 0.041683 0.040743
0 0.102529 0.988123 0.031932 0.023555
0 0.370035 0.855853 0.052257 0.049881
0 0.646771 0.578795 0.034906 0.035261
0 0.502556 0.950737 0.043124 0.042455
0 0.253255 0.457333 0.036728 0.035753
0 0.033670 0.826935 0.049522 0.048621
0 0.632920 0.185996 0.037979 0.037780
0 0.425920 0.332837 0.047918 0.046037
0 0.550519 0.342979 0.031332 0.031713
0 0.083937 0.258101 0.038672 0.037447
0 0.817045 0.596138 0.032710 0.032197
0 0.290977 0.984812 0.055094 0.030181
0 0.568442 0.566091 0.033730 0.034638
0 0.528162 0.530467 0.033347 0.033367
0 0.880904 0.370264 0.032057 0.031760
0 0.337308 0.332482 0.026719 0.026604
0 0.514146 0.420713 0.033294 0.032870
0 0.592368 0.981173 0.102047 0.037654
0 0.157180 0.331682 0.044746 0.042848
0 0.380607 0.264235 0.031107 0.030204
0 0.260783 0.246695 0.038487 0.037144
0 0.548259 0.388192 0.095985 0.095676
0 0.014269 0.052504 0.025986 0.030105
0 0.650093 0.632522 0.027568 0.027753
0 0.313171 0.483119 0.032174 0.032113
0 0.928794 0.095538 0.055910 0.056504
0 0.976288 0.285855 0.026398 0.026460
0 0.753427 0.512365 0.029417 0.027242
0 0.965502 0.096544 0.068809 0.101307
0 0.746208 0.034615 0.029946 0.029064
0 0.388440 0.034131 0.037906 0.038002
0 0.397648 0.359133 0.025568 0.025185
0 0.972812 0.102735 0.054252 0.093819
0 0.886511 0.678229 0.026216 0.026685
0 0.806954 0.954612 0.037450 0.035011
0 0.747695 0.064581 0.026062 0.025082
0 0.949983 0.090195 0.091435 0.097627
0 0.215839 0.255117 0.034929 0.034377
0 0.254351 0.009945 0.027352 0.019891
0 0.497714 0.290514 0.043315 0.041588
0 0.775726 0.039858 0.034694 0.034981
0 0.848765 0.216496 0.028943 0.030075
0 0.232754 0.375343 0.026758 0.025887
0 0.418145 0.428465 0.097701 0.096375
0 0.811064 0.243484 0.046183 0.043857
0 0.424649 0.252766 0.028690 0.029006
0 0.385962 0.637842 0.045266 0.044466
0 0.156187 0.637036 0.261253 0.242946
0 0.219352 0.175613 0.035353 0.036008
0 0.290275 0.534348 0.068899 0.066403
0 0.205129 0.119796 0.043890 0.039909
0 0.654073 0.431878 0.060229 0.058204
0 0.576788 0.515393 0.053908 0.052800