0 0.803866 0.595574 0.128437 0.112196
0 0.412007 0.500165 0.042626 0.037098
0 0.504725 0.902575 0.034164 0.031456
0 0.021043 0.683252 0.039169 0.036652
0 0.548186 0.231842 0.038525 0.036680
0 0.778391 0.737566 0.037345 0.034206
0 0.931454 0.084147 0.044308 0.040742
0 0.639985 0.043286 0.031767 0.028876
0 0.016991 0.131074 0.033275 0.031074
0 0.710375 0.196023 0.029376 0.027082
0 0.970709 0.307804 0.040153 0.036562
0 0.346987 0.489135 0.034761 0.029452
0 0.475787 0.071198 0.029310 0.027399
0 0.207586 0.872819 0.029419 0.026818
0 0.304784 0.534581 0.037858 0.033230
0 0.972720 0.122397 0.054561 0.068566
0 0.360571 0.145942 0.029702 0.027763
0 0.788803 0.011634 0.032685 0.023269
0 0.885913 0.464154 0.062486 0.056266
0 0.038777 0.405310 0.027572 0.024605
0 0.230630 0.630747 0.027811 0.025530
0 0.075759 0.247347 0.027583 0.024636
0 0.751958 0.525111 0.033762 0.030782
0 0.926143 0.533752 0.031982 0.030204
0 0.187143 0.131830 0.027878 0.023884
0 0.985182 0.389181 0.029429 0.052008
0 0.439898 0.061526 0.023307 0.022724
0 0.842490 0.392147 0.055713 0.052970
0 0.851892 0.138821 0.026030 0.025367
0 0.875306 0.460849 0.049171 0.044331
0 0.906591 0.558811 0.040484 0.036974
0 0.748379 0.477638 0.077587 0.071649
0 0.891846 0.467279 0.053347 0.046771