0 0.197132 0.368371 0.239714 0.228348
0 0.637046 0.192739 0.065606 0.062071
0 0.521939 0.278993 0.135697 0.130664
0 0.042767 0.856850 0.069347 0.067343
0 0.553760 0.438625 0.055912 0.053439
0 0.744958 0.036065 0.089791 0.072130
0 0.489186 0.471230 0.035713 0.033371
0 0.713088 0.969174 0.034847 0.034859
0 0.332019 0.643939 0.038058 0.037080
0 0.587769 0.089791 0.084294 0.073705
0 0.838033 0.588607 0.034652 0.032904
0 0.336666 0.365734 0.048525 0.045130
0 0.645369 0.338008 0.094419 0.084610
0 0.386556 0.927904 0.031095 0.030518
0 0.766619 0.104191 0.038020 0.034998
0 0.957682 0.616985 0.029409 0.027780
0 0.386642 0.857673 0.036298 0.033917
0 0.402696 0.562494 0.029432 0.028104
0 0.204257 0.021078 0.033767 0.031541
0 0.059377 0.032523 0.049293 0.047158
0 0.480858 0.955901 0.030099 0.028944
0 0.470659 0.020158 0.037698 0.035952
0 0.378887 0.049688 0.179808 0.099377
0 0.870095 0.456639 0.035242 0.033588
0 0.201688 0.082569 0.042251 0.039177
0 0.768759 0.988531 0.030737 0.022938
0 0.465662 0.182067 0.035847 0.033010
0 0.581491 0.308184 0.081254 0.074295
0 0.858437 0.400604 0.031227 0.028507
0 0.182782 0.977567 0.121393 0.044867
0 0.165160 0.008081 0.027360 0.016162
0 0.539274 0.942515 0.032479 0.030956
0 0.422956 0.670165 0.027428 0.026669
0 0.244751 0.787154 0.028145 0.028287
0 0.691411 0.986493 0.024840 0.023890
0 0.496028 0.158614 0.026200 0.025184
0 0.726300 0.837434 0.029795 0.028097
0 0.902634 0.105184 0.194733 0.207462
0 0.254417 0.753875 0.030306 0.029010
0 0.553908 0.795923 0.067553 0.063473
0 0.113827 0.190446 0.226893 0.358553
0 0.647535 0.957965 0.026605 0.025593
0 0.992598 0.082307 0.014645 0.029385
0 0.008693 0.916646 0.017377 0.038825
0 0.840201 0.301892 0.071007 0.065561
0 0.816170 0.553904 0.112712 0.108972
0 0.242382 0.234892 0.070633 0.064267
0 0.012733 0.891627 0.025467 0.028899
0 0.212524 0.704033 0.078586 0.076673
0 0.555018 0.743032 0.026215 0.024817
0 0.569273 0.934725 0.027751 0.027118
0 0.592932 0.023261 0.080833 0.046522
0 0.771023 0.810757 0.075464 0.071544
0 0.989786 0.245738 0.020427 0.032340
0 0.278074 0.431511 0.043847 0.042215
0 0.020187 0.710551 0.026293 0.026848
0 0.264239 0.125405 0.040404 0.038140
0 0.429762 0.213753 0.081617 0.078131
0 0.574057 0.760381 0.024598 0.024324