0 0.787977 0.798161 0.059505 0.059232
0 0.315747 0.799124 0.063705 0.063821
0 0.866929 0.478847 0.062093 0.060340
0 0.320855 0.406966 0.050386 0.049323
0 0.691766 0.864663 0.030665 0.029543
0 0.081778 0.986128 0.037750 0.027744
0 0.688574 0.035131 0.066828 0.062873
0 0.251746 0.932545 0.040778 0.037955
0 0.605572 0.459618 0.090710 0.089613
0 0.849132 0.917215 0.164305 0.156940
0 0.744572 0.585141 0.050489 0.051247
0 0.836337 0.650865 0.123555 0.114198
0 0.776793 0.481056 0.052754 0.054805
0 0.211185 0.943440 0.032580 0.032106
0 0.178386 0.142835 0.356773 0.285671
0 0.161713 0.839332 0.072764 0.073582
0 0.271692 0.828989 0.034552 0.034198
0 0.104765 0.751926 0.063633 0.063840
0 0.626024 0.219700 0.038712 0.037398
0 0.738564 0.571893 0.035401 0.033284
0 0.078124 0.947018 0.043180 0.042417
0 0.069951 0.948426 0.053764 0.049410
0 0.868228 0.430385 0.025616 0.025071
0 0.739126 0.576004 0.040859 0.038931
0 0.970228 0.374106 0.059543 0.126392
0 0.600360 0.951835 0.119123 0.096330
0 0.068242 0.417677 0.136485 0.150708
0 0.982505 0.224705 0.034422 0.051748
0 0.111065 0.671174 0.046767 0.044776