0 0.249924 0.023741 0.047912 0.047311
0 0.707692 0.209304 0.032302 0.031356
0 0.529890 0.478184 0.034964 0.034107
0 0.513964 0.395773 0.041229 0.041780
0 0.092181 0.101018 0.035264 0.034702
0 0.106124 0.119546 0.029625 0.029762
0 0.154520 0.655740 0.031440 0.030834
0 0.193762 0.504669 0.049849 0.049903
0 0.564073 0.357695 0.028941 0.029632
0 0.791252 0.010966 0.034893 0.021848
0 0.990376 0.149449 0.019247 0.071151
0 0.601077 0.440057 0.027122 0.027320
0 0.550095 0.558020 0.081432 0.080224
0 0.180331 0.840211 0.043571 0.043905
0 0.305403 0.021166 0.066027 0.042331
0 0.617115 0.417071 0.030291 0.029645
0 0.492297 0.759111 0.029958 0.029350
0 0.387831 0.610175 0.030322 0.030046
0 0.196550 0.478560 0.040093 0.038343
0 0.006998 0.735962 0.013996 0.036361
0 0.146725 0.058441 0.033712 0.032988
0 0.894963 0.012995 0.097711 0.025990
0 0.007863 0.288793 0.015726 0.041332
0 0.702828 0.566722 0.073975 0.070359
0 0.895694 0.255538 0.030672 0.033098
0 0.965938 0.220880 0.030437 0.030371
0 0.803553 0.195701 0.026712 0.025435
0 0.208255 0.791768 0.045520 0.043685
0 0.480297 0.332140 0.026162 0.026004
0 0.705812 0.687513 0.032442 0.032350
0 0.144301 0.588911 0.047377 0.045339
0 0.202357 0.468605 0.031857 0.035377
0 0.712810 0.645273 0.048235 0.047052