0 0.734078 0.919276 0.033918 0.032898
0 0.318014 0.637802 0.040384 0.040058
0 0.126305 0.292846 0.042159 0.042383
0 0.580516 0.172520 0.036763 0.036747
0 0.241107 0.409487 0.032393 0.031565
0 0.927546 0.935421 0.044864 0.043577
0 0.444562 0.419795 0.048314 0.046293
0 0.905887 0.583782 0.056416 0.054753
0 0.461393 0.383938 0.054914 0.052960
0 0.250588 0.824584 0.029708 0.028633
0 0.403219 0.731398 0.069803 0.065405
0 0.480647 0.400277 0.023342 0.023041
0 0.581056 0.555647 0.076100 0.075471
0 0.824194 0.987072 0.048557 0.025857
0 0.485142 0.717926 0.023672 0.023565
0 0.833718 0.119066 0.029395 0.028034
0 0.465156 0.377486 0.051190 0.049306
0 0.171286 0.664984 0.049720 0.048469