0 0.424617 0.041432 0.138436 0.082789
0 0.876842 0.536871 0.139471 0.100110
0 0.064806 0.167873 0.070807 0.057232
0 0.773293 0.937278 0.283689 0.125262
0 0.290639 0.228927 0.070723 0.055314
0 0.859505 0.042629 0.078761 0.057039
0 0.357356 0.206056 0.068431 0.048787
0 0.560603 0.249561 0.075978 0.055138
0 0.184810 0.111179 0.055075 0.039188
0 0.344329 0.264715 0.050078 0.034902
0 0.880393 0.265946 0.066648 0.047618
0 0.447051 0.660775 0.648330 0.514178
0 0.173910 0.480194 0.049716 0.037689
0 0.570089 0.053337 0.133097 0.098587
0 0.918254 0.343705 0.068751 0.052150
0 0.636471 0.186579 0.102695 0.066209
0 0.885093 0.825491 0.122232 0.100208
0 0.437597 0.106391 0.051836 0.037375
0 0.660063 0.146968 0.138505 0.088835
0 0.443034 0.165716 0.109396 0.069109
0 0.600602 0.068872 0.071236 0.059093
0 0.575734 0.066510 0.123983 0.075773
0 0.431544 0.167617 0.099244 0.059293
0 0.642192 0.170681 0.124891 0.095188
0 0.579997 0.306676 0.058897 0.045540
0 0.855505 0.358872 0.068406 0.052699
0 0.164351 0.076254 0.044060 0.032762
0 0.952971 0.978003 0.094059 0.043994
0 0.152781 0.428449 0.305561 0.578666