0 0.976907 0.518494 0.045885 0.051492
0 0.705891 0.700560 0.050290 0.049136
0 0.837286 0.546656 0.039134 0.037370
0 0.956580 0.667368 0.047225 0.045315
0 0.797126 0.148082 0.039680 0.038847
0 0.846228 0.648923 0.038910 0.038341
0 0.798878 0.470643 0.037874 0.036801
0 0.852193 0.144977 0.031576 0.031636
0 0.087409 0.904886 0.030873 0.030114
0 0.709101 0.127929 0.029918 0.028696
0 0.667468 0.395663 0.029303 0.029288
0 0.990337 0.388657 0.019326 0.042027
0 0.719207 0.276014 0.029492 0.029119
0 0.929277 0.730955 0.029653 0.027863
0 0.352286 0.922722 0.036526 0.036352
0 0.368215 0.828278 0.025791 0.025692
0 0.607192 0.053764 0.368254 0.106322
0 0.757870 0.687791 0.029075 0.028637
0 0.300475 0.575165 0.026608 0.025840
0 0.785753 0.677975 0.027006 0.027421
0 0.316678 0.884136 0.026052 0.025124
0 0.299064 0.898731 0.028032 0.027090
0 0.827815 0.083216 0.046183 0.044558
0 0.651029 0.687350 0.027828 0.027095
0 0.135866 0.305445 0.024505 0.024949
0 0.342159 0.745171 0.027279 0.025827
0 0.470038 0.181150 0.026179 0.026237
0 0.958635 0.762099 0.023907 0.023558
0 0.864699 0.919660 0.023214 0.022423
0 0.682423 0.296850 0.026215 0.025365