0 0.507411 0.567740 0.092502 0.075871
0 0.738649 0.974906 0.062644 0.049562
0 0.501361 0.828263 0.050372 0.038486
0 0.878110 0.481603 0.095402 0.075147
0 0.640484 0.920541 0.032781 0.026028
0 0.382674 0.951245 0.311273 0.097511
0 0.903681 0.622967 0.040888 0.032615
0 0.125710 0.162542 0.034576 0.028763
0 0.050156 0.103378 0.034696 0.029163
0 0.373548 0.678616 0.036214 0.028443
0 0.409609 0.816768 0.052058 0.037941
0 0.231473 0.214302 0.462946 0.428605
0 0.020755 0.874089 0.041510 0.042626
0 0.170896 0.891916 0.048502 0.038051
0 0.301428 0.528197 0.033391 0.026050
0 0.402037 0.813280 0.038830 0.032935
0 0.953625 0.603882 0.042929 0.033265
0 0.258567 0.788821 0.045656 0.036360
0 0.140563 0.899161 0.042100 0.032752
0 0.135279 0.954176 0.197007 0.091648
0 0.440575 0.590736 0.027975 0.023768
0 0.136174 0.511478 0.082921 0.067211
0 0.461424 0.345008 0.185572 0.149382
0 0.765230 0.522133 0.049099 0.038114
0 0.355893 0.374431 0.040897 0.034150
0 0.626709 0.849642 0.033763 0.028098
0 0.910052 0.865180 0.032021 0.025214
0 0.993234 0.431962 0.013531 0.058585
0 0.132509 0.530656 0.064694 0.055823
0 0.457391 0.908565 0.047856 0.038558
0 0.182741 0.541856 0.053676 0.046777
0 0.414380 0.820297 0.042716 0.031522
0 0.303332 0.498004 0.281815 0.238160
0 0.946618 0.914631 0.105592 0.169281
0 0.496337 0.886337 0.029889 0.025004
0 0.938811 0.992519 0.031964 0.014961
0 0.132193 0.522584 0.072306 0.064200
0 0.397367 0.372592 0.035309 0.029948
0 0.460458 0.903424 0.048660 0.036507
0 0.951836 0.800002 0.042547 0.035511
0 0.817848 0.405243 0.151025 0.122156
0 0.502198 0.621449 0.029401 0.025396
0 0.685313 0.332568 0.043697 0.035829