0 0.357247 0.081346 0.060666 0.052995
0 0.642370 0.760859 0.090011 0.085618
0 0.234395 0.778252 0.067405 0.061295
0 0.351820 0.736270 0.052800 0.049854
0 0.098823 0.086972 0.052251 0.046830
0 0.736800 0.648798 0.045285 0.041863
0 0.407290 0.871318 0.061536 0.059512
0 0.412317 0.425121 0.039528 0.034890
0 0.227811 0.640000 0.071687 0.064449
0 0.169180 0.852616 0.069207 0.064468
0 0.460912 0.226682 0.044898 0.042950
0 0.823813 0.514739 0.052539 0.046467
0 0.181319 0.597052 0.073853 0.068063
0 0.031351 0.245773 0.062665 0.060166
0 0.972514 0.112820 0.027456 0.026719
0 0.327673 0.683375 0.043141 0.042145
0 0.335467 0.149412 0.069507 0.062995
0 0.437114 0.185857 0.052922 0.048833
0 0.573152 0.516918 0.035345 0.032069
0 0.697057 0.919442 0.056955 0.053125
0 0.390578 0.537477 0.035263 0.033192
0 0.336863 0.787154 0.062249 0.060241
0 0.531997 0.234094 0.056549 0.052320
0 0.575017 0.787114 0.057694 0.054368
0 0.147321 0.272368 0.039281 0.033275
0 0.380579 0.225373 0.038148 0.033095
0 0.290640 0.792842 0.032527 0.031460
0 0.736167 0.356910 0.027592 0.027870
0 0.520438 0.102233 0.083401 0.076589
0 0.589031 0.255301 0.037279 0.034641
0 0.148501 0.530355 0.038601 0.033103
0 0.858296 0.933472 0.034573 0.032562
0 0.489222 0.687576 0.106505 0.096873
0 0.180966 0.369354 0.205259 0.158589
0 0.450898 0.584921 0.030361 0.028639
0 0.409357 0.657327 0.057032 0.053719
0 0.313428 0.458560 0.038005 0.034477
0 0.672754 0.189375 0.035936 0.034959
0 0.682291 0.581675 0.146368 0.133123
0 0.705042 0.782131 0.053387 0.049923
0 0.133553 0.173236 0.032755 0.029691
0 0.570497 0.032401 0.049995 0.047327
0 0.502159 0.126440 0.049384 0.045984
0 0.050864 0.147822 0.052095 0.048148
0 0.110561 0.626548 0.031644 0.028202
0 0.368647 0.834273 0.049517 0.047511
0 0.029281 0.702082 0.051006 0.049471
0 0.594186 0.760923 0.034606 0.033217
0 0.216095 0.007215 0.033600 0.014429
0 0.403616 0.302836 0.031445 0.028908
0 0.746474 0.518229 0.036732 0.034605
0 0.737530 0.112621 0.054369 0.053043
0 0.819335 0.024167 0.059177 0.047769
0 0.279251 0.966106 0.054392 0.050250
0 0.785302 0.088179 0.045453 0.043474
0 0.475329 0.501590 0.052552 0.051030
0 0.380337 0.487231 0.031113 0.028396
0 0.288483 0.370034 0.031333 0.027995
0 0.089956 0.278510 0.059251 0.047875
0 0.136203 0.220252 0.039071 0.035261
0 0.041446 0.058996 0.031188 0.028959
0 0.054450 0.140167 0.059183 0.050278
0 0.049458 0.155208 0.048202 0.038003
0 0.656868 0.686244 0.078402 0.073420
0 0.013565 0.983125 0.027131 0.033750
0 0.310289 0.518755 0.132738 0.116634
0 0.951863 0.896003 0.028954 0.029600
0 0.722395 0.875276 0.027468 0.026858
0 0.356717 0.622098 0.028257 0.026633
0 0.084992 0.709219 0.055475 0.050490
0 0.004541 0.890558 0.009083 0.037037
0 0.650120 0.677397 0.099058 0.093942
0 0.678523 0.668623 0.042471 0.040822
0 0.530211 0.639218 0.106535 0.094302
0 0.517217 0.208974 0.030210 0.026926
0 0.383555 0.184810 0.052332 0.047827