0 0.439706 0.506549 0.076468 0.058896
0 0.337967 0.658793 0.059616 0.045722
0 0.742745 0.662539 0.045207 0.037524
0 0.714107 0.333956 0.140740 0.117535
0 0.189282 0.612796 0.055532 0.041107
0 0.153074 0.218615 0.034364 0.026677
0 0.317668 0.749478 0.034952 0.027148
0 0.976509 0.948998 0.046780 0.075531
0 0.834379 0.365668 0.033279 0.029166
0 0.864147 0.340386 0.038183 0.031759
0 0.032153 0.815552 0.042289 0.035759
0 0.715486 0.168380 0.161470 0.125144
0 0.033616 0.507017 0.033559 0.030076
0 0.127975 0.610770 0.038676 0.030118
0 0.525480 0.126394 0.078512 0.057070
0 0.599141 0.025889 0.055331 0.044361
0 0.251159 0.076158 0.039121 0.029473
0 0.993792 0.361424 0.012417 0.040519
0 0.209290 0.724238 0.036362 0.029771
0 0.564243 0.010021 0.048923 0.019724
0 0.773616 0.890831 0.032561 0.027448
0 0.584751 0.505521 0.310087 0.249134
0 0.321120 0.248340 0.094828 0.082131
0 0.662966 0.062740 0.139532 0.116693
0 0.277083 0.865168 0.052208 0.041103
0 0.298195 0.712827 0.028753 0.024924
0 0.375040 0.618869 0.029041 0.022880
0 0.339612 0.130398 0.038856 0.032800
0 0.538722 0.435420 0.029476 0.027221
0 0.055287 0.619535 0.028168 0.024273
0 0.671738 0.419451 0.048044 0.036379
0 0.860784 0.358144 0.026383 0.023584
0 0.383451 0.119757 0.054716 0.043565