0 0.356350 0.872806 0.230485 0.217054
0 0.027993 0.786485 0.055843 0.070221
0 0.931146 0.330553 0.137708 0.142377
0 0.241245 0.753893 0.104640 0.096691
0 0.197609 0.496009 0.059294 0.056524
0 0.462549 0.769750 0.080952 0.076796
0 0.630975 0.971849 0.084276 0.056302
0 0.657825 0.840939 0.069424 0.064422
0 0.725267 0.243615 0.058488 0.056069
0 0.508831 0.249905 0.053998 0.050472
0 0.398550 0.643060 0.071534 0.065111
0 0.226121 0.706340 0.043970 0.040442
0 0.749179 0.416891 0.051495 0.048799
0 0.246594 0.195393 0.033158 0.032392
0 0.182226 0.680438 0.065533 0.063742
0 0.278025 0.407526 0.034274 0.033508
0 0.761987 0.925865 0.036097 0.034098
0 0.089827 0.708142 0.039042 0.037907
0 0.576108 0.794913 0.037688 0.034928
0 0.138631 0.617929 0.046947 0.044252
0 0.291077 0.226321 0.032454 0.031027
0 0.894455 0.891739 0.211090 0.216523
0 0.182080 0.354208 0.108845 0.103818
0 0.330597 0.631787 0.084694 0.076373
0 0.388177 0.973147 0.032997 0.030826
0 0.241434 0.649581 0.068698 0.062827
0 0.510736 0.746722 0.037058 0.034703
0 0.498874 0.592602 0.127326 0.118882
0 0.034475 0.887383 0.036631 0.034231
0 0.460011 0.974760 0.033044 0.033406
0 0.889763 0.015323 0.032470 0.029856
0 0.704080 0.203516 0.034485 0.032510
0 0.258673 0.615659 0.061907 0.055550
0 0.676702 0.523902 0.037203 0.033975
0 0.588623 0.887997 0.030480 0.029541
0 0.373720 0.568255 0.115058 0.108539
0 0.296354 0.671209 0.043841 0.039916
0 0.619672 0.432853 0.044014 0.040961
0 0.051147 0.382261 0.052059 0.050571
0 0.676824 0.683284 0.083295 0.075184
0 0.604289 0.087957 0.039474 0.036532
0 0.120632 0.982731 0.098327 0.034537
0 0.082165 0.587265 0.033452 0.031761
0 0.411070 0.768850 0.041426 0.037427
0 0.407146 0.494640 0.042073 0.040501
0 0.146156 0.650994 0.030555 0.028681
0 0.028391 0.109800 0.056686 0.090743
0 0.411110 0.024865 0.054534 0.047230
0 0.328059 0.554457 0.034164 0.032785
0 0.515200 0.447897 0.042184 0.041063
0 0.725002 0.590504 0.054901 0.051981
0 0.659669 0.780043 0.032384 0.030118
0 0.889556 0.189799 0.044093 0.040681
0 0.801556 0.309737 0.077444 0.068688
0 0.219483 0.251141 0.030171 0.029210
0 0.761070 0.669826 0.034212 0.032560
0 0.164018 0.034244 0.027253 0.026266
0 0.012025 0.680377 0.023837 0.029013
0 0.525472 0.693219 0.102803 0.093628
0 0.467366 0.515047 0.085447 0.082784