0 0.744868 0.106041 0.208361 0.177826
0 0.236786 0.653437 0.078396 0.060439
0 0.083761 0.714934 0.120119 0.099682
0 0.901546 0.178110 0.193257 0.156975
0 0.486190 0.607066 0.070217 0.052359
0 0.386855 0.947958 0.043718 0.033137
0 0.564452 0.495888 0.038148 0.030077
0 0.364699 0.356615 0.035739 0.026958
0 0.192066 0.677014 0.072867 0.061661
0 0.446841 0.680989 0.033950 0.026627
0 0.244912 0.301621 0.034071 0.028189
0 0.615991 0.492652 0.037420 0.028969
0 0.906245 0.888502 0.036818 0.030740
0 0.339477 0.962032 0.036345 0.032811
0 0.539621 0.053606 0.119488 0.097182
0 0.013519 0.008375 0.027037 0.016144
0 0.523868 0.935320 0.031282 0.024341
0 0.007560 0.091412 0.015120 0.035212
0 0.023250 0.445590 0.029192 0.023775
0 0.908550 0.253966 0.065899 0.050975
0 0.934263 0.069204 0.131166 0.138407
0 0.951272 0.414369 0.095239 0.083232
0 0.896481 0.495295 0.030848 0.026271
0 0.805261 0.028449 0.047056 0.041764
0 0.148074 0.642768 0.046627 0.038457
0 0.335470 0.331714 0.026829 0.022556
0 0.444825 0.097459 0.124638 0.101556
0 0.118031 0.041323 0.025883 0.023107
0 0.308016 0.048764 0.055291 0.042441