0 0.520583 0.837514 0.106201 0.098802
0 0.906980 0.673339 0.185429 0.246689
0 0.572770 0.331010 0.154445 0.116713
0 0.470099 0.411617 0.063536 0.050447
0 0.606019 0.540732 0.252662 0.206501
0 0.712825 0.094954 0.100108 0.074534
0 0.409067 0.843964 0.134854 0.115574
0 0.820686 0.799146 0.079758 0.065248
0 0.521842 0.195257 0.121549 0.090531
0 0.311730 0.863238 0.056105 0.047582
0 0.537187 0.066763 0.089504 0.067400
0 0.796528 0.039800 0.052752 0.038437
0 0.692590 0.034618 0.100913 0.068687
0 0.582749 0.685439 0.157604 0.128854
0 0.729849 0.763502 0.109752 0.092913
0 0.377208 0.035578 0.142050 0.071156
0 0.339813 0.402423 0.038748 0.032201
0 0.218724 0.475709 0.053864 0.040877
0 0.710897 0.795859 0.035862 0.031255
0 0.083915 0.828453 0.053812 0.042002
0 0.146310 0.766113 0.048764 0.039926
0 0.690315 0.167766 0.164982 0.109473
0 0.043983 0.984115 0.030758 0.026049
0 0.399843 0.481567 0.047941 0.037943
0 0.906491 0.262119 0.088554 0.068984
0 0.694389 0.637569 0.037449 0.029369
0 0.246253 0.853033 0.043139 0.038044
0 0.072947 0.750038 0.132518 0.119004
0 0.613192 0.961070 0.082215 0.073315
0 0.323162 0.111573 0.096481 0.072371
0 0.055391 0.242502 0.035883 0.030158
0 0.385507 0.379287 0.039532 0.031377
0 0.225690 0.053349 0.035483 0.028126
0 0.609961 0.237882 0.091529 0.072102
0 0.284033 0.829297 0.040278 0.034030
0 0.954326 0.958055 0.024093 0.021835
0 0.987270 0.979301 0.022872 0.021704
0 0.069820 0.869026 0.033645 0.025513
0 0.912025 0.993430 0.031040 0.012876
0 0.965175 0.227211 0.069650 0.062516
0 0.117041 0.240533 0.033271 0.028048
0 0.395553 0.477523 0.051872 0.041103
0 0.075405 0.568384 0.029774 0.028873
0 0.101807 0.608063 0.035778 0.031371
0 0.265758 0.694761 0.067803 0.060046
0 0.664337 0.919089 0.026811 0.024969