0 0.470686 0.938147 0.045724 0.045072
0 0.246402 0.464925 0.043391 0.041885
0 0.405926 0.039788 0.035591 0.034505
0 0.870639 0.120288 0.055318 0.054574
0 0.455171 0.782990 0.032605 0.032350
0 0.808921 0.585199 0.035572 0.034728
0 0.471984 0.013878 0.048042 0.027757
0 0.665628 0.514043 0.033576 0.032752
0 0.130030 0.032398 0.041546 0.040551
0 0.055862 0.337060 0.035352 0.034498
0 0.567748 0.158475 0.047022 0.046098
0 0.414697 0.835538 0.029339 0.028424
0 0.678406 0.810897 0.085132 0.082366
0 0.554238 0.514485 0.053514 0.052120
0 0.483821 0.378503 0.042187 0.040621
0 0.986453 0.222762 0.027094 0.038742
0 0.146480 0.441279 0.069581 0.068589
0 0.792640 0.160959 0.030014 0.029039
0 0.223808 0.080615 0.068223 0.065964
0 0.866553 0.592529 0.033493 0.032806
0 0.525479 0.642045 0.028375 0.028742
0 0.979739 0.350255 0.040522 0.047164
0 0.704969 0.710573 0.029271 0.028434
0 0.350600 0.188556 0.222736 0.217848
0 0.850210 0.573526 0.028003 0.027433
0 0.006350 0.491840 0.012320 0.030711
0 0.083835 0.897077 0.025715 0.025410
0 0.294610 0.755210 0.025782 0.025071
0 0.722486 0.392135 0.249081 0.258362
0 0.580137 0.986905 0.030573 0.025845
0 0.065353 0.028316 0.117311 0.056200
0 0.332357 0.643936 0.047757 0.047304
0 0.894795 0.599674 0.027285 0.026926
0 0.747535 0.924607 0.316033 0.150174
0 0.147070 0.250596 0.090239 0.083970
0 0.006434 0.801935 0.012867 0.030676
0 0.109473 0.055723 0.026682 0.025649
0 0.019235 0.878215 0.038471 0.227802
0 0.587277 0.493318 0.028321 0.027886
0 0.760813 0.503881 0.034140 0.035565
0 0.177701 0.980624 0.024781 0.023757
0 0.921823 0.953345 0.156354 0.093310
0 0.441524 0.992591 0.033265 0.014817
0 0.987707 0.838620 0.023780 0.023588
0 0.177417 0.291993 0.039272 0.037743
0 0.397492 0.361700 0.039033 0.036715
0 0.369100 0.804951 0.023250 0.022612
0 0.974832 0.613044 0.030759 0.031067