0 0.888308 0.575643 0.070321 0.070674
0 0.619968 0.243049 0.068320 0.067175
0 0.726213 0.347275 0.040690 0.040244
0 0.614447 0.522821 0.039898 0.039800
0 0.734911 0.463558 0.040910 0.038369
0 0.434678 0.509593 0.043419 0.042337
0 0.076293 0.813262 0.040839 0.039043
0 0.442038 0.210019 0.031750 0.031678
0 0.439753 0.601970 0.041319 0.040743
0 0.395604 0.649994 0.039820 0.039404
0 0.646733 0.909493 0.031757 0.030552
0 0.862464 0.147478 0.034728 0.033276
0 0.037070 0.554852 0.042715 0.041480
0 0.611657 0.462080 0.024578 0.024569
0 0.457476 0.327776 0.041492 0.041730
0 0.206461 0.756349 0.032383 0.032681
0 0.536497 0.242249 0.029251 0.029741
0 0.775919 0.642040 0.027840 0.027875
0 0.571646 0.411449 0.034184 0.032667
0 0.520468 0.097894 0.043715 0.044415
0 0.570895 0.850159 0.030911 0.029567
0 0.984487 0.169176 0.030777 0.140680
0 0.909664 0.311110 0.029468 0.028778
0 0.495367 0.779706 0.030797 0.029367
0 0.071308 0.623028 0.027737 0.027613
0 0.886541 0.345144 0.022635 0.022548
0 0.823342 0.266846 0.028631 0.029013
0 0.988462 0.991776 0.023075 0.016088
0 0.916505 0.906050 0.028442 0.027300
0 0.359610 0.367413 0.029800 0.029437
0 0.532078 0.446836 0.024569 0.023985
0 0.538498 0.425503 0.029236 0.028363
0 0.461408 0.764307 0.027771 0.027534
0 0.586592 0.652475 0.044176 0.042729
0 0.741273 0.392901 0.020030 0.020121
0 0.174121 0.412302 0.044590 0.043894
0 0.423443 0.633916 0.033651 0.033046
0 0.368146 0.339904 0.037665 0.036959
0 0.141884 0.883822 0.029441 0.030201
0 0.077899 0.588265 0.032843 0.033310
0 0.012405 0.133325 0.024811 0.032922
0 0.330704 0.779333 0.028070 0.028955
0 0.370645 0.934223 0.025836 0.025255
0 0.053712 0.907921 0.055538 0.052734
0 0.731537 0.529862 0.025839 0.025918
0 0.570942 0.048542 0.036484 0.033993
0 0.358082 0.547562 0.023763 0.023629
0 0.011612 0.957499 0.023224 0.053274
0 0.443279 0.723682 0.023266 0.023655
0 0.961897 0.363408 0.022480 0.022053
0 0.904638 0.144168 0.027884 0.028171
0 0.904904 0.191719 0.040707 0.039032
0 0.476551 0.744773 0.023693 0.023393
0 0.522771 0.713669 0.023034 0.022579
0 0.484592 0.575684 0.026934 0.026451