0 0.909982 0.512307 0.136343 0.130782
0 0.442741 0.133125 0.068785 0.067291
0 0.200071 0.052153 0.121104 0.104306
0 0.581019 0.617621 0.057003 0.055780
0 0.159553 0.478269 0.045419 0.044435
0 0.639567 0.317944 0.039351 0.036677
0 0.413885 0.862371 0.044233 0.041438
0 0.212493 0.300465 0.044769 0.043468
0 0.628514 0.678944 0.133628 0.123959
0 0.614872 0.570493 0.054250 0.048433
0 0.680566 0.900980 0.048320 0.045378
0 0.959087 0.416050 0.035783 0.033051
0 0.274348 0.509906 0.042706 0.042985
0 0.508079 0.475672 0.053265 0.049285
0 0.621351 0.014377 0.041083 0.027959
0 0.598669 0.891150 0.133539 0.130438
0 0.409597 0.429963 0.057182 0.052761
0 0.149217 0.276694 0.039103 0.036706
0 0.782032 0.397371 0.045886 0.043397
0 0.108520 0.578117 0.078284 0.074516
0 0.940294 0.738621 0.068153 0.065031
0 0.020709 0.041257 0.040371 0.040210
0 0.334777 0.312420 0.034815 0.033449
0 0.053452 0.605026 0.033933 0.033165
0 0.637894 0.805726 0.033342 0.031215
0 0.811961 0.345669 0.029256 0.028415
0 0.637210 0.203306 0.038550 0.037486
0 0.515690 0.565065 0.051294 0.050658
0 0.106108 0.533465 0.047107 0.045156
0 0.393634 0.074416 0.054459 0.050888
0 0.332265 0.516423 0.045284 0.043724
0 0.119323 0.336818 0.038269 0.035643
0 0.475306 0.009300 0.043377 0.018326
0 0.101300 0.160638 0.043086 0.041567
0 0.206522 0.651323 0.111165 0.102234
0 0.452734 0.082087 0.041693 0.038148
0 0.895103 0.661533 0.202823 0.220408
0 0.412035 0.488515 0.035113 0.032946
0 0.726516 0.147741 0.032111 0.030901
0 0.510348 0.149440 0.038697 0.036958
0 0.858651 0.304230 0.029356 0.028651
0 0.168157 0.187987 0.076626 0.072671
0 0.621535 0.437451 0.062659 0.060884
0 0.725993 0.685912 0.071041 0.068379
0 0.385936 0.590692 0.048797 0.047679
0 0.385506 0.389925 0.053444 0.051558
0 0.983078 0.086621 0.030053 0.029777
0 0.584645 0.820796 0.045297 0.044122
0 0.704737 0.817254 0.073624 0.070158
0 0.373419 0.985337 0.034593 0.029060
0 0.714577 0.636034 0.045856 0.043924
0 0.122646 0.403650 0.031531 0.030283
0 0.375022 0.901132 0.034689 0.032682
0 0.176146 0.604672 0.037313 0.035662
0 0.077663 0.798963 0.038616 0.038596
0 0.638343 0.655536 0.081376 0.077636
0 0.240338 0.480605 0.037906 0.038646
0 0.960680 0.978229 0.032663 0.031437
0 0.424506 0.014095 0.052038 0.028191
0 0.944389 0.142700 0.031628 0.031116
0 0.450968 0.760378 0.031107 0.029667
0 0.251034 0.557572 0.039306 0.037001
0 0.126730 0.778200 0.252011 0.443601
0 0.214605 0.116884 0.034151 0.032677
0 0.773396 0.762462 0.070603 0.066955
0 0.316760 0.688008 0.034850 0.033274
0 0.013112 0.350482 0.026224 0.093229
0 0.116430 0.685113 0.043152 0.041378
0 0.681050 0.463829 0.028835 0.027260
0 0.417138 0.534903 0.037738 0.034711
0 0.687897 0.980232 0.084776 0.039537
0 0.709420 0.435004 0.033845 0.032516
0 0.459083 0.484586 0.056789 0.052669
0 0.472060 0.548740 0.041055 0.038633
0 0.532364 0.398592 0.039578 0.035929
0 0.625320 0.125917 0.036186 0.034230
0 0.621978 0.867738 0.068198 0.066035