0 0.624866 0.087380 0.228809 0.174761
0 0.423787 0.764674 0.217031 0.189186
0 0.034704 0.940371 0.069408 0.073836
0 0.439490 0.493237 0.175455 0.150719
0 0.796464 0.016507 0.051718 0.031367
0 0.825603 0.420703 0.031986 0.028889
0 0.325025 0.271236 0.065256 0.057871
0 0.734873 0.852557 0.483512 0.294822
0 0.286108 0.812850 0.067509 0.055308
0 0.984149 0.793468 0.023557 0.023003
0 0.088748 0.440169 0.035849 0.034272
0 0.596636 0.409816 0.026788 0.026101
0 0.478739 0.609662 0.111193 0.096181
0 0.126160 0.946609 0.054533 0.049099
0 0.386505 0.911371 0.065427 0.054841
0 0.864631 0.200994 0.117343 0.099079
0 0.773394 0.608192 0.034614 0.032936
0 0.985149 0.014171 0.026291 0.025465
0 0.471422 0.046649 0.247156 0.093297
0 0.111431 0.718936 0.057894 0.048410
0 0.496892 0.047035 0.167487 0.094071
0 0.648781 0.693020 0.061698 0.048456
0 0.277046 0.041060 0.045000 0.039151
0 0.403753 0.674610 0.094956 0.073879
0 0.531198 0.029321 0.095464 0.058062
0 0.738389 0.599845 0.216499 0.200981
0 0.448142 0.316246 0.063473 0.059621
0 0.493642 0.950812 0.047778 0.041598