0 0.249683 0.569041 0.184531 0.157236
0 0.221893 0.912171 0.124169 0.114310
0 0.253922 0.386032 0.054918 0.043531
0 0.714752 0.608258 0.046037 0.038871
0 0.487489 0.411874 0.043246 0.035674
0 0.572750 0.273280 0.038065 0.031428
0 0.906814 0.875846 0.182342 0.248308
0 0.038816 0.337937 0.077631 0.081724
0 0.925495 0.059826 0.063380 0.053543
0 0.078546 0.265708 0.038558 0.032764
0 0.580801 0.082797 0.038589 0.033388
0 0.700937 0.222316 0.027669 0.024891
0 0.637140 0.594488 0.031078 0.024030
0 0.324667 0.863805 0.033298 0.028434
0 0.962473 0.261069 0.031938 0.028200
0 0.493657 0.180876 0.152345 0.131445
0 0.471322 0.352902 0.034893 0.029304
0 0.082233 0.569941 0.164467 0.269489
0 0.502570 0.014918 0.164449 0.029811
0 0.976550 0.243969 0.035600 0.030734
0 0.345538 0.200029 0.036235 0.029869
0 0.602108 0.170401 0.123728 0.108892
0 0.479504 0.773935 0.028961 0.026004
0 0.987076 0.112205 0.025847 0.089527
0 0.310804 0.404933 0.028952 0.023702
0 0.622835 0.669422 0.720368 0.661156
0 0.004373 0.671786 0.008747 0.030890
0 0.362198 0.768330 0.027055 0.022993
0 0.629580 0.559741 0.030653 0.025318
0 0.151825 0.052276 0.300103 0.102580
0 0.685238 0.308370 0.165894 0.142082
0 0.375585 0.738423 0.025649 0.022593