0 0.708498 0.822812 0.373902 0.300945
0 0.446448 0.179410 0.375718 0.301717
0 0.294459 0.454499 0.109923 0.091260
0 0.458990 0.693589 0.048121 0.038683
0 0.348779 0.806636 0.049196 0.037478
0 0.831248 0.143519 0.032674 0.027470
0 0.979737 0.248028 0.028959 0.027602
0 0.893816 0.320196 0.031167 0.028637
0 0.158643 0.312161 0.160423 0.126793
0 0.435298 0.352456 0.032414 0.026081
0 0.171484 0.830813 0.036398 0.026849
0 0.929454 0.809316 0.141092 0.215755
0 0.888063 0.765234 0.221775 0.300287
0 0.378049 0.989935 0.037473 0.020130
0 0.143535 0.329231 0.129164 0.096378
0 0.909578 0.556245 0.029922 0.025510
0 0.906076 0.532409 0.038490 0.031781
0 0.949212 0.660764 0.101247 0.108106
0 0.172243 0.296451 0.144392 0.117815
0 0.995477 0.659310 0.009045 0.030801
0 0.871949 0.703528 0.144330 0.135651
0 0.912660 0.793254 0.171856 0.252675