0 0.377757 0.567575 0.069645 0.065606
0 0.373589 0.900560 0.094425 0.091721
0 0.074168 0.944688 0.045647 0.040459
0 0.137055 0.607260 0.035938 0.034224
0 0.109824 0.394929 0.125284 0.122682
0 0.718831 0.811740 0.072882 0.069441
0 0.687230 0.960215 0.034657 0.032362
0 0.015665 0.740378 0.031213 0.034748
0 0.881031 0.868202 0.032140 0.030708
0 0.354780 0.964189 0.097011 0.071621
0 0.770077 0.648400 0.335753 0.306784
0 0.261663 0.486208 0.028330 0.027531
0 0.626556 0.670878 0.050176 0.049044
0 0.595667 0.552540 0.029512 0.030748
0 0.024738 0.399500 0.046914 0.046759
0 0.568543 0.738588 0.117210 0.111549
0 0.332168 0.433539 0.026589 0.025849
0 0.586133 0.927917 0.066369 0.064595
0 0.095278 0.489640 0.031023 0.031224
0 0.280337 0.012270 0.022210 0.022419
0 0.806851 0.614903 0.023775 0.023229
0 0.796173 0.932733 0.038673 0.036339
0 0.472550 0.984968 0.064753 0.030065
0 0.454760 0.782656 0.054521 0.050146
0 0.160993 0.476763 0.048735 0.045777
0 0.272346 0.984197 0.073789 0.031605