0 0.185491 0.610532 0.210206 0.194630
0 0.165121 0.886999 0.120383 0.105529
0 0.627393 0.731901 0.178650 0.156501
0 0.127561 0.136421 0.047660 0.046128
0 0.841104 0.798529 0.197091 0.179898
0 0.074148 0.822009 0.120000 0.108794
0 0.981763 0.684585 0.034562 0.032973
0 0.680432 0.936824 0.090193 0.081239
0 0.572816 0.983989 0.059718 0.031704
0 0.023370 0.571454 0.035961 0.032376
0 0.160955 0.019115 0.030423 0.029340
0 0.709855 0.221915 0.580290 0.443830
0 0.831648 0.952540 0.036209 0.032369
0 0.414167 0.761887 0.043542 0.036444
0 0.395020 0.066271 0.030155 0.029271
0 0.535577 0.641475 0.137241 0.118795
0 0.991828 0.710945 0.015775 0.031078
0 0.821136 0.811999 0.073760 0.070226
0 0.619239 0.883160 0.072155 0.065516
0 0.444071 0.057347 0.027370 0.026101
0 0.014050 0.976977 0.028080 0.046047
0 0.321853 0.117453 0.027939 0.028159
0 0.012439 0.981274 0.024661 0.037452
0 0.309867 0.326282 0.264619 0.244463
0 0.393545 0.499448 0.026050 0.025216
0 0.239432 0.951811 0.160686 0.096377
0 0.240223 0.481082 0.042509 0.041475
0 0.028546 0.174405 0.057092 0.069439
0 0.898426 0.817583 0.084888 0.082245
0 0.284212 0.205527 0.040546 0.040026