0 0.297097 0.211782 0.046505 0.044007
0 0.416586 0.936000 0.035275 0.033987
0 0.112427 0.440422 0.042565 0.039573
0 0.956688 0.060658 0.032911 0.030879
0 0.613768 0.637353 0.031499 0.029416
0 0.787575 0.649273 0.034929 0.032011
0 0.352976 0.035454 0.033373 0.031223
0 0.607041 0.405299 0.038518 0.036830
0 0.889989 0.873172 0.032681 0.030849
0 0.329381 0.746204 0.039921 0.037135
0 0.365013 0.208582 0.032054 0.032581
0 0.156361 0.716833 0.032197 0.029879
0 0.820080 0.875012 0.028717 0.026796
0 0.104770 0.885763 0.026511 0.025801
0 0.598524 0.658614 0.034397 0.032814
0 0.121461 0.472529 0.043057 0.042135
0 0.887178 0.714914 0.036680 0.033386
0 0.825716 0.025753 0.027088 0.026124
0 0.889693 0.919122 0.025354 0.024803
0 0.016534 0.714957 0.033069 0.037133
0 0.718540 0.752263 0.029501 0.027592
0 0.563293 0.194060 0.029999 0.030706
0 0.315867 0.566728 0.034628 0.032190
0 0.666057 0.808131 0.028382 0.027525
0 0.126273 0.491328 0.027980 0.027917
0 0.012028 0.843468 0.024056 0.032416
0 0.976517 0.487139 0.030505 0.028978
0 0.511468 0.890171 0.028196 0.026878
0 0.950741 0.084017 0.024271 0.023541
0 0.700377 0.897868 0.027103 0.025966
0 0.564398 0.189392 0.031866 0.031692
0 0.984136 0.473139 0.031613 0.034897
0 0.378667 0.301323 0.026357 0.026324
0 0.433091 0.626826 0.026463 0.024791
0 0.483167 0.960026 0.031242 0.030310
0 0.530144 0.128620 0.030710 0.030182
0 0.710597 0.682585 0.029718 0.028435
0 0.849408 0.410635 0.024828 0.022674
0 0.142946 0.402194 0.024493 0.024629