0 0.476136 0.051893 0.045909 0.039224
0 0.148780 0.082270 0.046634 0.042815
0 0.931253 0.207699 0.043691 0.039862
0 0.697623 0.283362 0.046122 0.038887
0 0.976214 0.757661 0.045402 0.039039
0 0.768188 0.013774 0.058655 0.027549
0 0.470975 0.894763 0.037701 0.034704
0 0.110247 0.820830 0.038182 0.034479
0 0.316524 0.667071 0.035251 0.033527
0 0.805219 0.208317 0.036618 0.033154
0 0.337562 0.108993 0.039475 0.034133
0 0.986066 0.149034 0.027868 0.051633
0 0.251891 0.180711 0.039736 0.034411
0 0.101560 0.901847 0.036407 0.032166
0 0.937355 0.565369 0.046380 0.039179
0 0.819817 0.082536 0.029476 0.027881
0 0.447582 0.242246 0.032597 0.029581
0 0.069834 0.740814 0.059338 0.054794
0 0.282906 0.417611 0.039173 0.032604
0 0.715711 0.713406 0.036512 0.032948
0 0.109308 0.099279 0.036969 0.033365
0 0.594376 0.593209 0.568574 0.620958
0 0.863871 0.233526 0.032861 0.029995
0 0.895478 0.216751 0.036995 0.034551
0 0.767645 0.208327 0.031367 0.029324
0 0.740808 0.194330 0.200406 0.168051
0 0.991769 0.172723 0.016462 0.025042
0 0.012819 0.481955 0.025523 0.055515
0 0.440429 0.032460 0.032436 0.028885
0 0.096946 0.558001 0.193891 0.165778
0 0.875731 0.800069 0.144905 0.131732
0 0.203183 0.910932 0.076896 0.069944
0 0.352544 0.917541 0.030333 0.029213
0 0.610581 0.049485 0.041905 0.037572
0 0.506783 0.248073 0.067054 0.061833
0 0.612464 0.059912 0.040631 0.036032
0 0.987755 0.391268 0.024489 0.026151
0 0.615096 0.728714 0.031518 0.029598
0 0.517899 0.493802 0.042494 0.040464
0 0.990256 0.255293 0.018653 0.032546
0 0.110156 0.063231 0.039840 0.036247