0 0.585152 0.082070 0.148606 0.128462
0 0.453957 0.288173 0.067134 0.061100
0 0.395027 0.541902 0.094690 0.089133
0 0.477749 0.187845 0.066332 0.060765
0 0.034295 0.175039 0.068590 0.080887
0 0.501320 0.838431 0.198801 0.185120
0 0.328159 0.658442 0.052034 0.047261
0 0.196253 0.134907 0.057451 0.053374
0 0.418145 0.151342 0.050270 0.045203
0 0.221122 0.642126 0.040087 0.035889
0 0.887795 0.913126 0.071030 0.064277
0 0.629329 0.696535 0.039325 0.035601
0 0.521754 0.288884 0.038654 0.034859
0 0.054533 0.571265 0.088329 0.080976
0 0.222811 0.962955 0.100643 0.073803
0 0.195019 0.332234 0.052677 0.050572
0 0.461323 0.238058 0.045546 0.038825
0 0.628544 0.848630 0.067499 0.060344
0 0.149623 0.675034 0.047311 0.043595
0 0.075433 0.472400 0.060725 0.055308
0 0.315428 0.771976 0.036310 0.033192
0 0.441971 0.409419 0.046048 0.042309
0 0.135579 0.566038 0.051735 0.046159
0 0.468302 0.480770 0.051447 0.045982
0 0.265541 0.128371 0.053934 0.050243
0 0.235013 0.725947 0.037325 0.033381
0 0.820965 0.594313 0.354345 0.396414
0 0.195315 0.379092 0.050250 0.044566
0 0.396840 0.591382 0.033976 0.032016
0 0.822102 0.123604 0.033854 0.029209
0 0.112237 0.269332 0.038519 0.035583
0 0.063967 0.497434 0.031592 0.029626
0 0.499824 0.625270 0.072766 0.069225
0 0.346604 0.887106 0.089975 0.081848
0 0.018990 0.536343 0.037979 0.044754
0 0.150476 0.126450 0.037030 0.035243
0 0.309930 0.279192 0.032987 0.030205
0 0.740223 0.222924 0.066485 0.056001
0 0.729966 0.913689 0.138036 0.122450
0 0.427978 0.200574 0.043979 0.041082
0 0.362874 0.315341 0.033783 0.032633
0 0.961495 0.141749 0.040947 0.035379
0 0.187379 0.770870 0.064334 0.057135
0 0.114313 0.784090 0.228625 0.317626
0 0.212184 0.568927 0.034771 0.032761
0 0.495408 0.365670 0.137231 0.118066
0 0.223432 0.096263 0.039451 0.038839
0 0.435308 0.737325 0.046836 0.044091
0 0.382282 0.345388 0.033091 0.030084
0 0.475832 0.723974 0.039047 0.034551
0 0.480381 0.432145 0.052930 0.048041
0 0.067191 0.541495 0.039526 0.035334
0 0.771824 0.173769 0.085388 0.069956
0 0.018071 0.014552 0.032955 0.028431
0 0.340550 0.356553 0.045191 0.042982
0 0.446680 0.646325 0.039054 0.034847
0 0.808701 0.052716 0.039123 0.034615
0 0.579903 0.786318 0.033042 0.030873
0 0.748818 0.019022 0.029182 0.026317
0 0.204653 0.177728 0.026966 0.025626
0 0.411373 0.354975 0.029165 0.027278
0 0.633032 0.881495 0.027106 0.024850
0 0.058277 0.657560 0.100451 0.093735
0 0.906427 0.113278 0.039282 0.036400
0 0.350403 0.084058 0.028208 0.027348
0 0.185377 0.084913 0.040974 0.039111
0 0.070478 0.013711 0.031363 0.027145
0 0.106389 0.012647 0.035712 0.025294
0 0.728080 0.988627 0.036141 0.022745
0 0.827369 0.586600 0.028736 0.028243
0 0.162724 0.358973 0.028921 0.028477
0 0.393776 0.217666 0.034577 0.032675