0 0.664659 0.617027 0.280946 0.269578
0 0.943438 0.393004 0.087931 0.088304
0 0.574233 0.361660 0.079560 0.079375
0 0.141568 0.122849 0.061606 0.059985
0 0.710089 0.228411 0.052454 0.052137
0 0.038179 0.794622 0.076358 0.120176
0 0.112986 0.979023 0.044415 0.041281
0 0.220866 0.556781 0.156186 0.159822
0 0.591546 0.958481 0.126084 0.083037
0 0.143522 0.957520 0.036625 0.036795
0 0.471893 0.855051 0.035716 0.034573
0 0.177599 0.427387 0.034249 0.033761
0 0.789324 0.330807 0.070031 0.068841
0 0.076757 0.991684 0.039478 0.016632
0 0.567957 0.895189 0.059867 0.059374
0 0.944537 0.768148 0.109898 0.233525
0 0.984684 0.778382 0.030632 0.039190
0 0.228008 0.920096 0.029258 0.028997
0 0.160335 0.934761 0.030375 0.030782
0 0.423688 0.976625 0.101880 0.046750
0 0.945974 0.522890 0.035634 0.034942
0 0.278745 0.971046 0.210773 0.057907
0 0.796652 0.294030 0.036855 0.035386
0 0.155355 0.265303 0.055652 0.055737
0 0.907151 0.461155 0.032884 0.031316
0 0.606651 0.891494 0.034804 0.034459
0 0.088695 0.542955 0.035362 0.033557
0 0.396624 0.901422 0.027976 0.026937
0 0.343484 0.887382 0.026324 0.026517
0 0.378280 0.778281 0.040754 0.039656
0 0.385123 0.920117 0.026919 0.026408
0 0.048938 0.122748 0.097876 0.109578
0 0.136221 0.317855 0.206643 0.195857
0 0.454638 0.692398 0.043876 0.041121
0 0.820246 0.991368 0.024767 0.017265
0 0.944668 0.943659 0.102060 0.109482
0 0.522999 0.896147 0.028365 0.028715
0 0.973543 0.458302 0.052913 0.063474
0 0.269951 0.972562 0.293980 0.054877
0 0.595851 0.418401 0.035980 0.034711
0 0.476187 0.786632 0.100810 0.097193
0 0.050729 0.525807 0.051096 0.048781
0 0.134023 0.564578 0.047558 0.047340
0 0.173579 0.961954 0.027016 0.026480