0 0.905799 0.670545 0.054712 0.052540
0 0.706417 0.885934 0.076083 0.071547
0 0.713176 0.047580 0.050200 0.043709
0 0.293390 0.047008 0.047517 0.045833
0 0.217301 0.133221 0.048661 0.046791
0 0.165335 0.027728 0.051835 0.049428
0 0.282203 0.924101 0.063308 0.061974
0 0.475787 0.558874 0.037641 0.035446
0 0.843863 0.638819 0.087585 0.077924
0 0.765007 0.583033 0.101563 0.097283
0 0.067700 0.567708 0.043878 0.042242
0 0.650524 0.458831 0.042165 0.039325
0 0.761607 0.628801 0.049880 0.047540
0 0.266156 0.889007 0.042612 0.041277
0 0.416508 0.571452 0.051333 0.049362
0 0.378206 0.608952 0.031531 0.030474
0 0.142731 0.435586 0.029037 0.027672
0 0.266036 0.642118 0.028012 0.027170
0 0.173250 0.806285 0.029234 0.027636
0 0.686740 0.084065 0.050236 0.044665
0 0.666747 0.255151 0.036702 0.035552
0 0.557402 0.966449 0.034595 0.032892
0 0.504409 0.025615 0.046251 0.044372
0 0.362804 0.049701 0.088318 0.090172
0 0.745386 0.736976 0.046274 0.045400
0 0.968699 0.820127 0.037424 0.035491
0 0.152368 0.959484 0.044919 0.043816
0 0.964387 0.487583 0.053184 0.051001
0 0.435324 0.605051 0.045177 0.042918
0 0.595625 0.960706 0.039637 0.036536
0 0.469948 0.668904 0.035039 0.034207
0 0.943577 0.345127 0.072618 0.067776
0 0.204451 0.526909 0.033646 0.031733
0 0.250697 0.867371 0.025446 0.025058
0 0.872671 0.105911 0.073306 0.067315
0 0.120834 0.107084 0.029812 0.028738
0 0.993402 0.958102 0.013197 0.050151
0 0.917294 0.053251 0.035128 0.033430
0 0.145997 0.118870 0.026026 0.025757
0 0.989864 0.421566 0.020190 0.068984
0 0.355015 0.649731 0.025515 0.025822
0 0.495240 0.873843 0.036169 0.035741
0 0.895468 0.992722 0.034759 0.014556
0 0.895912 0.478947 0.069154 0.065084
0 0.560685 0.089068 0.065248 0.057679
0 0.268784 0.297609 0.026749 0.025103
0 0.167326 0.382214 0.025024 0.023631
0 0.933034 0.254933 0.111224 0.105574
0 0.646280 0.532876 0.075485 0.073771
0 0.088032 0.984718 0.058478 0.030564
0 0.553360 0.092127 0.080885 0.071074
0 0.935776 0.346484 0.087675 0.079796
0 0.239432 0.014059 0.036853 0.027579
0 0.872978 0.786625 0.253182 0.426749
0 0.394452 0.655580 0.031026 0.030894
0 0.045902 0.394144 0.025956 0.025243
0 0.049279 0.706966 0.027167 0.025987
0 0.459515 0.942194 0.187484 0.115027
0 0.138000 0.989558 0.051544 0.020884
0 0.441876 0.136081 0.055107 0.052918
0 0.462014 0.106160 0.053221 0.050697
0 0.337154 0.013178 0.035269 0.026357
0 0.598288 0.982585 0.051522 0.034829