0 0.204272 0.286161 0.093860 0.071070
0 0.449149 0.770008 0.064678 0.049028
0 0.283448 0.709865 0.055468 0.043124
0 0.873086 0.151803 0.134263 0.095140
0 0.035381 0.054598 0.070234 0.057426
0 0.679842 0.775416 0.043750 0.033599
0 0.682169 0.537392 0.039730 0.031748
0 0.700192 0.637622 0.040862 0.031641
0 0.691225 0.845416 0.043516 0.034404
0 0.975283 0.294631 0.049434 0.078131
0 0.916374 0.025847 0.079016 0.051695
0 0.175528 0.029978 0.037053 0.027518
0 0.636457 0.700310 0.045705 0.035319
0 0.291668 0.867345 0.049674 0.036180
0 0.870787 0.095945 0.099272 0.066573
0 0.056908 0.460703 0.028380 0.024900
0 0.058153 0.107464 0.056512 0.042683
0 0.178773 0.172285 0.040883 0.031831
0 0.373044 0.891345 0.047671 0.036423
0 0.226192 0.571486 0.183846 0.122552
0 0.916420 0.484014 0.037696 0.029179
0 0.116211 0.411974 0.046984 0.036832
0 0.467641 0.568012 0.030358 0.024467
0 0.961274 0.568016 0.077453 0.091166
0 0.586727 0.710998 0.047671 0.036749
0 0.693015 0.121031 0.052493 0.040926
0 0.473646 0.619992 0.056747 0.044081