0 0.041089 0.209730 0.041935 0.041346
0 0.729498 0.946865 0.044875 0.043913
0 0.688528 0.707362 0.042462 0.040646
0 0.331872 0.854174 0.076379 0.074014
0 0.107726 0.406360 0.030558 0.030374
0 0.617363 0.143893 0.031415 0.031544
0 0.245377 0.969072 0.043653 0.044086
0 0.428553 0.634984 0.101432 0.101439
0 0.385714 0.548367 0.038695 0.038245
0 0.436261 0.302511 0.026797 0.026846
0 0.790857 0.257977 0.075978 0.076621
0 0.794037 0.162098 0.075949 0.077400
0 0.193758 0.970928 0.053795 0.051362
0 0.981260 0.387096 0.037141 0.064303
0 0.419500 0.972156 0.093224 0.055688
0 0.836484 0.705553 0.079911 0.083039
0 0.883921 0.151679 0.045876 0.045237
0 0.592872 0.451489 0.026958 0.027106
0 0.030775 0.882170 0.049635 0.048382
0 0.793759 0.154496 0.064889 0.066324
0 0.126631 0.876411 0.084326 0.084653
0 0.381663 0.519046 0.032469 0.031938
0 0.343070 0.674686 0.039497 0.040443
0 0.114844 0.176809 0.018526 0.018921
0 0.531931 0.990513 0.023663 0.018698
0 0.745046 0.695153 0.071095 0.070661