0 0.218800 0.794074 0.063760 0.062618
0 0.901304 0.409879 0.042886 0.041503
0 0.337043 0.682346 0.054931 0.052285
0 0.487959 0.092211 0.035198 0.035023
0 0.418498 0.936656 0.190115 0.126143
0 0.750199 0.845231 0.044626 0.041671
0 0.268944 0.137424 0.034554 0.033723
0 0.523966 0.076462 0.029708 0.029334
0 0.011028 0.918273 0.021810 0.029010
0 0.561760 0.949999 0.073272 0.073022
0 0.617990 0.081217 0.027431 0.026499
0 0.625866 0.869938 0.039442 0.037984
0 0.009959 0.876161 0.019919 0.034876
0 0.111063 0.598896 0.026230 0.026133
0 0.162092 0.503071 0.030156 0.029290
0 0.872368 0.790365 0.033386 0.032278
0 0.845064 0.401778 0.023547 0.023468
0 0.438083 0.776786 0.024132 0.023581
0 0.074451 0.778059 0.025208 0.024916
0 0.190143 0.532046 0.031384 0.030273
0 0.240534 0.147945 0.028401 0.028182
0 0.717785 0.911078 0.046478 0.045037
0 0.678616 0.912851 0.031696 0.031458
0 0.886627 0.619666 0.043581 0.041835
0 0.794976 0.182683 0.021140 0.020922
0 0.909361 0.937681 0.044608 0.044157
0 0.108310 0.010970 0.025087 0.021935
0 0.485905 0.860429 0.077732 0.075916
0 0.742950 0.657445 0.023925 0.023615