0 0.931113 0.864226 0.050352 0.042735
0 0.634578 0.054951 0.047145 0.038598
0 0.723534 0.489594 0.052751 0.041233
0 0.251117 0.075404 0.046224 0.041398
0 0.130637 0.385504 0.040457 0.033843
0 0.050723 0.372796 0.037593 0.031568
0 0.388033 0.646636 0.105850 0.092564
0 0.231766 0.530902 0.044780 0.039027
0 0.806628 0.433072 0.034273 0.031274
0 0.369269 0.191390 0.042437 0.037143
0 0.883201 0.834358 0.060044 0.053805
0 0.041774 0.509437 0.059491 0.053808
0 0.820425 0.402162 0.036401 0.031876
0 0.490696 0.776058 0.041564 0.035830
0 0.962807 0.905884 0.050737 0.042906
0 0.210200 0.969358 0.054831 0.044125
0 0.607892 0.986485 0.041268 0.027020
0 0.429246 0.907397 0.054290 0.044768
0 0.153905 0.052660 0.031743 0.027506
0 0.418845 0.335426 0.051005 0.044074
0 0.284387 0.468149 0.046626 0.040311
0 0.976369 0.562266 0.037692 0.033385
0 0.172925 0.538934 0.062357 0.056207
0 0.027359 0.212904 0.030142 0.027285
0 0.471385 0.416380 0.058491 0.050037
0 0.516133 0.243936 0.046959 0.039859
0 0.104073 0.985574 0.072452 0.028852
0 0.615068 0.709564 0.035346 0.030945
0 0.290408 0.155188 0.030889 0.027764
0 0.023633 0.725197 0.033738 0.031064
0 0.106712 0.713399 0.086419 0.076069
0 0.147289 0.683031 0.029112 0.026495
0 0.278658 0.636513 0.037813 0.033165
0 0.312849 0.832279 0.032417 0.027957
0 0.108405 0.683962 0.039813 0.034914
0 0.650608 0.548316 0.062772 0.052712
0 0.244251 0.851143 0.033786 0.029853
0 0.025134 0.536045 0.045259 0.039759
0 0.390214 0.715913 0.127226 0.103352
0 0.695835 0.597595 0.031456 0.027656
0 0.045559 0.762512 0.091119 0.087189
0 0.498029 0.030640 0.047499 0.038857
0 0.213298 0.295324 0.027675 0.025488
0 0.428861 0.543403 0.087099 0.072929
0 0.260470 0.571730 0.070198 0.062008
0 0.122968 0.636393 0.063931 0.056575
0 0.867268 0.797483 0.030695 0.027303
0 0.805298 0.372319 0.378227 0.435464
0 0.880894 0.898577 0.032655 0.028376
0 0.568710 0.276987 0.031128 0.026911
0 0.485670 0.331054 0.086362 0.073128
0 0.313251 0.653196 0.046162 0.041483
0 0.328961 0.761093 0.066365 0.059126