0 0.375150 0.608905 0.094880 0.093557
0 0.709474 0.598672 0.044368 0.044379
0 0.586479 0.645048 0.043262 0.041689
0 0.113465 0.049734 0.032050 0.031912
0 0.191722 0.047633 0.049906 0.049925
0 0.970163 0.897967 0.059544 0.072984
0 0.877683 0.304365 0.029169 0.029658
0 0.780257 0.909281 0.033645 0.032731
0 0.980018 0.114963 0.039963 0.046940
0 0.652032 0.641288 0.046233 0.044987
0 0.101315 0.887670 0.032143 0.031172
0 0.658666 0.290281 0.186848 0.183696
0 0.373396 0.250827 0.029453 0.028530
0 0.623103 0.101461 0.034171 0.033543
0 0.234472 0.896427 0.024577 0.024798
0 0.615016 0.143236 0.038699 0.038087
0 0.212565 0.217693 0.026337 0.025624
0 0.476369 0.645205 0.118724 0.118986
0 0.656636 0.888371 0.152352 0.144007
0 0.844314 0.621569 0.056101 0.054894
0 0.781153 0.874707 0.027703 0.026837
0 0.988353 0.802431 0.023248 0.025864
0 0.632731 0.769478 0.070712 0.067260
0 0.749340 0.614329 0.044458 0.043060
0 0.736728 0.651102 0.029759 0.029433
0 0.651389 0.684933 0.052287 0.049542
0 0.679525 0.462462 0.029282 0.028628
0 0.119697 0.969381 0.022861 0.021959
0 0.678218 0.873804 0.024787 0.023965
0 0.668315 0.930113 0.031926 0.031807
0 0.122883 0.793560 0.027764 0.027355
0 0.586954 0.487370 0.047634 0.045546
0 0.862234 0.985831 0.042175 0.028338
0 0.651737 0.714548 0.057292 0.058255
0 0.244026 0.252683 0.476061 0.457094
0 0.249013 0.008962 0.024923 0.017925
0 0.145606 0.591210 0.048111 0.046664
0 0.759899 0.690400 0.059651 0.059459