0 0.821494 0.584855 0.095623 0.088102
0 0.043634 0.451731 0.055394 0.049852
0 0.071054 0.173465 0.142107 0.293162
0 0.356500 0.496749 0.042088 0.034233
0 0.663240 0.594361 0.039634 0.032731
0 0.358402 0.024444 0.077675 0.048888
0 0.208070 0.414202 0.121942 0.092789
0 0.827558 0.369087 0.054704 0.045813
0 0.857026 0.415514 0.049841 0.044348
0 0.548061 0.494442 0.174286 0.151097
0 0.012941 0.507199 0.025882 0.029080
0 0.805127 0.508963 0.039266 0.035679
0 0.585429 0.538200 0.036682 0.032373
0 0.041083 0.842645 0.028881 0.027362
0 0.982686 0.858955 0.029627 0.027059
0 0.236718 0.395062 0.073235 0.062219
0 0.448557 0.735728 0.044522 0.038319
0 0.825464 0.450534 0.043693 0.039800
0 0.036177 0.685450 0.031130 0.029267
0 0.246491 0.488724 0.032913 0.028930
0 0.709749 0.678149 0.031524 0.028600
0 0.048520 0.755159 0.036143 0.034334
0 0.861987 0.483817 0.058590 0.055557
0 0.243313 0.006076 0.050255 0.011906
0 0.426129 0.270295 0.030461 0.027630
0 0.236433 0.080015 0.082711 0.065561