0 0.389577 0.926050 0.061629 0.058182
0 0.671991 0.369548 0.053711 0.052031
0 0.460045 0.085280 0.037512 0.033574
0 0.916221 0.768917 0.040582 0.038287
0 0.582199 0.347010 0.036351 0.035861
0 0.959746 0.885409 0.080508 0.143795
0 0.069144 0.917320 0.039981 0.040028
0 0.270593 0.469348 0.040611 0.037906
0 0.337493 0.495003 0.042483 0.039839
0 0.186309 0.982518 0.039843 0.034633
0 0.768154 0.023443 0.061860 0.046885
0 0.066258 0.564040 0.041042 0.037810
0 0.292203 0.755395 0.048756 0.044690
0 0.479631 0.662774 0.038446 0.035760
0 0.864785 0.232524 0.035679 0.034807
0 0.883377 0.087098 0.060509 0.055881
0 0.406724 0.403277 0.074080 0.065381
0 0.837026 0.249302 0.035547 0.033450
0 0.916171 0.937571 0.045253 0.042735
0 0.801697 0.245891 0.033615 0.032849
0 0.509283 0.767379 0.050494 0.047598
0 0.582429 0.704724 0.035590 0.034013
0 0.806245 0.977346 0.061952 0.045308
0 0.493521 0.514679 0.031936 0.030053
0 0.243628 0.403479 0.031826 0.028333
0 0.099931 0.985694 0.041909 0.028612
0 0.937892 0.669226 0.034182 0.034515
0 0.246283 0.970255 0.103420 0.059490