0 0.958112 0.091166 0.022413 0.022502
0 0.113945 0.449619 0.051399 0.050061
0 0.887061 0.013563 0.030352 0.026725
0 0.336666 0.670512 0.046974 0.044180
0 0.374444 0.653864 0.040725 0.039160
0 0.783393 0.094491 0.025936 0.025588
0 0.014021 0.887147 0.028042 0.034388
0 0.828657 0.261588 0.029974 0.028726
0 0.892413 0.436978 0.025341 0.025310
0 0.897664 0.029259 0.017274 0.016978
0 0.221621 0.485099 0.133985 0.126165
0 0.946791 0.677866 0.034702 0.034211
0 0.161287 0.369167 0.031713 0.030552
0 0.471986 0.806509 0.040997 0.039746
0 0.251993 0.866316 0.023128 0.023108
0 0.568986 0.710547 0.075261 0.076566
0 0.684080 0.481696 0.033612 0.033819
0 0.030941 0.693407 0.025578 0.024710
0 0.207025 0.225419 0.091619 0.088527
0 0.336673 0.471029 0.031217 0.030385
0 0.261625 0.088855 0.027791 0.027165
0 0.728775 0.495708 0.025761 0.025314
0 0.991527 0.116897 0.016637 0.028735
0 0.040376 0.559919 0.022585 0.022369
0 0.838059 0.220740 0.024535 0.023795
0 0.941900 0.261223 0.043501 0.042462
0 0.233045 0.008542 0.025994 0.017085
0 0.555016 0.578332 0.021691 0.021411
0 0.510094 0.559803 0.020063 0.020025
0 0.685673 0.486133 0.039095 0.038515
0 0.984016 0.098797 0.021419 0.021263
0 0.582050 0.816785 0.069761 0.067365
0 0.987306 0.698439 0.025388 0.091152
0 0.785783 0.011669 0.056007 0.022928
0 0.267885 0.004921 0.024982 0.009775
0 0.254795 0.613371 0.030320 0.029492
0 0.068482 0.010143 0.029745 0.020287
0 0.327512 0.191124 0.065921 0.061622
0 0.638587 0.250714 0.026601 0.026020