0 0.592278 0.739285 0.106425 0.085943
0 0.939545 0.791478 0.044242 0.034505
0 0.140705 0.899135 0.036066 0.028055
0 0.223904 0.337259 0.040254 0.033513
0 0.208614 0.864343 0.039514 0.029652
0 0.156082 0.120509 0.030590 0.025766
0 0.029859 0.118319 0.041063 0.036075
0 0.423719 0.014490 0.057788 0.028481
0 0.080947 0.971419 0.033721 0.025522
0 0.761125 0.385867 0.033041 0.029563
0 0.836771 0.388808 0.320718 0.276698
0 0.810518 0.601252 0.035068 0.028952
0 0.407738 0.878971 0.034911 0.028222
0 0.238722 0.917673 0.053610 0.041799
0 0.318398 0.873471 0.069881 0.055364
0 0.271278 0.944378 0.029797 0.024309
0 0.824184 0.959494 0.034146 0.026102
0 0.254734 0.325897 0.027236 0.024374
0 0.822134 0.431640 0.355732 0.317114
0 0.132857 0.950785 0.084414 0.073657
0 0.593143 0.124960 0.352673 0.249096
0 0.007524 0.646297 0.015048 0.022785
0 0.811974 0.690450 0.075308 0.062376
0 0.572056 0.631672 0.025970 0.024940