0 0.495375 0.406298 0.139836 0.138218
0 0.900428 0.501259 0.060497 0.059513
0 0.799349 0.288992 0.041571 0.041183
0 0.754853 0.434205 0.045878 0.045416
0 0.633367 0.540362 0.053373 0.053263
0 0.852670 0.738283 0.050075 0.048363
0 0.791753 0.941503 0.038563 0.037140
0 0.206311 0.539855 0.039144 0.038330
0 0.796341 0.511025 0.038656 0.038247
0 0.884035 0.374189 0.048500 0.048330
0 0.683908 0.382622 0.043881 0.043044
0 0.894181 0.419832 0.037740 0.038648
0 0.459511 0.327493 0.036495 0.036302
0 0.597424 0.878595 0.239437 0.239169
0 0.121729 0.354355 0.046286 0.044301
0 0.412488 0.583671 0.033220 0.032460
0 0.839526 0.633666 0.039315 0.038579
0 0.033012 0.028989 0.035028 0.034166
0 0.266316 0.155901 0.032427 0.032334
0 0.223870 0.714201 0.035698 0.036533
0 0.725356 0.458226 0.031040 0.030477
0 0.201235 0.748692 0.030798 0.030348
0 0.660705 0.459903 0.047506 0.047901
0 0.200205 0.808012 0.033572 0.033105
0 0.788834 0.811474 0.199428 0.196263
0 0.085107 0.340843 0.032104 0.031022
0 0.086070 0.412730 0.034662 0.034309
0 0.677956 0.238430 0.027849 0.028290
0 0.671431 0.120573 0.029990 0.029593
0 0.789743 0.079712 0.233060 0.159424
0 0.838803 0.044659 0.034705 0.034141
0 0.448298 0.234604 0.027519 0.027474
0 0.934341 0.227497 0.069002 0.067224
0 0.279362 0.190527 0.034306 0.034293
0 0.268801 0.916854 0.029107 0.028998
0 0.467879 0.200959 0.042604 0.042671
0 0.132885 0.736358 0.027772 0.029065
0 0.888273 0.553343 0.037918 0.038839
0 0.093973 0.311639 0.028334 0.027778
0 0.955577 0.070884 0.034930 0.034006
0 0.296312 0.055223 0.061088 0.061557
0 0.488192 0.013197 0.032469 0.026394
0 0.335212 0.286041 0.032740 0.032509
0 0.191079 0.331609 0.026977 0.026667
0 0.884825 0.039787 0.029990 0.028530
0 0.329417 0.103069 0.027058 0.027039
0 0.573802 0.434479 0.026060 0.025879
0 0.549725 0.555543 0.027349 0.027194
0 0.207740 0.388447 0.036714 0.036480
0 0.768671 0.502807 0.028422 0.027137
0 0.969425 0.162288 0.047683 0.046204
0 0.789728 0.985762 0.032192 0.028035
0 0.349932 0.538030 0.026387 0.026641
0 0.381646 0.730484 0.052504 0.052493
0 0.511530 0.532562 0.025679 0.025773
0 0.805980 0.044599 0.025941 0.026132
0 0.926587 0.653816 0.146826 0.323444
0 0.120127 0.796722 0.092592 0.093729
0 0.733781 0.083568 0.028381 0.028346
0 0.425369 0.426422 0.048454 0.047801
0 0.348884 0.696741 0.043836 0.044247
0 0.959574 0.913717 0.037355 0.036429
0 0.866175 0.523156 0.030870 0.031769
0 0.029886 0.835222 0.024524 0.024480
0 0.761874 0.605062 0.028147 0.029088
0 0.609885 0.153313 0.054991 0.055655
0 0.707268 0.427475 0.041962 0.041673
0 0.796599 0.832097 0.173528 0.165857
0 0.883163 0.226288 0.031792 0.031509
0 0.006103 0.726778 0.012205 0.022528
0 0.949995 0.353136 0.026600 0.026996
0 0.828233 0.078163 0.045374 0.044197
0 0.879966 0.138140 0.025390 0.025437
0 0.398752 0.348156 0.023142 0.022599
0 0.152423 0.735999 0.029650 0.031894
0 0.665966 0.989932 0.038516 0.020136
0 0.759496 0.609557 0.035188 0.037298
0 0.648874 0.577549 0.025426 0.024600
0 0.729798 0.271324 0.026831 0.026294
0 0.212399 0.316968 0.026454 0.026331