0 0.924798 0.618642 0.063821 0.062120
0 0.779544 0.762084 0.050521 0.047589
0 0.030056 0.061598 0.045221 0.045312
0 0.668309 0.987372 0.048532 0.025160
0 0.142959 0.207381 0.033942 0.032469
0 0.315618 0.461171 0.036548 0.033953
0 0.961186 0.891842 0.027618 0.028139
0 0.463172 0.077853 0.079642 0.075707
0 0.695779 0.959355 0.029519 0.027990
0 0.023098 0.023370 0.028503 0.028041
0 0.528135 0.225995 0.027501 0.027070
0 0.064871 0.699841 0.025008 0.023841
0 0.873743 0.623063 0.042603 0.041114
0 0.301380 0.536327 0.031356 0.030866
0 0.312720 0.987798 0.028582 0.024404
0 0.220241 0.887958 0.024342 0.023284
0 0.094819 0.253810 0.027823 0.028484
0 0.379117 0.610032 0.166770 0.154769
0 0.821072 0.513750 0.032814 0.031146
0 0.649510 0.703243 0.085532 0.077682
0 0.348968 0.381242 0.113517 0.105793
0 0.757236 0.007058 0.031869 0.014117