0 0.676491 0.896056 0.077480 0.073329
0 0.761141 0.778975 0.056513 0.052745
0 0.014654 0.540029 0.029308 0.036177
0 0.410620 0.969948 0.051583 0.043796
0 0.204545 0.831169 0.128409 0.116520
0 0.287235 0.942841 0.033575 0.029818
0 0.531683 0.074891 0.031997 0.030479
0 0.553388 0.844325 0.070352 0.064962
0 0.150044 0.120472 0.030736 0.028930
0 0.622752 0.816975 0.038157 0.035505
0 0.528740 0.814309 0.095476 0.084080
0 0.505180 0.130847 0.033299 0.031604
0 0.953063 0.239735 0.029746 0.026677
0 0.076568 0.335131 0.037657 0.035875
0 0.231031 0.940627 0.031794 0.027794
0 0.431381 0.202999 0.035926 0.034394
0 0.315702 0.860628 0.041567 0.036709
0 0.373971 0.801549 0.045761 0.038218
0 0.312188 0.835226 0.083746 0.083091
0 0.442071 0.822374 0.069287 0.062941
0 0.266308 0.854673 0.052373 0.046316
0 0.442939 0.825906 0.057019 0.053232
0 0.867320 0.348703 0.028596 0.026870
0 0.251764 0.820058 0.055978 0.054615
0 0.193425 0.730370 0.029064 0.026519
0 0.393583 0.878083 0.035816 0.031560