0 0.494746 0.254221 0.070106 0.055804
0 0.859110 0.253659 0.044880 0.034641
0 0.262659 0.807917 0.051950 0.039061
0 0.083425 0.077500 0.046355 0.035726
0 0.438310 0.454655 0.052569 0.039568
0 0.720789 0.900506 0.039848 0.031744
0 0.320165 0.918934 0.048796 0.035641
0 0.558479 0.253823 0.049889 0.036996
0 0.039379 0.148395 0.041933 0.031956
0 0.911949 0.073799 0.053276 0.043154
0 0.789083 0.525630 0.053322 0.037199
0 0.063300 0.518861 0.068783 0.046124
0 0.881500 0.975544 0.035931 0.029006
0 0.213177 0.461311 0.173092 0.129076
0 0.807683 0.496006 0.039050 0.029882
0 0.254087 0.934197 0.039614 0.029815
0 0.731265 0.617462 0.037535 0.028576
0 0.234287 0.915626 0.225904 0.165723
0 0.285104 0.100800 0.037455 0.028344
0 0.138003 0.607687 0.047210 0.033873
0 0.044896 0.703110 0.067765 0.049501
0 0.887375 0.041556 0.073323 0.060873
0 0.479799 0.940918 0.035226 0.028414
0 0.985616 0.833082 0.028522 0.034925
0 0.299383 0.630345 0.198127 0.164964
0 0.904934 0.823027 0.144277 0.111361
0 0.284148 0.550178 0.067135 0.051451
0 0.426324 0.932064 0.075858 0.060057
0 0.340333 0.688955 0.406066 0.299213
0 0.490041 0.816664 0.048183 0.035347
0 0.214409 0.221707 0.089777 0.068336
0 0.921877 0.045042 0.152388 0.090083
0 0.564906 0.295745 0.062368 0.046077
0 0.990659 0.608778 0.018681 0.035599
0 0.224090 0.227953 0.108703 0.077607
0 0.425550 0.263875 0.039013 0.032288
0 0.123690 0.985046 0.050578 0.029829
0 0.736597 0.826037 0.035657 0.027522
0 0.801246 0.993063 0.034826 0.013874
0 0.162134 0.992462 0.051831 0.015076
0 0.526230 0.525223 0.032210 0.024788
0 0.051096 0.563619 0.070806 0.053448
0 0.155061 0.574360 0.034739 0.027964
0 0.622742 0.147702 0.107184 0.087972
0 0.096143 0.270735 0.039115 0.029899
0 0.881532 0.035211 0.071290 0.060933
0 0.697365 0.975760 0.097308 0.048479
0 0.549014 0.929163 0.179646 0.132732
0 0.875885 0.023151 0.057629 0.043907
0 0.020578 0.471791 0.034716 0.028295
0 0.507653 0.174589 0.041181 0.032506