0 0.092658 0.595224 0.170273 0.157609
0 0.492646 0.846470 0.060519 0.051699
0 0.551399 0.110903 0.048936 0.043040
0 0.541068 0.520145 0.091119 0.081668
0 0.085236 0.364218 0.051562 0.048418
0 0.872343 0.847770 0.251127 0.296089
0 0.888714 0.420341 0.222572 0.274892
0 0.900009 0.073651 0.199983 0.145637
0 0.513927 0.493065 0.046308 0.040874
0 0.101260 0.494779 0.038437 0.033680
0 0.086734 0.711380 0.035832 0.031954
0 0.206749 0.170715 0.034065 0.030885
0 0.204943 0.413051 0.034818 0.031760
0 0.438858 0.892172 0.048226 0.042423
0 0.358845 0.247383 0.277666 0.271121
0 0.556486 0.354745 0.034133 0.029620
0 0.919401 0.702022 0.031215 0.026871
0 0.983549 0.310005 0.026630 0.025127
0 0.671437 0.194593 0.113133 0.097615
0 0.409843 0.528586 0.263036 0.222632
0 0.144721 0.638632 0.032813 0.028532
0 0.378493 0.932755 0.032778 0.028771
0 0.290301 0.054682 0.580603 0.109365
0 0.020927 0.870471 0.027646 0.025303
0 0.510300 0.386121 0.146844 0.122900
0 0.495035 0.985445 0.069888 0.029109
0 0.024299 0.672287 0.048328 0.185097
0 0.376532 0.786348 0.038287 0.033607
0 0.539443 0.226000 0.130966 0.108468
0 0.513558 0.299783 0.056153 0.045171
0 0.389937 0.410635 0.106648 0.086160
0 0.376473 0.727542 0.084174 0.072729
0 0.415481 0.567429 0.195938 0.165125