0 0.190170 0.052800 0.061444 0.058016
0 0.574928 0.353309 0.069580 0.066136
0 0.683796 0.514186 0.059698 0.057045
0 0.418031 0.913678 0.067196 0.065856
0 0.393834 0.602291 0.048967 0.046773
0 0.184940 0.887555 0.041792 0.040015
0 0.619119 0.481654 0.248250 0.244577
0 0.704393 0.757502 0.280434 0.282417
0 0.597802 0.268900 0.078987 0.075885
0 0.899260 0.530302 0.038626 0.036559
0 0.018562 0.708446 0.034990 0.035699
0 0.862438 0.750721 0.058912 0.054217
0 0.608299 0.318586 0.038084 0.035759
0 0.044358 0.891858 0.051941 0.051650
0 0.272830 0.280306 0.035115 0.033765
0 0.837386 0.585782 0.048135 0.045421
0 0.660356 0.097183 0.033505 0.030990
0 0.287568 0.075990 0.053049 0.051252
0 0.626887 0.981153 0.065637 0.037694
0 0.265605 0.108744 0.051174 0.048396
0 0.211460 0.498641 0.036633 0.033264
0 0.589657 0.838581 0.055015 0.052788
0 0.975753 0.958621 0.048143 0.073175
0 0.108620 0.081798 0.031140 0.029461
0 0.250448 0.754706 0.043832 0.043066
0 0.365198 0.860661 0.036211 0.033850
0 0.090404 0.430060 0.034423 0.032225
0 0.910933 0.564726 0.045409 0.042242
0 0.715549 0.877209 0.062815 0.060392
0 0.089973 0.623030 0.179750 0.183821
0 0.183951 0.733159 0.029859 0.029206
0 0.112193 0.991825 0.033299 0.016319
0 0.423589 0.836528 0.034103 0.032342
0 0.779673 0.473775 0.142195 0.134267
0 0.411723 0.708878 0.029555 0.028785
0 0.885867 0.041955 0.032485 0.030644
0 0.723717 0.203398 0.042366 0.039111
0 0.282452 0.027217 0.083567 0.053915
0 0.904826 0.773886 0.051687 0.050602
0 0.046384 0.964395 0.035410 0.034117
0 0.767399 0.406049 0.065317 0.061764
0 0.332098 0.096252 0.041629 0.036969
0 0.182929 0.633559 0.031394 0.030071
0 0.939688 0.939311 0.037336 0.037416
0 0.447785 0.493749 0.053841 0.050012
0 0.408370 0.785902 0.037906 0.033641
0 0.425852 0.731229 0.033293 0.033029
0 0.666789 0.867313 0.083743 0.081645
0 0.989161 0.599562 0.021678 0.037295
0 0.013883 0.096122 0.027767 0.042417
0 0.170200 0.852733 0.025801 0.025985
0 0.024774 0.018866 0.045143 0.037298
0 0.843789 0.547635 0.083067 0.072718
0 0.840548 0.492275 0.028601 0.028359
0 0.095269 0.958927 0.037550 0.037231
0 0.979215 0.671866 0.041570 0.067396
0 0.287334 0.529078 0.028056 0.027397
0 0.066522 0.142759 0.097360 0.083551
0 0.474286 0.320831 0.030645 0.028591
0 0.940898 0.882763 0.047927 0.045646
0 0.052192 0.137356 0.102812 0.108105
0 0.953276 0.542230 0.028027 0.027647
0 0.631515 0.913395 0.032740 0.031612
0 0.471622 0.607846 0.027870 0.026613
0 0.004453 0.622951 0.008906 0.034596
0 0.737951 0.762793 0.207107 0.206312
0 0.652992 0.689260 0.026333 0.026878
0 0.875949 0.415384 0.038686 0.036700