0 0.092070 0.666830 0.085251 0.082072
0 0.276745 0.576297 0.061384 0.059321
0 0.426336 0.053976 0.099097 0.097766
0 0.809701 0.147421 0.080295 0.078876
0 0.861093 0.574361 0.107152 0.104533
0 0.722093 0.567876 0.098520 0.094055
0 0.769601 0.017535 0.037134 0.034851
0 0.348587 0.672169 0.033690 0.032160
0 0.655744 0.306780 0.045715 0.043603
0 0.924081 0.367068 0.046411 0.045776
0 0.294285 0.707527 0.043689 0.041870
0 0.709898 0.469800 0.045070 0.043334
0 0.488133 0.952297 0.108002 0.095405
0 0.206115 0.654538 0.042439 0.039558
0 0.751471 0.291274 0.048140 0.047244
0 0.295974 0.775626 0.037810 0.036531
0 0.824211 0.349890 0.056916 0.053501
0 0.915920 0.456779 0.168159 0.233400
0 0.401404 0.858870 0.056287 0.054272
0 0.917060 0.834521 0.040689 0.040003
0 0.661548 0.944052 0.174585 0.109778
0 0.804002 0.707856 0.102009 0.100111
0 0.947864 0.117832 0.035182 0.034374
0 0.115316 0.515852 0.032011 0.030437
0 0.943218 0.716404 0.032683 0.031022
0 0.226127 0.705233 0.052141 0.050433
0 0.266789 0.469571 0.029342 0.027952
0 0.626076 0.874790 0.032624 0.031106
0 0.660743 0.014499 0.083053 0.028998
0 0.754972 0.254558 0.035496 0.035542
0 0.214459 0.475703 0.031584 0.030034
0 0.812194 0.285468 0.032846 0.032339
0 0.292777 0.809591 0.034812 0.032943
0 0.477573 0.196642 0.584481 0.393283
0 0.573641 0.803158 0.030924 0.030051
0 0.975930 0.514480 0.028495 0.028050
0 0.821726 0.310772 0.035535 0.034600
0 0.040304 0.878762 0.032118 0.030251
0 0.725088 0.416507 0.065309 0.064424
0 0.603421 0.424943 0.047051 0.046324
0 0.420763 0.614416 0.028856 0.029988
0 0.970417 0.833188 0.058801 0.213508
0 0.123440 0.113287 0.246881 0.222706
0 0.056449 0.484026 0.026203 0.025725
0 0.659053 0.987003 0.053334 0.025994
0 0.909754 0.248306 0.028539 0.028624
0 0.541165 0.023841 0.030973 0.028682
0 0.388563 0.527647 0.043828 0.041367
0 0.476974 0.895994 0.034352 0.033287
0 0.461233 0.511259 0.055957 0.054284
0 0.240097 0.801501 0.029466 0.028346
0 0.008955 0.974391 0.017909 0.051218
0 0.956582 0.269487 0.086519 0.122779
0 0.270462 0.985543 0.043998 0.028913
0 0.154366 0.222824 0.032454 0.033742
0 0.308697 0.738666 0.034996 0.033805
0 0.978937 0.211500 0.026828 0.026641
0 0.411733 0.497113 0.045063 0.043478
0 0.008796 0.839612 0.016833 0.029710
0 0.220022 0.673579 0.026249 0.026084
0 0.235015 0.547144 0.034549 0.033224
0 0.669588 0.709717 0.060817 0.058511
0 0.562792 0.006747 0.050913 0.013100
0 0.341218 0.898928 0.025681 0.026285
0 0.377194 0.834111 0.031083 0.029856
0 0.461490 0.872386 0.034045 0.033662
0 0.234313 0.539564 0.031417 0.031757
0 0.294648 0.679690 0.025549 0.023112
0 0.711717 0.652139 0.092346 0.091266
0 0.464462 0.730469 0.027190 0.026971
0 0.258599 0.620401 0.029279 0.028551
0 0.435267 0.895257 0.041432 0.038620
0 0.422257 0.670995 0.026190 0.025314
0 0.788656 0.379527 0.028059 0.028595
0 0.549748 0.337007 0.068630 0.069516
0 0.512815 0.005070 0.034998 0.010140