0 0.103698 0.562446 0.053258 0.051937
0 0.148166 0.520424 0.050229 0.049104
0 0.548728 0.074002 0.032963 0.031328
0 0.707746 0.085428 0.026857 0.026287
0 0.973502 0.722151 0.052995 0.063697
0 0.015560 0.721522 0.030943 0.037841
0 0.063568 0.086482 0.126558 0.168120
0 0.234641 0.533288 0.028586 0.028508
0 0.576795 0.510594 0.025954 0.024387
0 0.184347 0.582517 0.035882 0.034719
0 0.612451 0.768106 0.023186 0.022506
0 0.889116 0.604523 0.025686 0.025428
0 0.709670 0.594567 0.023641 0.024216
0 0.765455 0.484075 0.054752 0.051504
0 0.113963 0.128297 0.025010 0.025264