0 0.943602 0.171656 0.094032 0.090830
0 0.411283 0.672789 0.058033 0.055536
0 0.368374 0.776062 0.056040 0.051903
0 0.589942 0.703341 0.041979 0.038753
0 0.770793 0.644657 0.030357 0.028964
0 0.634898 0.627610 0.033159 0.032516
0 0.190797 0.990624 0.042885 0.018752
0 0.026389 0.070125 0.028327 0.025974
0 0.553019 0.244108 0.050426 0.045691
0 0.724973 0.847904 0.025779 0.024551
0 0.660772 0.622524 0.038078 0.036423
0 0.563586 0.321452 0.041889 0.038661
0 0.203913 0.490591 0.024362 0.022857
0 0.771141 0.069835 0.409539 0.139669
0 0.010045 0.186058 0.019519 0.026819
0 0.455605 0.672521 0.033243 0.033105
0 0.670962 0.596943 0.024625 0.023331
0 0.634753 0.488890 0.026824 0.024840
0 0.876457 0.613882 0.242088 0.474020
0 0.717248 0.065810 0.295689 0.130851
0 0.585127 0.668258 0.022302 0.020626
0 0.590157 0.597308 0.024273 0.022578