0 0.070922 0.242648 0.058738 0.053726
0 0.322578 0.556924 0.060553 0.054769
0 0.124623 0.668508 0.051704 0.044848
0 0.153972 0.842372 0.053729 0.046276
0 0.084382 0.858658 0.038660 0.036679
0 0.196870 0.674660 0.040620 0.034990
0 0.285931 0.335944 0.044913 0.039788
0 0.138675 0.377667 0.053011 0.047150
0 0.056457 0.954210 0.096551 0.085218
0 0.352548 0.661786 0.054811 0.048293
0 0.848907 0.298495 0.036673 0.034635
0 0.369047 0.929535 0.117272 0.110987
0 0.632825 0.968365 0.192681 0.063269
0 0.085102 0.471231 0.045628 0.041946
0 0.409357 0.348889 0.049705 0.044415
0 0.464464 0.950964 0.087291 0.087036
0 0.113892 0.974826 0.053827 0.048180
0 0.670877 0.376076 0.049657 0.047984
0 0.521313 0.553321 0.036902 0.034146
0 0.806377 0.037385 0.031552 0.029229
0 0.894554 0.656090 0.035434 0.033021
0 0.678547 0.611432 0.054405 0.050995
0 0.146629 0.326904 0.032536 0.030133
0 0.960769 0.026991 0.077228 0.053628
0 0.906039 0.043540 0.031465 0.030126
0 0.288079 0.030379 0.042475 0.037411
0 0.783717 0.320161 0.431259 0.560302
0 0.409573 0.984185 0.121003 0.031171
0 0.151311 0.772888 0.206817 0.172102
0 0.982897 0.336814 0.034206 0.034225
0 0.343207 0.695700 0.029709 0.026509
0 0.167947 0.982416 0.130204 0.035167
0 0.385340 0.743976 0.030574 0.027716
0 0.541499 0.832817 0.053701 0.049169
0 0.805084 0.553956 0.067517 0.064087
0 0.608297 0.008790 0.026317 0.016952
0 0.160367 0.237251 0.100365 0.088729
0 0.446415 0.344808 0.033936 0.032513
0 0.620693 0.950202 0.032895 0.029983
0 0.448803 0.745034 0.028016 0.026365
0 0.516046 0.864710 0.032356 0.031731
0 0.517447 0.925027 0.034890 0.034524