0 0.211838 0.627626 0.245489 0.232403
0 0.090539 0.526887 0.180816 0.226810
0 0.458668 0.886636 0.058410 0.052152
0 0.615420 0.585766 0.088457 0.086093
0 0.805334 0.243943 0.064464 0.061889
0 0.448978 0.457950 0.071628 0.069528
0 0.561801 0.311593 0.048403 0.045643
0 0.895677 0.611131 0.043028 0.042783
0 0.426319 0.158497 0.051200 0.048531
0 0.746746 0.276475 0.032691 0.031966
0 0.631375 0.011974 0.064030 0.023642
0 0.300361 0.089991 0.032052 0.030742
0 0.272645 0.289386 0.064705 0.063112
0 0.812977 0.300283 0.031284 0.030741
0 0.710556 0.008551 0.030176 0.017103
0 0.108621 0.399396 0.033729 0.032468
0 0.394386 0.838943 0.129887 0.128412
0 0.615522 0.414114 0.046193 0.044644
0 0.080441 0.261854 0.029740 0.029267
0 0.537538 0.539826 0.048023 0.046835
0 0.274539 0.038097 0.029452 0.029508
0 0.818115 0.028023 0.068576 0.054553
0 0.538106 0.776739 0.066495 0.063401
0 0.690880 0.333468 0.051751 0.047993
0 0.022306 0.976108 0.044612 0.047783
0 0.474686 0.562619 0.036524 0.033887
0 0.378770 0.307195 0.076165 0.073084
0 0.924496 0.019496 0.127217 0.038684
0 0.245477 0.144440 0.151828 0.145349
0 0.894924 0.768949 0.064905 0.064598
0 0.838631 0.940417 0.030082 0.029991
0 0.190579 0.419397 0.158369 0.152019
0 0.471002 0.563488 0.042692 0.041639