0 0.143798 0.504241 0.067543 0.066424
0 0.032989 0.477369 0.065978 0.085380
0 0.735692 0.580850 0.044366 0.042473
0 0.133165 0.390056 0.070567 0.069632
0 0.226001 0.520570 0.030110 0.029262
0 0.968573 0.771073 0.033838 0.032130
0 0.020132 0.600602 0.040265 0.073235
0 0.157725 0.156723 0.030353 0.029745
0 0.578406 0.182048 0.031123 0.030452
0 0.230833 0.562240 0.028286 0.027937
0 0.919505 0.410743 0.025297 0.026349
0 0.209280 0.610575 0.031618 0.030279
0 0.413634 0.147232 0.027766 0.027118
0 0.440316 0.402792 0.027123 0.027097
0 0.358284 0.455032 0.026430 0.026169
0 0.064099 0.021899 0.061188 0.043744
0 0.204302 0.433271 0.025602 0.025163
0 0.922978 0.385157 0.024748 0.024646
0 0.689131 0.621128 0.024858 0.024322
0 0.475151 0.191592 0.026287 0.026084
0 0.082112 0.632274 0.023999 0.024105
0 0.031408 0.302599 0.033571 0.033330
0 0.076821 0.425980 0.066936 0.065504
0 0.977142 0.388269 0.022525 0.021882
0 0.098401 0.276393 0.113418 0.126202