0 0.573502 0.320096 0.349936 0.264893
0 0.359908 0.811991 0.322883 0.200432
0 0.260134 0.397039 0.061947 0.047830
0 0.330966 0.629285 0.069838 0.047820
0 0.954665 0.733238 0.090670 0.071607
0 0.960126 0.406845 0.048795 0.038234
0 0.519051 0.486793 0.048909 0.034682
0 0.419855 0.211681 0.049963 0.039501
0 0.135509 0.731453 0.055890 0.039925
0 0.653429 0.497197 0.053117 0.042043
0 0.822530 0.351705 0.059149 0.046438
0 0.246332 0.189935 0.053656 0.039547
0 0.093022 0.668088 0.091330 0.062940
0 0.808893 0.779746 0.041623 0.031489
0 0.699375 0.528065 0.073167 0.053838
0 0.773229 0.297935 0.046369 0.034429
0 0.727315 0.504536 0.056778 0.039947
0 0.266541 0.616631 0.049501 0.034094
0 0.470933 0.564503 0.041272 0.031975
0 0.112422 0.525783 0.043448 0.032475
0 0.611485 0.471576 0.054335 0.041000
0 0.754843 0.771319 0.052289 0.036707
0 0.915606 0.314190 0.051632 0.039126
0 0.387953 0.628430 0.042523 0.032786
0 0.952120 0.472126 0.072208 0.052589
0 0.363135 0.055746 0.425176 0.107718
0 0.919955 0.167414 0.045759 0.031869
0 0.718214 0.848572 0.069019 0.054044
0 0.238584 0.646540 0.039755 0.029988
0 0.731931 0.383142 0.057318 0.035409
0 0.117381 0.826248 0.099501 0.071890
0 0.176993 0.174533 0.204646 0.173205
0 0.920668 0.514753 0.048829 0.037704
0 0.079477 0.030696 0.081047 0.059595
0 0.132174 0.832133 0.120476 0.079922
0 0.196566 0.636410 0.050410 0.034763
0 0.145533 0.930808 0.037600 0.028571
0 0.979975 0.135885 0.040050 0.147945
0 0.377277 0.515106 0.157394 0.128067
0 0.832627 0.526596 0.123729 0.093053
0 0.709574 0.140375 0.057033 0.042810
0 0.192332 0.274641 0.046775 0.033313
0 0.797517 0.079691 0.404966 0.157662
0 0.233707 0.298773 0.038999 0.031508
0 0.956509 0.530295 0.037391 0.031836
0 0.993587 0.309630 0.012826 0.028137
0 0.949859 0.142280 0.042339 0.031872
0 0.416369 0.054919 0.265297 0.109838
0 0.759478 0.883749 0.149545 0.112876
0 0.028667 0.775897 0.057335 0.050632