0 0.333586 0.557294 0.060664 0.050443
0 0.937441 0.325805 0.087164 0.071803
0 0.918577 0.430276 0.048466 0.038679
0 0.146872 0.424278 0.055615 0.040384
0 0.737136 0.615682 0.057399 0.043726
0 0.462616 0.318111 0.047402 0.036933
0 0.635209 0.201451 0.087275 0.070036
0 0.427350 0.093600 0.036481 0.029346
0 0.689250 0.270580 0.037518 0.029430
0 0.838065 0.207729 0.033810 0.027239
0 0.355900 0.476234 0.038395 0.030962
0 0.277487 0.878289 0.036333 0.031740
0 0.351687 0.388373 0.038228 0.030957
0 0.901056 0.032861 0.030929 0.025249
0 0.095122 0.618030 0.034002 0.027252
0 0.719322 0.945026 0.030617 0.025138
0 0.988057 0.524284 0.023874 0.026476
0 0.936387 0.514516 0.035012 0.025515
0 0.862885 0.653861 0.033107 0.026425
0 0.866953 0.390261 0.033955 0.028568
0 0.624227 0.239044 0.068553 0.054060
0 0.266571 0.119714 0.031226 0.025771
0 0.821500 0.010453 0.032520 0.020284
0 0.243428 0.980875 0.023358 0.023099
0 0.620077 0.245063 0.057220 0.044702
0 0.994321 0.391382 0.011358 0.031699
0 0.332525 0.167603 0.031523 0.024057
0 0.558631 0.072284 0.030562 0.026120