0 0.854126 0.760920 0.065234 0.057018
0 0.237902 0.860257 0.061564 0.048114
0 0.136348 0.596484 0.053207 0.047168
0 0.286031 0.981304 0.046826 0.037342
0 0.692461 0.123743 0.043115 0.038276
0 0.189494 0.194421 0.046075 0.040428
0 0.921132 0.369266 0.044104 0.037933
0 0.339102 0.152488 0.035170 0.031896
0 0.449921 0.835246 0.047011 0.034987
0 0.156017 0.873702 0.045449 0.035688
0 0.290561 0.633207 0.055381 0.049871
0 0.159960 0.907153 0.051203 0.039006
0 0.752333 0.857033 0.036662 0.030714
0 0.525798 0.117356 0.030777 0.028203
0 0.783970 0.483090 0.098727 0.084098
0 0.903685 0.554799 0.192629 0.238654
0 0.881553 0.043819 0.046960 0.041257
0 0.285315 0.880517 0.034214 0.028766
0 0.710832 0.611730 0.035114 0.031196
0 0.876881 0.367321 0.030201 0.026503
0 0.871402 0.623259 0.089399 0.082074
0 0.281333 0.662461 0.032096 0.027214
0 0.770422 0.473959 0.104062 0.086018
0 0.033705 0.011463 0.057257 0.022926
0 0.398896 0.986315 0.062795 0.027369
0 0.752600 0.465576 0.077197 0.072173
0 0.259020 0.082582 0.028047 0.025616
0 0.557232 0.881560 0.088601 0.075460
0 0.081555 0.005458 0.035700 0.010917
0 0.643875 0.549292 0.034970 0.029203
0 0.106254 0.571864 0.030155 0.025820
0 0.006560 0.271550 0.012895 0.033366
0 0.157503 0.878744 0.053175 0.041788
0 0.689804 0.769369 0.095876 0.079796