0 0.500419 0.794703 0.295712 0.251896
0 0.255420 0.827591 0.038548 0.033025
0 0.219616 0.895323 0.045744 0.040182
0 0.685347 0.164828 0.049415 0.045197
0 0.857781 0.040676 0.034620 0.032301
0 0.794988 0.019936 0.071994 0.039871
0 0.236974 0.390266 0.338583 0.311161
0 0.111415 0.590957 0.033325 0.030217
0 0.334415 0.227429 0.036805 0.032806
0 0.729999 0.161279 0.037973 0.033375
0 0.455883 0.957954 0.037299 0.031940
0 0.984775 0.215331 0.030352 0.037272
0 0.652009 0.192106 0.031326 0.028603
0 0.638104 0.916660 0.034139 0.029508
0 0.887083 0.811335 0.031945 0.028397
0 0.135811 0.100456 0.034261 0.031939
0 0.447801 0.100862 0.047327 0.041046
0 0.481157 0.314004 0.061095 0.052606
0 0.358987 0.486365 0.054424 0.049099
0 0.588196 0.069716 0.034669 0.031831
0 0.308409 0.528866 0.056569 0.045955
0 0.313839 0.780513 0.064449 0.058533
0 0.579001 0.666255 0.062217 0.053294
0 0.728812 0.653508 0.048665 0.041183
0 0.765772 0.082345 0.032797 0.030610
0 0.564559 0.214970 0.030807 0.026574
0 0.376875 0.186968 0.207671 0.180240
0 0.391902 0.011725 0.029020 0.023449
0 0.410663 0.516577 0.066163 0.055507
0 0.366018 0.821961 0.070885 0.059830
0 0.509620 0.038498 0.033483 0.031709
0 0.015497 0.369859 0.030995 0.082444
0 0.065473 0.420298 0.038142 0.035131
0 0.573921 0.233926 0.082495 0.064773
0 0.879918 0.199798 0.055910 0.051368