0 0.614456 0.178309 0.074333 0.061893
0 0.143163 0.709093 0.286326 0.275507
0 0.940549 0.332351 0.104049 0.085414
0 0.664831 0.460527 0.055531 0.045505
0 0.301534 0.363862 0.046486 0.039654
0 0.370359 0.870251 0.063403 0.056088
0 0.837523 0.183194 0.107472 0.091112
0 0.775787 0.472228 0.161872 0.136729
0 0.772470 0.109549 0.057470 0.047925
0 0.562017 0.161566 0.047584 0.037524
0 0.070435 0.222910 0.044184 0.038287
0 0.376692 0.547828 0.034510 0.031045
0 0.904988 0.603208 0.033096 0.028193
0 0.262455 0.445767 0.048843 0.040205
0 0.059363 0.351458 0.091240 0.080547
0 0.165369 0.411174 0.062132 0.053854
0 0.856103 0.721581 0.073059 0.063007
0 0.353209 0.917358 0.065273 0.057331
0 0.612877 0.934781 0.049383 0.042708
0 0.429340 0.438712 0.032439 0.027034
0 0.817638 0.105749 0.038246 0.031510
0 0.801220 0.275804 0.120828 0.097577
0 0.979568 0.646362 0.040863 0.102764
0 0.805783 0.962732 0.082187 0.074535
0 0.740065 0.359230 0.102431 0.084324
0 0.942149 0.138393 0.035074 0.028632
0 0.007765 0.479556 0.015531 0.056796
0 0.964126 0.874105 0.056001 0.049958
0 0.312235 0.971269 0.033797 0.029866
0 0.188464 0.393557 0.031205 0.029126
0 0.727815 0.842181 0.069679 0.062778
0 0.433534 0.522975 0.029976 0.027090
0 0.750279 0.872483 0.114006 0.105817
0 0.840204 0.132702 0.037522 0.027949
0 0.608445 0.216658 0.049411 0.040782
0 0.340937 0.486808 0.093288 0.080351
0 0.611708 0.980807 0.101351 0.038387
0 0.516958 0.931159 0.035169 0.031839
0 0.694500 0.299742 0.087359 0.075453
0 0.366842 0.947213 0.025337 0.023587
0 0.332232 0.748474 0.089545 0.077736
0 0.268151 0.935313 0.032640 0.027212