0 0.089912 0.701180 0.179824 0.222376
0 0.604313 0.113917 0.074046 0.070177
0 0.145868 0.268818 0.043497 0.041779
0 0.421688 0.624380 0.121575 0.115011
0 0.106944 0.951945 0.141853 0.096110
0 0.837836 0.314702 0.039535 0.037850
0 0.880273 0.669225 0.037842 0.037445
0 0.628915 0.457729 0.050475 0.048961
0 0.959628 0.858652 0.080448 0.111081
0 0.215888 0.372377 0.032392 0.029658
0 0.864145 0.249691 0.044504 0.042484
0 0.930169 0.108770 0.035226 0.031895
0 0.072228 0.160118 0.030415 0.030206
0 0.335209 0.760572 0.062144 0.056980
0 0.607108 0.407013 0.031654 0.030893
0 0.739217 0.270814 0.029433 0.028123
0 0.501263 0.035284 0.148866 0.070569
0 0.915141 0.054957 0.030358 0.028927
0 0.343727 0.257074 0.064672 0.061063
0 0.727189 0.408908 0.102494 0.100501
0 0.610094 0.512535 0.028297 0.028108
0 0.536336 0.811699 0.028251 0.026591
0 0.649441 0.100855 0.027495 0.026490
0 0.313228 0.843546 0.116437 0.101617
0 0.522122 0.680901 0.141905 0.144539
0 0.280183 0.322538 0.098329 0.091588
0 0.478156 0.105764 0.074171 0.073783
0 0.504695 0.266869 0.026576 0.025859
0 0.634245 0.376171 0.091217 0.087105
0 0.655581 0.029955 0.204856 0.059911