0 0.219477 0.950686 0.041713 0.040769
0 0.382195 0.811426 0.023328 0.022757
0 0.468557 0.844711 0.022465 0.022480
0 0.574660 0.032121 0.046060 0.044196
0 0.031785 0.560334 0.025907 0.025748
0 0.100557 0.703818 0.026117 0.025885
0 0.083360 0.512763 0.029326 0.028288
0 0.348084 0.377423 0.028405 0.028277
0 0.079014 0.207834 0.028834 0.028359
0 0.441964 0.047242 0.026600 0.026398
0 0.621651 0.038912 0.030645 0.030082
0 0.390057 0.218287 0.027664 0.028536
0 0.099831 0.536334 0.023417 0.023360
0 0.162540 0.118962 0.025562 0.024732
0 0.431536 0.373617 0.025907 0.025700
0 0.619719 0.774128 0.022498 0.022748
0 0.151555 0.805131 0.039012 0.038253
0 0.891070 0.621858 0.025104 0.024168
0 0.052491 0.964884 0.028523 0.028767
0 0.542906 0.655097 0.062030 0.059672
0 0.175737 0.981443 0.037744 0.035603
0 0.016811 0.520237 0.018837 0.018537
0 0.776226 0.536517 0.026664 0.026100
0 0.638009 0.460053 0.027037 0.026357
0 0.586162 0.988437 0.025297 0.022358
0 0.046377 0.896766 0.025816 0.025680
0 0.884715 0.057523 0.055935 0.053097
0 0.992417 0.960572 0.015079 0.025028
0 0.441314 0.439391 0.025554 0.025525
0 0.829825 0.599735 0.023427 0.023017
0 0.475690 0.797190 0.017306 0.017193
0 0.092542 0.095459 0.018139 0.018145
0 0.433379 0.231692 0.021341 0.021209