0 0.529720 0.635915 0.056096 0.052619
0 0.154301 0.672778 0.141306 0.136265
0 0.188394 0.426575 0.038669 0.037491
0 0.716740 0.873103 0.046968 0.044819
0 0.668069 0.216675 0.046164 0.045291
0 0.540039 0.074514 0.076473 0.075109
0 0.693640 0.284754 0.035372 0.034609
0 0.660279 0.913951 0.035580 0.033743
0 0.038481 0.363253 0.076571 0.099863
0 0.874539 0.824127 0.085891 0.081488
0 0.962469 0.187632 0.048212 0.046690
0 0.651829 0.948176 0.034916 0.032746
0 0.807034 0.437550 0.036280 0.033855
0 0.959942 0.387746 0.030977 0.030380
0 0.220926 0.386121 0.070248 0.067514
0 0.892050 0.950596 0.031082 0.029807
0 0.493281 0.089631 0.030781 0.030725
0 0.887010 0.067198 0.041758 0.038848
0 0.943243 0.812046 0.028753 0.027283
0 0.808028 0.667016 0.083330 0.079144
0 0.866364 0.764501 0.031656 0.029528
0 0.277057 0.355144 0.027553 0.026817
0 0.955712 0.579555 0.036664 0.035184
0 0.174061 0.468595 0.060706 0.055973
0 0.989655 0.914552 0.020689 0.028930
0 0.333007 0.018153 0.031905 0.030129
0 0.029793 0.483504 0.058486 0.066066
0 0.018961 0.894877 0.037921 0.210246
0 0.138972 0.192146 0.028617 0.028204
0 0.018747 0.859957 0.037383 0.120700
0 0.921365 0.509495 0.042340 0.039880
0 0.991750 0.803970 0.016206 0.034204
0 0.860844 0.923924 0.045244 0.042206
0 0.007569 0.429294 0.015138 0.055832
0 0.007710 0.309663 0.015421 0.077815
0 0.844056 0.267609 0.040264 0.038220