0 0.791306 0.800082 0.150345 0.148140
0 0.629026 0.831104 0.073867 0.071427
0 0.438231 0.715036 0.054345 0.050896
0 0.950892 0.323014 0.054702 0.052300
0 0.708927 0.385030 0.040866 0.040317
0 0.940456 0.800388 0.040670 0.040447
0 0.905483 0.735638 0.045639 0.045576
0 0.534531 0.888705 0.054386 0.051512
0 0.146885 0.204631 0.033449 0.032102
0 0.301113 0.424614 0.055837 0.051498
0 0.272222 0.493877 0.035369 0.032967
0 0.414900 0.622486 0.037897 0.035633
0 0.851689 0.418897 0.039292 0.038097
0 0.534450 0.715510 0.142662 0.138639
0 0.917010 0.568046 0.037455 0.036492
0 0.868408 0.296890 0.104191 0.102519
0 0.805484 0.369149 0.031911 0.031400
0 0.907647 0.908975 0.030685 0.030172
0 0.500610 0.334112 0.103358 0.093393
0 0.549042 0.035901 0.035960 0.033170
0 0.055777 0.349966 0.036986 0.035555
0 0.227968 0.546594 0.031922 0.029826
0 0.273776 0.891779 0.028466 0.028014
0 0.864683 0.748298 0.032433 0.031381
0 0.692909 0.006488 0.034574 0.012526
0 0.306322 0.118357 0.043664 0.042420
0 0.784398 0.385376 0.032599 0.030589
0 0.337959 0.720068 0.066425 0.060186
0 0.657143 0.012828 0.041196 0.025573
0 0.750060 0.227133 0.199907 0.189931
0 0.790210 0.107166 0.418217 0.212916
0 0.755737 0.690474 0.105196 0.100590
0 0.561611 0.567455 0.130063 0.121200
0 0.540513 0.989355 0.041387 0.021289
0 0.470104 0.153770 0.292381 0.279833
0 0.451898 0.807384 0.076516 0.074430
0 0.508327 0.932852 0.105936 0.102820
0 0.464359 0.786832 0.108358 0.106254
0 0.305377 0.236824 0.079204 0.075072
0 0.556119 0.819787 0.048523 0.045473