0 0.416039 0.565934 0.198820 0.158889
0 0.327203 0.975340 0.052959 0.043514
0 0.714093 0.899632 0.115648 0.099214
0 0.312607 0.071957 0.101594 0.084984
0 0.761898 0.211137 0.169253 0.147612
0 0.738108 0.440219 0.038587 0.033698
0 0.589091 0.296044 0.138439 0.119235
0 0.403960 0.972967 0.052594 0.045597
0 0.214798 0.746580 0.117092 0.097814
0 0.489785 0.776339 0.469700 0.401568
0 0.252581 0.493410 0.047758 0.037850
0 0.935370 0.267819 0.059488 0.053119
0 0.530952 0.054671 0.038725 0.032807
0 0.387478 0.221028 0.125588 0.105009
0 0.199701 0.008664 0.049174 0.017327
0 0.779380 0.980782 0.043187 0.036810
0 0.091714 0.550880 0.059095 0.047402
0 0.200848 0.418465 0.052777 0.042840
0 0.076804 0.157912 0.043406 0.035823
0 0.164190 0.665303 0.060892 0.053050
0 0.641477 0.961234 0.161707 0.077531
0 0.021488 0.872744 0.034775 0.031107
0 0.235406 0.578145 0.059013 0.048127
0 0.631366 0.175146 0.071706 0.057357
0 0.978048 0.185035 0.041314 0.035165
0 0.378421 0.310676 0.040598 0.032122
0 0.134806 0.345055 0.043146 0.033997
0 0.920661 0.030044 0.071611 0.059111
0 0.060422 0.492451 0.040241 0.033662
0 0.061010 0.337385 0.095737 0.078309
0 0.619380 0.448869 0.035372 0.028134
0 0.206692 0.699731 0.060741 0.049671
0 0.091028 0.835247 0.047679 0.040646
0 0.957167 0.785850 0.085666 0.086848
0 0.511517 0.261201 0.149488 0.124665
0 0.267786 0.336770 0.047029 0.036057
0 0.056072 0.092016 0.037032 0.032844
0 0.237812 0.283103 0.298326 0.248389
0 0.315766 0.357632 0.069413 0.055016
0 0.105799 0.201983 0.048814 0.040999
0 0.875998 0.322946 0.041428 0.032879
0 0.943637 0.742339 0.039826 0.036554
0 0.550268 0.208771 0.106227 0.083412
0 0.740978 0.971407 0.038426 0.033664
0 0.890862 0.802440 0.041022 0.036742
0 0.088578 0.518404 0.040044 0.031615
0 0.823128 0.827098 0.036030 0.032659
0 0.594166 0.592926 0.046129 0.039521
0 0.229606 0.455474 0.057811 0.045450
0 0.681316 0.268314 0.058853 0.048055
0 0.892422 0.469600 0.026466 0.023233
0 0.983518 0.960219 0.030696 0.029806
0 0.117134 0.442444 0.036024 0.029423
0 0.280037 0.206354 0.087922 0.074775
0 0.543968 0.401555 0.038190 0.032713
0 0.675796 0.149206 0.036420 0.033497
0 0.867112 0.722155 0.042730 0.039400
0 0.847013 0.291642 0.046707 0.038848
0 0.218553 0.506415 0.036400 0.031201
0 0.524009 0.417976 0.032538 0.026803
0 0.545668 0.222787 0.116665 0.102458
0 0.136656 0.756456 0.036454 0.032958
0 0.101468 0.707709 0.112411 0.093235
0 0.830160 0.932593 0.029730 0.026208
0 0.491560 0.176207 0.047237 0.038369
0 0.991606 0.833732 0.016787 0.040675
0 0.549083 0.261709 0.213360 0.163825
0 0.685881 0.652059 0.039378 0.035273
0 0.144790 0.110853 0.031033 0.028058
0 0.856165 0.068174 0.108198 0.092067
0 0.328533 0.138130 0.048102 0.040471
0 0.721399 0.643015 0.034990 0.031814
0 0.373786 0.060519 0.028561 0.025433
0 0.628033 0.213713 0.042491 0.033001
0 0.966205 0.988684 0.060621 0.022633
0 0.029299 0.766003 0.058597 0.271328
0 0.165479 0.642077 0.045367 0.033862