0 0.069464 0.029646 0.074066 0.059291
0 0.862048 0.288602 0.148582 0.140615
0 0.963095 0.773896 0.044297 0.040806
0 0.158809 0.664822 0.040183 0.037688
0 0.564270 0.499010 0.377906 0.351528
0 0.238854 0.694590 0.071241 0.068662
0 0.059753 0.433577 0.039845 0.037432
0 0.337548 0.227118 0.161778 0.157732
0 0.412998 0.931978 0.140055 0.133461
0 0.678099 0.118222 0.050018 0.043840
0 0.519253 0.722070 0.037353 0.034895
0 0.778875 0.155741 0.041502 0.039155
0 0.730435 0.482855 0.030013 0.026966
0 0.405029 0.657309 0.141601 0.129294
0 0.027493 0.561395 0.053661 0.193865
0 0.941404 0.555752 0.116084 0.298433
0 0.209424 0.009681 0.040211 0.019363
0 0.522602 0.041609 0.384588 0.083218
0 0.394618 0.137321 0.085877 0.082535
0 0.096100 0.475164 0.037226 0.034969
0 0.302580 0.131633 0.032933 0.031825
0 0.112100 0.316126 0.054386 0.052035
0 0.888680 0.952995 0.072854 0.065773
0 0.007543 0.772238 0.015087 0.041077
0 0.006489 0.435272 0.012978 0.053345
0 0.457764 0.096821 0.037465 0.035730
0 0.672608 0.369766 0.026977 0.025914
0 0.111759 0.091454 0.094926 0.093382
0 0.014774 0.946314 0.029547 0.038639
0 0.818264 0.480208 0.103004 0.093231