0 0.197352 0.384124 0.114868 0.113054
0 0.697350 0.944244 0.119849 0.111512
0 0.881471 0.516325 0.139215 0.134035
0 0.854303 0.325217 0.068600 0.069094
0 0.492331 0.573320 0.205396 0.217418
0 0.853612 0.104870 0.060100 0.060079
0 0.742167 0.863370 0.062108 0.061289
0 0.650175 0.609949 0.183746 0.184486
0 0.901231 0.111640 0.040940 0.040397
0 0.676073 0.392186 0.183015 0.179232
0 0.091401 0.589379 0.065127 0.066869
0 0.750083 0.212168 0.058764 0.057495
0 0.119917 0.815572 0.052330 0.051407
0 0.545197 0.263457 0.052131 0.048732
0 0.912450 0.325028 0.088641 0.088193
0 0.621910 0.042985 0.168287 0.085174
0 0.836113 0.177531 0.036661 0.036130
0 0.300831 0.304206 0.030945 0.030822
0 0.085727 0.071995 0.032593 0.031168
0 0.765357 0.315768 0.040472 0.041301
0 0.966896 0.414274 0.033684 0.032778
0 0.776833 0.009408 0.038171 0.018770
0 0.047224 0.324925 0.032621 0.031562
0 0.353010 0.792569 0.034878 0.034214
0 0.939420 0.220368 0.029895 0.028942
0 0.336379 0.945580 0.338430 0.108336
0 0.713013 0.455765 0.063951 0.064800
0 0.382219 0.525811 0.040382 0.039766
0 0.748132 0.693483 0.031425 0.031211
0 0.693340 0.270868 0.031707 0.030158
0 0.052168 0.964841 0.038792 0.038244
0 0.014300 0.772257 0.028601 0.055074
0 0.698103 0.551932 0.032059 0.031699
0 0.079182 0.096063 0.039011 0.037107
0 0.812234 0.063616 0.044882 0.044237
0 0.215274 0.022636 0.035781 0.033381
0 0.647392 0.165945 0.025169 0.024782
0 0.660217 0.146623 0.069688 0.067643
0 0.586603 0.062671 0.054124 0.053127
0 0.487488 0.840111 0.042678 0.041970
0 0.982690 0.923564 0.034620 0.034720
0 0.241655 0.657862 0.049979 0.049443
0 0.424115 0.466445 0.048300 0.045892
0 0.104114 0.086957 0.207407 0.173915
0 0.428699 0.369685 0.218118 0.230178
0 0.574965 0.434179 0.033506 0.033805
0 0.550364 0.966320 0.029094 0.028429
0 0.198093 0.759341 0.159093 0.159619
0 0.597497 0.277715 0.026540 0.025725
0 0.891111 0.609456 0.030379 0.029571
0 0.615599 0.874397 0.040068 0.039078
0 0.876956 0.159827 0.026779 0.026190
0 0.464313 0.334515 0.095894 0.093750
0 0.166987 0.157953 0.045738 0.043261
0 0.324500 0.695213 0.032511 0.031832
0 0.391370 0.660395 0.029783 0.029852
0 0.784127 0.192589 0.026734 0.026187
0 0.411953 0.156631 0.031902 0.031927
0 0.580348 0.471205 0.027596 0.027199
0 0.986714 0.772910 0.025971 0.026710
0 0.806078 0.481610 0.030633 0.030671
0 0.135197 0.285023 0.078380 0.076642
0 0.417571 0.111445 0.047692 0.046533
0 0.497892 0.088241 0.031889 0.030765
0 0.792663 0.160990 0.027276 0.026736
0 0.544403 0.350247 0.082808 0.082573
0 0.393056 0.133648 0.033368 0.033337
0 0.985883 0.074176 0.027152 0.027738
0 0.523279 0.391562 0.028278 0.027556
0 0.007550 0.873565 0.015099 0.049636
0 0.743108 0.030324 0.051309 0.050882
0 0.316703 0.380706 0.025480 0.025083
0 0.056672 0.467616 0.028276 0.027789
0 0.890429 0.234057 0.042110 0.043503
0 0.902138 0.441861 0.065855 0.063562
0 0.623407 0.175665 0.028575 0.027933
0 0.196617 0.645635 0.030518 0.030198
0 0.048330 0.257869 0.035220 0.033877
0 0.968790 0.272341 0.039346 0.040092
0 0.667353 0.515631 0.039594 0.038912
0 0.862975 0.191785 0.024385 0.024303
0 0.754178 0.177123 0.039878 0.038713
0 0.121098 0.390768 0.029206 0.029858
0 0.795204 0.772280 0.026637 0.026691
0 0.470407 0.312578 0.075187 0.075966
0 0.470583 0.300993 0.063942 0.059572
0 0.943986 0.587602 0.105550 0.105594
0 0.362015 0.629830 0.033893 0.033791
0 0.105907 0.244381 0.170045 0.164782
0 0.304104 0.441457 0.055682 0.055906
0 0.125530 0.248829 0.137795 0.132571
0 0.202767 0.794284 0.143129 0.126944