0 0.823207 0.486622 0.074680 0.063045
0 0.265563 0.531325 0.043474 0.039542
0 0.313425 0.307693 0.033604 0.030956
0 0.704675 0.572099 0.058305 0.047881
0 0.041802 0.485441 0.045856 0.040368
0 0.018584 0.041904 0.037168 0.043242
0 0.965106 0.032701 0.045543 0.041817
0 0.581085 0.720396 0.058064 0.051269
0 0.475958 0.008514 0.046816 0.016942
0 0.831348 0.239134 0.034697 0.030626
0 0.633653 0.265468 0.034996 0.029935
0 0.102304 0.099208 0.026888 0.025745
0 0.039167 0.212388 0.026916 0.026524
0 0.762393 0.748471 0.104201 0.096800
0 0.264124 0.310858 0.032966 0.030733
0 0.503163 0.803754 0.061855 0.055295
0 0.067550 0.368871 0.022841 0.022623
0 0.673136 0.471702 0.029261 0.027676
0 0.076155 0.891059 0.027194 0.025597
0 0.739276 0.524508 0.032975 0.028037
0 0.328440 0.480626 0.025793 0.024044
0 0.407158 0.478744 0.123436 0.116178
0 0.673669 0.528808 0.079131 0.066654
0 0.059240 0.954879 0.054283 0.047939
0 0.956278 0.831118 0.087206 0.079529
0 0.351380 0.431819 0.025902 0.024081
0 0.476440 0.758270 0.060348 0.055685
0 0.105887 0.100298 0.033710 0.030655
0 0.922775 0.215057 0.036454 0.032691
0 0.994598 0.253095 0.010803 0.029538
0 0.579450 0.293801 0.071955 0.067695
0 0.368081 0.988403 0.024386 0.021704
0 0.105391 0.917799 0.032549 0.029292
0 0.703758 0.344128 0.097162 0.086849
0 0.894886 0.507312 0.034777 0.030412