0 0.423271 0.398459 0.042325 0.041046
0 0.410180 0.335343 0.045599 0.043816
0 0.788840 0.553991 0.029702 0.028922
0 0.539854 0.594541 0.036098 0.035164
0 0.114478 0.271648 0.046863 0.045569
0 0.338567 0.644229 0.033195 0.033043
0 0.214840 0.117377 0.030154 0.030029
0 0.047893 0.126649 0.028919 0.028777
0 0.186262 0.509411 0.030565 0.030848
0 0.596913 0.983477 0.031512 0.030722
0 0.055157 0.084214 0.030155 0.029601
0 0.742613 0.683651 0.054939 0.055587
0 0.019578 0.235576 0.038335 0.043745
0 0.441115 0.044458 0.049606 0.048903
0 0.477374 0.857696 0.032098 0.032221
0 0.549328 0.647098 0.030689 0.030226
0 0.325642 0.208220 0.041546 0.039435
0 0.534279 0.894567 0.028020 0.027751
0 0.415352 0.536497 0.030545 0.030341
0 0.886900 0.955973 0.034758 0.034951
0 0.367972 0.176222 0.034830 0.034353
0 0.701001 0.844264 0.027114 0.026696
0 0.495594 0.617637 0.027406 0.027420
0 0.289116 0.940792 0.031164 0.031435
0 0.439221 0.206819 0.034144 0.034227
0 0.023012 0.355736 0.045871 0.047467
0 0.055988 0.894928 0.109404 0.209690
0 0.673747 0.052569 0.025888 0.025688
0 0.094569 0.235324 0.031648 0.031307
0 0.905845 0.578527 0.025579 0.025768
0 0.104515 0.335456 0.030508 0.029981
0 0.667858 0.025089 0.024127 0.024036
0 0.274996 0.142225 0.029805 0.029848
0 0.239902 0.347749 0.027895 0.027724
0 0.493096 0.686030 0.027333 0.026982
0 0.098604 0.366495 0.033171 0.032706
0 0.204822 0.025352 0.027353 0.026007
0 0.237129 0.972726 0.027525 0.025849
0 0.236402 0.957785 0.028629 0.028970
0 0.057556 0.271180 0.060475 0.059091
0 0.398276 0.123763 0.025852 0.025396
0 0.378616 0.355143 0.027311 0.027318
0 0.470628 0.205974 0.027161 0.026179
0 0.781639 0.902626 0.023095 0.022835
0 0.970950 0.256348 0.026014 0.024389
0 0.991155 0.971826 0.017616 0.025487
0 0.038341 0.292403 0.076683 0.079566
0 0.452168 0.163509 0.035280 0.035741
0 0.941266 0.522840 0.023024 0.023211
0 0.032080 0.298462 0.063297 0.066949
0 0.159444 0.264618 0.052176 0.051564
0 0.088636 0.109963 0.022445 0.022365
0 0.390234 0.385719 0.023646 0.022856
0 0.161704 0.196270 0.023053 0.023961
0 0.018258 0.384068 0.036336 0.049207
0 0.198192 0.897405 0.025129 0.025523