0 0.805685 0.497027 0.282033 0.280683
0 0.428160 0.414791 0.092636 0.090697
0 0.100034 0.386705 0.066789 0.065852
0 0.211193 0.651639 0.062085 0.061660
0 0.824111 0.774682 0.226815 0.210675
0 0.380363 0.971465 0.064509 0.056722
0 0.359441 0.671062 0.184315 0.177239
0 0.243451 0.824542 0.045237 0.045929
0 0.929341 0.214179 0.042348 0.042196
0 0.840183 0.168345 0.055289 0.055892
0 0.773407 0.194743 0.099031 0.097356
0 0.542838 0.558153 0.118420 0.113376
0 0.432317 0.941395 0.065460 0.064096
0 0.122920 0.081265 0.044195 0.043269
0 0.612027 0.044355 0.041381 0.039143
0 0.145929 0.927504 0.050615 0.048429
0 0.738659 0.092149 0.032489 0.032789
0 0.478727 0.913423 0.042521 0.042472
0 0.982424 0.689614 0.031189 0.029941
0 0.315826 0.647124 0.069552 0.069662
0 0.717874 0.312389 0.032511 0.032743
0 0.073444 0.643250 0.081808 0.081705
0 0.360698 0.502425 0.061339 0.058319
0 0.102621 0.711831 0.037039 0.035731
0 0.635461 0.767867 0.029277 0.028908
0 0.448400 0.882145 0.051898 0.051642
0 0.649289 0.545874 0.098981 0.094881
0 0.199308 0.441667 0.124176 0.125265
0 0.799538 0.040604 0.030056 0.029321
0 0.669175 0.814589 0.404712 0.368102
0 0.504533 0.984797 0.090326 0.030405
0 0.258091 0.146965 0.035509 0.034892
0 0.308781 0.504656 0.042918 0.042322
0 0.399952 0.795449 0.031319 0.032036
0 0.822512 0.286206 0.104560 0.101765
0 0.661938 0.134778 0.030930 0.030344
0 0.837526 0.023937 0.031208 0.031208
0 0.310960 0.932188 0.060592 0.061239
0 0.010564 0.774857 0.021092 0.056008
0 0.315777 0.849086 0.066337 0.065362
0 0.573209 0.324920 0.031152 0.029698
0 0.407132 0.913605 0.026395 0.025822
0 0.321179 0.824313 0.044345 0.041297
0 0.979423 0.303852 0.030571 0.029512
0 0.808624 0.112332 0.029763 0.029377
0 0.276387 0.325776 0.030296 0.030761
0 0.139910 0.041348 0.045178 0.043741
0 0.148007 0.673780 0.089748 0.088728
0 0.976032 0.066420 0.021005 0.021324
0 0.695635 0.041042 0.042144 0.041873
0 0.801665 0.275652 0.029075 0.028965
0 0.026021 0.231595 0.050957 0.185141
0 0.080524 0.237939 0.034028 0.032754
0 0.964528 0.543369 0.039569 0.039505
0 0.683613 0.976644 0.116965 0.046712
0 0.017205 0.684082 0.033319 0.034281
0 0.609075 0.391688 0.049696 0.050395
0 0.407567 0.252670 0.032669 0.032032
0 0.565309 0.986363 0.045630 0.027273
0 0.029366 0.020809 0.027857 0.027208
0 0.938952 0.950605 0.025213 0.025213
0 0.375420 0.175455 0.028586 0.028017
0 0.089203 0.477520 0.117156 0.114188
0 0.332832 0.370161 0.029457 0.029682
0 0.758310 0.905917 0.153866 0.148971
0 0.006639 0.711130 0.012990 0.040627
0 0.083869 0.517838 0.068518 0.067767
0 0.012937 0.186886 0.025874 0.067728
0 0.011110 0.770936 0.022187 0.076670
0 0.827511 0.240873 0.025604 0.024875
0 0.120193 0.970161 0.026502 0.026367
0 0.092972 0.780500 0.028900 0.028038
0 0.824250 0.339582 0.025937 0.026602
0 0.264818 0.916104 0.040385 0.039410
0 0.473681 0.233324 0.042638 0.043156
0 0.612583 0.328243 0.025858 0.025567
0 0.652929 0.633320 0.064549 0.059696
0 0.990319 0.947374 0.019119 0.019978
0 0.138421 0.720658 0.024709 0.024717
0 0.892924 0.901123 0.029981 0.028624
0 0.269436 0.733491 0.031638 0.031102
0 0.102987 0.042427 0.026511 0.025854
0 0.608813 0.968062 0.064796 0.062749
0 0.372873 0.530791 0.095182 0.088901