0 0.070923 0.514952 0.106713 0.104398
0 0.568638 0.517863 0.053465 0.052191
0 0.128193 0.595779 0.113069 0.110730
0 0.251809 0.470294 0.050403 0.049610
0 0.112643 0.474545 0.032838 0.034058
0 0.052390 0.675674 0.056085 0.051847
0 0.377061 0.253132 0.023453 0.023380
0 0.884001 0.651964 0.049054 0.047255
0 0.501257 0.294367 0.018918 0.019475
0 0.341123 0.469863 0.035709 0.034919
0 0.293371 0.305159 0.021578 0.021879
0 0.660961 0.570433 0.071429 0.069972
0 0.025799 0.129406 0.024746 0.025334
0 0.985920 0.533067 0.028161 0.029643
0 0.208987 0.650089 0.108144 0.104243
0 0.931720 0.714995 0.024365 0.024272
0 0.310449 0.210957 0.018173 0.018040
0 0.222766 0.551583 0.030214 0.030316
0 0.596985 0.902736 0.072279 0.069932
0 0.492949 0.447393 0.018784 0.018891
0 0.099931 0.881952 0.030838 0.028706
0 0.511641 0.888918 0.028937 0.027610
0 0.638117 0.961823 0.090270 0.076354
0 0.867596 0.325565 0.030461 0.029861
0 0.206506 0.401449 0.024975 0.024977
0 0.051638 0.772781 0.100531 0.097335
0 0.451992 0.134929 0.020581 0.020271
0 0.545889 0.067228 0.018505 0.018562
0 0.866283 0.880946 0.036934 0.036889
0 0.694461 0.513052 0.142780 0.145374
0 0.257148 0.149306 0.016496 0.016943
0 0.509997 0.141943 0.015009 0.015120
0 0.455470 0.885782 0.032763 0.031372
0 0.212359 0.292945 0.023381 0.023197
0 0.434884 0.482714 0.026842 0.026385
0 0.920065 0.522044 0.022171 0.022010
0 0.356039 0.221286 0.021248 0.022083
0 0.512822 0.392523 0.045955 0.045551
0 0.162702 0.302162 0.048810 0.046472
0 0.677927 0.907330 0.093884 0.093034
0 0.522928 0.683875 0.083139 0.077616
0 0.254841 0.087741 0.017033 0.017050
0 0.119266 0.181514 0.016922 0.017228
0 0.655113 0.110925 0.049857 0.049069
0 0.346379 0.390262 0.090984 0.089126
0 0.576479 0.950542 0.025233 0.024473
0 0.215376 0.163319 0.075195 0.075930
0 0.180145 0.410783 0.021694 0.022911
0 0.638847 0.826195 0.083694 0.083672
0 0.217397 0.870032 0.366332 0.259346
0 0.063151 0.043034 0.098592 0.084559
0 0.411275 0.573697 0.046819 0.045010
0 0.731888 0.580152 0.069531 0.068933
0 0.259471 0.496816 0.035872 0.034149
0 0.591139 0.472148 0.074279 0.071964
0 0.364077 0.442585 0.018470 0.017673
0 0.440674 0.746081 0.102161 0.098365
0 0.422744 0.018882 0.035720 0.034593
0 0.177029 0.350029 0.104747 0.099668
0 0.036803 0.300366 0.073607 0.226559
0 0.585030 0.614811 0.119958 0.126612
0 0.651585 0.759678 0.037260 0.036244
0 0.592757 0.114811 0.022101 0.022203
0 0.029318 0.337027 0.058636 0.064719
0 0.509581 0.139171 0.077634 0.078354
0 0.009528 0.739074 0.018843 0.022017
0 0.095019 0.338195 0.020203 0.019788
0 0.471495 0.849262 0.089025 0.080829
0 0.047140 0.589466 0.061200 0.060723
0 0.779137 0.813235 0.041954 0.041187
0 0.906684 0.795684 0.020992 0.020047
0 0.138788 0.058354 0.019702 0.019454
0 0.545882 0.192512 0.071902 0.071254
0 0.535824 0.914894 0.060335 0.057809
0 0.794851 0.191279 0.021685 0.021724
0 0.374798 0.282584 0.083466 0.083833
0 0.375533 0.599953 0.045777 0.043738