0 0.899505 0.905421 0.200990 0.188227
0 0.187383 0.629805 0.071527 0.060737
0 0.837505 0.237367 0.208819 0.177046
0 0.045338 0.226375 0.049346 0.042636
0 0.020948 0.190719 0.041897 0.043890
0 0.946234 0.333803 0.046621 0.036486
0 0.912617 0.199442 0.054268 0.043197
0 0.044622 0.933259 0.038373 0.031031
0 0.834903 0.474663 0.041815 0.032940
0 0.750439 0.098753 0.043110 0.037678
0 0.048938 0.081070 0.044605 0.037628
0 0.564493 0.543386 0.068764 0.052763
0 0.382109 0.637904 0.192325 0.156214
0 0.716231 0.398440 0.083877 0.072098
0 0.087332 0.092330 0.033722 0.029647
0 0.057002 0.169636 0.042815 0.039302
0 0.769125 0.026005 0.048803 0.038592
0 0.961847 0.428694 0.053766 0.043181
0 0.986123 0.267441 0.027754 0.027919
0 0.613389 0.100825 0.032815 0.027179
0 0.988907 0.463490 0.021925 0.052210
0 0.394055 0.938051 0.090209 0.070495
0 0.019366 0.424387 0.038732 0.039799
0 0.426008 0.007065 0.036334 0.013551
0 0.325642 0.525747 0.048696 0.042042
0 0.016166 0.565472 0.031870 0.029263
0 0.170222 0.202305 0.050672 0.046858
0 0.881749 0.078896 0.087859 0.068664
0 0.736860 0.579831 0.077365 0.058254
0 0.314535 0.781853 0.134157 0.100588
0 0.911930 0.412705 0.042944 0.033475
0 0.637070 0.664173 0.096311 0.078807
0 0.820545 0.532734 0.074869 0.060835
0 0.068441 0.855022 0.030376 0.024507
0 0.466729 0.575228 0.095163 0.076337
0 0.926925 0.028948 0.040308 0.034705
0 0.855957 0.152678 0.085027 0.067325
0 0.032790 0.104323 0.033867 0.030454
0 0.227457 0.958334 0.028811 0.025055
0 0.647441 0.650512 0.066653 0.052361
0 0.897324 0.008572 0.044506 0.017144