0 0.108875 0.551264 0.106394 0.088296
0 0.647120 0.810522 0.068989 0.055843
0 0.489538 0.655887 0.041417 0.034814
0 0.603412 0.008736 0.042529 0.017472
0 0.128503 0.851196 0.034839 0.027660
0 0.203230 0.986801 0.035277 0.026042
0 0.090934 0.393377 0.034867 0.029004
0 0.167283 0.092528 0.034395 0.029186
0 0.202945 0.608735 0.152714 0.123210
0 0.518661 0.152726 0.034402 0.027653
0 0.326633 0.212965 0.033745 0.026560
0 0.134561 0.709441 0.033344 0.026576
0 0.750860 0.474397 0.034327 0.027398
0 0.395840 0.727856 0.036876 0.030200
0 0.519896 0.007223 0.033455 0.014446
0 0.010544 0.092392 0.020643 0.031243
0 0.431042 0.359005 0.029572 0.024255
0 0.875711 0.847826 0.030577 0.027193
0 0.017243 0.795182 0.029625 0.025726
0 0.902420 0.633445 0.046781 0.041866
0 0.473774 0.687251 0.038958 0.032627
0 0.049218 0.768819 0.031886 0.028763