0 0.159698 0.555058 0.107637 0.103427
0 0.068687 0.244055 0.055546 0.054133
0 0.108050 0.073705 0.045229 0.044779
0 0.269113 0.211262 0.059289 0.058026
0 0.401958 0.225260 0.044009 0.044862
0 0.093116 0.142086 0.037326 0.037506
0 0.490220 0.184971 0.053366 0.052627
0 0.263269 0.624972 0.032745 0.032151
0 0.971863 0.838022 0.056274 0.118005
0 0.528514 0.813510 0.038225 0.037985
0 0.552935 0.774730 0.035398 0.034826
0 0.484544 0.422744 0.072769 0.071339
0 0.820113 0.716569 0.030584 0.029862
0 0.364937 0.752288 0.168340 0.161949
0 0.289822 0.978764 0.053793 0.042472
0 0.714927 0.483743 0.032430 0.030878
0 0.313942 0.905739 0.042186 0.040297
0 0.856007 0.243586 0.035142 0.034432
0 0.135455 0.350699 0.091922 0.092084
0 0.476984 0.607172 0.188488 0.190750
0 0.691321 0.150098 0.038556 0.038199
0 0.585708 0.115850 0.023526 0.023145
0 0.045327 0.344390 0.031165 0.030349
0 0.480232 0.319073 0.030552 0.030543
0 0.293778 0.932542 0.033716 0.033041
0 0.344351 0.202834 0.028551 0.028530
0 0.709752 0.578081 0.046804 0.044752
0 0.580722 0.379568 0.146007 0.141071
0 0.862960 0.385691 0.272339 0.306602
0 0.263155 0.626410 0.243033 0.217220
0 0.570729 0.182648 0.025251 0.024546
0 0.348725 0.535200 0.028667 0.028796
0 0.229624 0.116760 0.054296 0.055655
0 0.362867 0.450760 0.030528 0.030537
0 0.301886 0.146062 0.030355 0.029101
0 0.737749 0.833774 0.029519 0.028245
0 0.870308 0.199910 0.064785 0.060119
0 0.170341 0.965782 0.024532 0.024232
0 0.563406 0.834870 0.026699 0.026713
0 0.052510 0.833509 0.029963 0.028941
0 0.820973 0.747723 0.353957 0.494498
0 0.109691 0.110491 0.031578 0.031293
0 0.198450 0.453345 0.029600 0.029460
0 0.859882 0.439846 0.275907 0.439046
0 0.932803 0.972206 0.024356 0.025446
0 0.302126 0.962664 0.043899 0.042451
0 0.922191 0.798453 0.046589 0.046155
0 0.216286 0.297492 0.030182 0.029151
0 0.640995 0.885405 0.060964 0.058300
0 0.925390 0.838265 0.035807 0.034614
0 0.350237 0.486334 0.028471 0.028360
0 0.965870 0.295116 0.068259 0.099938
0 0.434706 0.272936 0.035761 0.035538
0 0.616353 0.496741 0.078498 0.079500