0 0.026996 0.797383 0.049709 0.044231
0 0.965592 0.666157 0.068816 0.063058
0 0.757536 0.351516 0.046220 0.036982
0 0.686356 0.638429 0.103777 0.083188
0 0.930019 0.755555 0.050219 0.038233
0 0.355083 0.385772 0.044271 0.036201
0 0.431610 0.132088 0.031132 0.028177
0 0.611762 0.719173 0.072712 0.060950
0 0.946027 0.834804 0.059590 0.046583
0 0.859323 0.716252 0.041619 0.033261
0 0.263735 0.642522 0.042705 0.033766
0 0.943270 0.715583 0.047316 0.036832
0 0.728121 0.825385 0.044983 0.033954
0 0.638907 0.510277 0.088754 0.076934
0 0.282747 0.630438 0.087779 0.071281
0 0.616933 0.018130 0.058886 0.036260
0 0.626229 0.984503 0.058177 0.030995
0 0.259958 0.103671 0.083610 0.067607
0 0.680310 0.567722 0.083071 0.067617
0 0.292483 0.275066 0.031635 0.027681
0 0.578637 0.495222 0.048175 0.040628
0 0.337854 0.317713 0.076699 0.062039
0 0.707950 0.686136 0.074151 0.062056
0 0.273847 0.838836 0.053027 0.046676
0 0.526882 0.232947 0.121959 0.095974
0 0.885901 0.230349 0.129345 0.104465
0 0.543674 0.051767 0.050562 0.042477
0 0.100113 0.382397 0.047215 0.038840
0 0.464264 0.085972 0.046295 0.035576
0 0.487992 0.966407 0.091772 0.067027
0 0.711033 0.697032 0.074817 0.061715
0 0.787917 0.931355 0.069545 0.053591
0 0.778123 0.927791 0.051132 0.040847
0 0.713115 0.707132 0.070460 0.056968
0 0.118740 0.141650 0.048274 0.044173
0 0.266219 0.907528 0.026328 0.024509
0 0.165459 0.821241 0.029869 0.027563