0 0.445093 0.581753 0.112936 0.100981
0 0.503219 0.460273 0.042881 0.038288
0 0.826378 0.852841 0.036635 0.034442
0 0.127843 0.889187 0.254718 0.221625
0 0.652630 0.091676 0.112825 0.103140
0 0.543187 0.133817 0.101315 0.094969
0 0.292243 0.444492 0.054035 0.043544
0 0.721286 0.895853 0.374177 0.208294
0 0.065405 0.721594 0.130810 0.154103
0 0.245543 0.775416 0.036459 0.034445
0 0.668816 0.675880 0.044373 0.040450
0 0.302631 0.666159 0.054420 0.050195
0 0.331612 0.756626 0.040238 0.038147
0 0.866047 0.879994 0.032390 0.029334
0 0.012222 0.637832 0.024443 0.095383
0 0.260865 0.643789 0.033283 0.030633
0 0.488409 0.397750 0.048782 0.043096
0 0.676271 0.554958 0.054135 0.048586
0 0.595963 0.803587 0.029444 0.026340
0 0.432320 0.808738 0.032031 0.028217
0 0.117886 0.583623 0.041197 0.036616
0 0.686387 0.308286 0.086821 0.075811
0 0.990649 0.347655 0.018702 0.050124
0 0.396484 0.064651 0.052337 0.047819
0 0.517683 0.647021 0.038031 0.035553
0 0.380511 0.886318 0.031909 0.030670
0 0.316371 0.700771 0.039596 0.034816
0 0.867236 0.180007 0.044606 0.043725
0 0.352121 0.900398 0.033899 0.031630
0 0.673746 0.942834 0.026695 0.024920
0 0.819532 0.215184 0.031996 0.031683
0 0.246763 0.112830 0.090958 0.083015
0 0.039590 0.397361 0.060190 0.054010
0 0.851181 0.014892 0.036790 0.029784
0 0.231909 0.442680 0.029961 0.026503
0 0.910169 0.810405 0.058253 0.053103
0 0.724526 0.127955 0.191606 0.201918
0 0.913150 0.804280 0.051241 0.047684
0 0.451163 0.050804 0.253246 0.101607
0 0.895494 0.270905 0.113158 0.110262
0 0.039616 0.592356 0.027519 0.027342
0 0.700079 0.034424 0.079000 0.067469
0 0.147681 0.716048 0.037781 0.035325
0 0.708128 0.034432 0.133915 0.067880
0 0.456398 0.171146 0.113123 0.102878
0 0.956369 0.750929 0.033042 0.030829
0 0.769102 0.101507 0.100780 0.097747
0 0.025864 0.797732 0.039068 0.035687
0 0.956650 0.038023 0.079525 0.071730
0 0.551135 0.785219 0.032693 0.029742
0 0.278614 0.413612 0.057906 0.049578
0 0.893784 0.862043 0.037152 0.034401
0 0.281921 0.407590 0.057107 0.043652
0 0.018932 0.336573 0.034910 0.035447