0 0.359166 0.418282 0.062490 0.052876
0 0.633006 0.363971 0.046770 0.038382
0 0.199416 0.965263 0.138534 0.068802
0 0.292744 0.774454 0.040103 0.032920
0 0.403330 0.246334 0.036060 0.029816
0 0.017813 0.959828 0.035627 0.036777
0 0.106676 0.767986 0.037140 0.032652
0 0.494198 0.669444 0.036441 0.029982
0 0.368130 0.309516 0.034059 0.028613
0 0.058491 0.054924 0.045901 0.037965
0 0.282392 0.875336 0.047337 0.039581
0 0.910726 0.412880 0.103666 0.087206
0 0.317671 0.976716 0.115455 0.046382
0 0.291372 0.266220 0.033503 0.029668
0 0.338894 0.263216 0.032108 0.028057
0 0.582117 0.756184 0.029519 0.024638