0 0.856758 0.411278 0.040243 0.038493
0 0.061324 0.254435 0.037746 0.036684
0 0.920640 0.607258 0.044447 0.042587
0 0.859190 0.519724 0.039033 0.038488
0 0.973818 0.290793 0.052364 0.056961
0 0.195419 0.271328 0.033066 0.031152
0 0.719407 0.500648 0.034659 0.032606
0 0.122915 0.543796 0.032175 0.031194
0 0.647870 0.943260 0.030101 0.030057
0 0.289235 0.649268 0.033851 0.032365
0 0.922583 0.126429 0.032880 0.030806
0 0.690046 0.427407 0.027509 0.027074
0 0.289687 0.512621 0.028585 0.028115
0 0.902691 0.454792 0.030271 0.029960
0 0.254896 0.322489 0.028896 0.027613
0 0.121712 0.845306 0.027963 0.027070
0 0.270890 0.259103 0.027467 0.026722
0 0.262890 0.641833 0.025847 0.025678
0 0.952364 0.110990 0.030742 0.029867
0 0.778747 0.799331 0.028035 0.027213
0 0.065409 0.838888 0.028075 0.026585
0 0.148495 0.934983 0.026433 0.025260
0 0.921360 0.108510 0.037401 0.037823
0 0.988856 0.671968 0.021779 0.026061
0 0.810079 0.834825 0.027036 0.026799