0 0.821305 0.897751 0.204413 0.163764
0 0.584082 0.692001 0.094237 0.079926
0 0.265551 0.459297 0.035429 0.029250
0 0.485447 0.936507 0.193652 0.126985
0 0.949042 0.331704 0.079784 0.064269
0 0.930301 0.965138 0.139397 0.069723
0 0.506279 0.166540 0.092338 0.072804
0 0.481697 0.061638 0.080050 0.064414
0 0.123024 0.930016 0.074968 0.061670
0 0.626839 0.017366 0.077132 0.034601
0 0.048771 0.179760 0.097098 0.296462
0 0.171181 0.274311 0.036831 0.030201
0 0.652046 0.934528 0.035501 0.030257
0 0.724852 0.311182 0.044857 0.034835
0 0.319293 0.006713 0.063046 0.013315
0 0.821086 0.168968 0.352366 0.337935
0 0.091793 0.232257 0.051676 0.041850
0 0.159741 0.134653 0.040283 0.033063
0 0.472557 0.833900 0.063851 0.048613
0 0.695960 0.693092 0.032365 0.027802
0 0.530772 0.359154 0.058722 0.047807
0 0.073982 0.822317 0.032196 0.028185
0 0.731064 0.238416 0.046596 0.041034
0 0.473526 0.062682 0.062335 0.050692
0 0.976534 0.879182 0.046931 0.208001
0 0.421983 0.197847 0.088885 0.069827
0 0.117713 0.545806 0.031402 0.025830
0 0.778116 0.351738 0.055896 0.047151
0 0.542751 0.358500 0.081732 0.059329
0 0.609211 0.135698 0.060404 0.049460
0 0.023947 0.036919 0.045457 0.045260
0 0.562653 0.505342 0.030534 0.025770
0 0.366390 0.536929 0.674868 0.635863
0 0.110712 0.137981 0.055455 0.047346
0 0.475054 0.895527 0.124292 0.093966
0 0.107959 0.006830 0.059953 0.013431