0 0.835469 0.402253 0.087951 0.085763
0 0.195587 0.465516 0.059030 0.056350
0 0.519249 0.132751 0.045307 0.045799
0 0.499051 0.029160 0.075766 0.058296
0 0.199842 0.341159 0.104005 0.101930
0 0.741395 0.239424 0.089544 0.086475
0 0.761506 0.124342 0.057602 0.057151
0 0.184570 0.238380 0.260455 0.244940
0 0.437948 0.133836 0.035704 0.035517
0 0.338688 0.606740 0.219000 0.211413
0 0.574720 0.195562 0.062242 0.061625
0 0.873979 0.329195 0.036262 0.034682
0 0.969068 0.199934 0.053098 0.052281
0 0.264424 0.483504 0.036567 0.035804
0 0.841673 0.308427 0.032140 0.031111
0 0.481428 0.753475 0.031809 0.029909
0 0.051958 0.316497 0.063676 0.062496
0 0.521534 0.185336 0.034085 0.032285
0 0.461799 0.778264 0.031287 0.030000
0 0.543512 0.043202 0.043296 0.043832
0 0.088303 0.085982 0.170492 0.163755
0 0.361436 0.451097 0.033823 0.031823
0 0.752382 0.490749 0.070272 0.070789
0 0.008676 0.603078 0.017352 0.051458
0 0.860047 0.650191 0.076444 0.074960
0 0.881864 0.159576 0.028921 0.027655
0 0.012580 0.341119 0.024948 0.032710
0 0.649767 0.144853 0.055964 0.057270
0 0.442685 0.073883 0.028838 0.027090
0 0.360413 0.704348 0.231747 0.200959
0 0.461782 0.626522 0.043715 0.044267
0 0.623136 0.180791 0.039741 0.038596
0 0.110689 0.022807 0.046305 0.042670
0 0.959270 0.138945 0.080075 0.103483
0 0.947135 0.138265 0.061396 0.065016
0 0.561538 0.420280 0.030697 0.030694
0 0.751540 0.073625 0.027682 0.027288
0 0.215198 0.081755 0.077323 0.072428
0 0.992616 0.179871 0.014768 0.034089
0 0.910579 0.346365 0.040788 0.040012
0 0.349915 0.648771 0.237003 0.279886
0 0.572118 0.529459 0.075218 0.076570
0 0.677141 0.561831 0.132637 0.123331
0 0.032332 0.567740 0.028715 0.027756