0 0.097612 0.462752 0.195224 0.244378
0 0.253305 0.577657 0.039735 0.039697
0 0.745321 0.643081 0.038857 0.037994
0 0.348505 0.213712 0.041522 0.040249
0 0.533489 0.377858 0.195939 0.188756
0 0.283387 0.878948 0.038405 0.037494
0 0.492132 0.577181 0.037795 0.036605
0 0.937872 0.225437 0.066174 0.061824
0 0.700168 0.696771 0.070900 0.069898
0 0.297127 0.978306 0.149669 0.043388
0 0.267365 0.238218 0.032755 0.030749
0 0.533033 0.985830 0.049274 0.028341
0 0.951765 0.730281 0.094053 0.337020
0 0.989870 0.470376 0.020259 0.036779
0 0.339392 0.262398 0.030410 0.030013
0 0.713126 0.100754 0.049067 0.048796
0 0.298048 0.505786 0.184461 0.194844
0 0.892677 0.959079 0.028333 0.027515
0 0.794880 0.087541 0.027245 0.027088
0 0.329381 0.865658 0.025725 0.025266
0 0.992131 0.331608 0.015739 0.041548
0 0.426039 0.559584 0.024467 0.023785
0 0.943982 0.405240 0.026244 0.025267
0 0.103919 0.314537 0.204438 0.244278
0 0.233023 0.403882 0.086296 0.086330
0 0.447023 0.141109 0.034189 0.033767
0 0.612284 0.049660 0.123551 0.099319
0 0.298996 0.135058 0.036275 0.034571
0 0.507434 0.602949 0.028138 0.026885