0 0.102730 0.087035 0.114949 0.110062
0 0.353350 0.513701 0.076159 0.075696
0 0.373017 0.036130 0.048793 0.047833
0 0.398529 0.783823 0.048102 0.047498
0 0.022361 0.163391 0.044722 0.053078
0 0.368748 0.594921 0.058126 0.056634
0 0.240844 0.518300 0.061227 0.060995
0 0.091112 0.746865 0.037542 0.035748
0 0.829021 0.896748 0.059231 0.056893
0 0.644785 0.019749 0.068991 0.039498
0 0.343491 0.934577 0.037508 0.037025
0 0.137446 0.300226 0.038710 0.037406
0 0.490789 0.452045 0.048130 0.047314
0 0.862594 0.396796 0.080699 0.079569
0 0.757319 0.629740 0.367429 0.394112
0 0.264217 0.323930 0.046459 0.045856
0 0.853217 0.937266 0.034990 0.033185
0 0.452463 0.755552 0.046768 0.044225
0 0.294744 0.423069 0.047936 0.046098
0 0.090774 0.016515 0.047452 0.033030
0 0.146578 0.017565 0.041223 0.034874
0 0.226217 0.016129 0.032544 0.030626
0 0.107564 0.238454 0.033727 0.033023
0 0.371306 0.150558 0.032583 0.031715
0 0.210906 0.344555 0.041438 0.040239
0 0.538378 0.313699 0.046683 0.045598
0 0.553460 0.101127 0.035327 0.034530
0 0.944765 0.577423 0.083673 0.079380
0 0.424158 0.422206 0.050006 0.049339
0 0.061209 0.813350 0.121169 0.120807
0 0.635773 0.265639 0.030340 0.030040
0 0.040955 0.233583 0.033577 0.033433
0 0.592824 0.906981 0.291279 0.186037
0 0.457912 0.034506 0.035572 0.034484
0 0.615892 0.386224 0.046201 0.046365
0 0.551935 0.149609 0.037385 0.036216
0 0.216920 0.194115 0.082809 0.083537
0 0.244625 0.432507 0.045248 0.044053
0 0.381158 0.414560 0.084595 0.082560
0 0.075713 0.492600 0.048429 0.046983
0 0.913872 0.186747 0.031329 0.030791
0 0.126689 0.529704 0.041725 0.041087
0 0.487178 0.655566 0.039238 0.037557
0 0.263330 0.083266 0.025608 0.025648
0 0.475587 0.010471 0.030295 0.020441
0 0.224553 0.098836 0.026999 0.026399
0 0.352510 0.662316 0.050142 0.047706
0 0.405463 0.942350 0.040640 0.039547
0 0.147407 0.660843 0.294815 0.393998
0 0.740450 0.422106 0.032994 0.032904
0 0.263780 0.474618 0.030436 0.030353
0 0.433477 0.658271 0.056475 0.055442
0 0.475662 0.512968 0.067314 0.069625
0 0.705548 0.137342 0.023335 0.023368
0 0.035637 0.206959 0.025621 0.024843
0 0.035870 0.568270 0.027322 0.026916
0 0.450130 0.689280 0.096179 0.092753
0 0.105598 0.875593 0.211195 0.246118
0 0.286776 0.739077 0.036875 0.035430
0 0.484563 0.211364 0.032185 0.030647
0 0.061035 0.470383 0.026971 0.026837
0 0.618250 0.201194 0.141564 0.144669
0 0.907088 0.230770 0.152362 0.139326
0 0.867289 0.246340 0.082116 0.082864
0 0.325022 0.379106 0.056975 0.058448
0 0.312284 0.044242 0.095377 0.086698
0 0.412268 0.628266 0.040211 0.039625
0 0.824472 0.079484 0.020110 0.020102
0 0.789939 0.086102 0.047071 0.047672
0 0.070865 0.491823 0.057144 0.056507
0 0.379521 0.340595 0.025265 0.024865
0 0.106258 0.464098 0.026432 0.026322
0 0.311071 0.954570 0.025806 0.025093
0 0.397092 0.484454 0.027601 0.026919
0 0.542913 0.668073 0.078980 0.075603
0 0.762238 0.754712 0.198276 0.191629
0 0.382844 0.440599 0.039074 0.038437
0 0.810182 0.351833 0.049914 0.049725
0 0.014765 0.250640 0.028403 0.035713
0 0.048230 0.891281 0.096400 0.127697
0 0.494015 0.093407 0.023057 0.022592
0 0.985896 0.335056 0.027911 0.115425
0 0.069615 0.376568 0.032025 0.031474