0 0.527143 0.517561 0.148694 0.139256
0 0.118769 0.131357 0.091851 0.084763
0 0.714615 0.415686 0.069510 0.067443
0 0.780783 0.176043 0.046393 0.046371
0 0.026149 0.908920 0.052298 0.058819
0 0.775443 0.134108 0.045898 0.043814
0 0.083738 0.468295 0.167476 0.225591
0 0.939014 0.621638 0.033547 0.031184
0 0.672588 0.327244 0.035234 0.032792
0 0.725130 0.831886 0.549739 0.336227
0 0.123149 0.052696 0.030186 0.028507
0 0.957812 0.174422 0.030818 0.030517
0 0.333269 0.291399 0.028790 0.027067
0 0.762410 0.048274 0.040550 0.039369
0 0.236525 0.034088 0.027834 0.026894
0 0.991235 0.882030 0.017529 0.047544
0 0.306716 0.091796 0.075017 0.075140
0 0.289132 0.991048 0.065062 0.017377
0 0.728313 0.481508 0.063267 0.060279
0 0.971794 0.339464 0.024583 0.023920
0 0.445383 0.045054 0.027230 0.026380
0 0.325121 0.054612 0.064127 0.060252
0 0.890147 0.569051 0.026235 0.025106
0 0.918619 0.020051 0.030218 0.027574
0 0.266176 0.787684 0.251113 0.207583
0 0.654671 0.522505 0.039146 0.036332
0 0.980543 0.524493 0.029685 0.028467
0 0.267023 0.629303 0.052892 0.047196
0 0.159764 0.434002 0.026260 0.024585