0 0.506668 0.216351 0.238343 0.206941
0 0.839412 0.255339 0.075774 0.067121
0 0.952844 0.764598 0.058738 0.052606
0 0.516147 0.032599 0.045467 0.040040
0 0.407996 0.161161 0.041887 0.035387
0 0.474117 0.082416 0.095062 0.081408
0 0.094179 0.178335 0.051923 0.044752
0 0.589030 0.483880 0.042797 0.035621
0 0.099226 0.345785 0.034963 0.031338
0 0.638974 0.039038 0.039258 0.032153
0 0.388413 0.713240 0.041419 0.035647
0 0.422191 0.835118 0.039186 0.034758
0 0.282377 0.942835 0.106350 0.096384
0 0.012907 0.023208 0.025252 0.028264
0 0.358240 0.319427 0.033812 0.028602
0 0.804919 0.694350 0.037725 0.032561
0 0.575838 0.797996 0.036654 0.032317
0 0.280399 0.809332 0.051101 0.045071
0 0.767660 0.817546 0.044688 0.037118
0 0.007122 0.115196 0.014244 0.056615
0 0.691373 0.197019 0.161921 0.133302
0 0.659874 0.936951 0.042433 0.034667
0 0.906042 0.781571 0.185090 0.345344
0 0.629949 0.379910 0.036676 0.033197
0 0.370355 0.419540 0.131853 0.106368
0 0.211951 0.745995 0.169034 0.152037
0 0.474854 0.015240 0.066323 0.030023
0 0.145116 0.368390 0.287688 0.349999
0 0.037836 0.628729 0.075672 0.121414
0 0.952757 0.289560 0.092205 0.080342
0 0.119275 0.908021 0.114701 0.093892
0 0.102456 0.913762 0.080664 0.070327
0 0.577360 0.305755 0.073729 0.063094
0 0.671254 0.200336 0.126650 0.101218
0 0.226113 0.853925 0.118485 0.106311
0 0.170792 0.015008 0.074985 0.029550
0 0.142138 0.548992 0.027616 0.026539
0 0.248934 0.737099 0.082885 0.071644
0 0.013094 0.294061 0.024160 0.022918
0 0.970286 0.439832 0.029217 0.027122