0 0.230573 0.436207 0.198009 0.150348
0 0.788266 0.630050 0.064178 0.046228
0 0.382043 0.794703 0.059947 0.043104
0 0.937218 0.587402 0.123318 0.135259
0 0.870544 0.639534 0.071770 0.051311
0 0.389509 0.937990 0.041474 0.029447
0 0.762031 0.706002 0.050389 0.035798
0 0.092448 0.810830 0.097909 0.072619
0 0.833471 0.162110 0.195650 0.141300
0 0.468277 0.958154 0.067395 0.052079
0 0.467737 0.060391 0.041980 0.033112
0 0.335353 0.493123 0.044750 0.034114
0 0.257157 0.757041 0.082182 0.059142
0 0.912331 0.306128 0.037262 0.027395
0 0.822211 0.542849 0.038265 0.030720
0 0.849804 0.463590 0.051184 0.038594
0 0.434768 0.242334 0.094336 0.069928
0 0.905971 0.933736 0.049184 0.038252
0 0.773809 0.247675 0.047968 0.033804
0 0.389141 0.183555 0.146723 0.100599
0 0.946044 0.423289 0.107139 0.192569
0 0.522937 0.210675 0.093995 0.072630
0 0.640731 0.414663 0.039402 0.027597
0 0.405338 0.828987 0.050665 0.040409
0 0.667925 0.082866 0.040706 0.030439
0 0.035562 0.435483 0.071053 0.090685
0 0.418870 0.174502 0.085954 0.067722
0 0.975848 0.289592 0.048303 0.076177
0 0.789802 0.307404 0.034210 0.026729
0 0.192761 0.806967 0.039996 0.027829
0 0.497618 0.654714 0.049295 0.035979
0 0.403714 0.175270 0.120664 0.075696
0 0.972000 0.506338 0.055999 0.046992
0 0.645680 0.347380 0.084398 0.059494
0 0.585120 0.872391 0.043834 0.032688
0 0.619920 0.216336 0.258504 0.214751
0 0.490452 0.704733 0.056523 0.041927
0 0.775210 0.053532 0.142443 0.105656
0 0.105876 0.476522 0.036376 0.028744
0 0.257402 0.221908 0.129069 0.098428
0 0.488213 0.922074 0.039981 0.030277
0 0.344773 0.647741 0.044397 0.031821
0 0.622622 0.555620 0.066895 0.049848