0 0.147020 0.096388 0.059759 0.057814
0 0.926492 0.778910 0.089318 0.084153
0 0.439385 0.915157 0.105084 0.099690
0 0.660370 0.973384 0.083775 0.053187
0 0.795700 0.224209 0.138728 0.136973
0 0.513635 0.978977 0.050141 0.042046
0 0.837373 0.059275 0.032269 0.031701
0 0.593713 0.438266 0.149264 0.150220
0 0.289096 0.498203 0.430391 0.478342
0 0.887994 0.187928 0.043312 0.042367
0 0.273694 0.198117 0.109029 0.105942
0 0.431407 0.381962 0.054154 0.050837
0 0.940556 0.280101 0.040153 0.038060
0 0.858892 0.591597 0.038374 0.036690
0 0.452889 0.841274 0.045608 0.044378
0 0.139577 0.023887 0.057653 0.047627
0 0.222341 0.926927 0.031604 0.030626
0 0.681599 0.758857 0.198491 0.188103
0 0.676879 0.304748 0.053878 0.052940
0 0.476507 0.731303 0.058493 0.056758
0 0.230029 0.147528 0.089707 0.087709
0 0.916947 0.498860 0.070153 0.068848
0 0.645775 0.154167 0.029882 0.029324
0 0.617327 0.284444 0.077923 0.076499
0 0.425027 0.309613 0.047327 0.045486
0 0.270589 0.027302 0.106122 0.054478
0 0.740626 0.128398 0.035953 0.034690
0 0.430641 0.571568 0.105886 0.104043
0 0.886160 0.368247 0.060479 0.059954
0 0.560027 0.982159 0.053010 0.035681
0 0.814375 0.421797 0.030330 0.030412
0 0.045751 0.955887 0.028218 0.030294
0 0.424407 0.036754 0.202092 0.073508
0 0.114580 0.453379 0.050940 0.049228
0 0.293663 0.766498 0.029129 0.029025
0 0.088229 0.060160 0.029396 0.028744
0 0.759221 0.868981 0.066849 0.062891
0 0.934455 0.370997 0.036897 0.036043
0 0.069920 0.170839 0.036570 0.036364
0 0.691801 0.601225 0.025563 0.025562
0 0.542067 0.013450 0.038585 0.026901
0 0.575222 0.657775 0.028891 0.028418
0 0.590618 0.016397 0.026973 0.026264
0 0.589294 0.684737 0.036865 0.035375
0 0.249137 0.911199 0.029068 0.028863
0 0.574153 0.034278 0.031907 0.030654
0 0.560497 0.733603 0.030136 0.030287
0 0.846932 0.201827 0.031028 0.029710
0 0.412725 0.074078 0.220644 0.148031
0 0.386187 0.168367 0.125898 0.118240
0 0.257742 0.987095 0.041358 0.025810
0 0.370394 0.510926 0.032709 0.032540
0 0.066010 0.269219 0.030070 0.030232
0 0.858810 0.562894 0.026814 0.025986
0 0.279961 0.327575 0.034458 0.032514
0 0.286983 0.801028 0.025411 0.025454
0 0.388713 0.102860 0.276219 0.202607
0 0.482516 0.066320 0.058528 0.055615
0 0.744861 0.105115 0.023584 0.022917
0 0.819328 0.930651 0.030289 0.028310