0 0.157788 0.940847 0.068137 0.065759
0 0.532348 0.257941 0.054634 0.051043
0 0.584727 0.132555 0.078045 0.072827
0 0.856983 0.849594 0.042259 0.041098
0 0.505209 0.547645 0.091400 0.084048
0 0.509044 0.135675 0.033397 0.030729
0 0.869123 0.222434 0.033943 0.033088
0 0.380013 0.777518 0.035850 0.033245
0 0.195391 0.069336 0.033717 0.032205
0 0.191925 0.635122 0.048448 0.045334
0 0.076729 0.776494 0.116606 0.111182
0 0.321031 0.721970 0.043557 0.040896
0 0.733491 0.403869 0.033136 0.031062
0 0.257297 0.328144 0.044326 0.042786
0 0.131785 0.899261 0.050644 0.047404
0 0.248480 0.936471 0.034006 0.032351
0 0.785123 0.968492 0.027931 0.026365
0 0.792810 0.660655 0.031070 0.028228
0 0.952864 0.405960 0.060296 0.056661
0 0.171037 0.428519 0.342075 0.379721
0 0.868769 0.692635 0.047135 0.042343
0 0.908368 0.674110 0.038878 0.034693
0 0.912797 0.869246 0.027367 0.025638
0 0.439804 0.687909 0.057551 0.055406
0 0.850695 0.820592 0.060054 0.056527
0 0.685300 0.762539 0.033033 0.031109
0 0.304014 0.791705 0.036442 0.034898
0 0.436109 0.630504 0.047310 0.045616
0 0.220835 0.858114 0.031444 0.029450
0 0.484876 0.681109 0.037251 0.034397
0 0.275993 0.640461 0.050251 0.047838
0 0.296806 0.614688 0.039832 0.038587
0 0.565723 0.778647 0.035543 0.033528
0 0.060352 0.942161 0.119862 0.115645
0 0.326174 0.546812 0.055150 0.052276
0 0.955655 0.684630 0.050737 0.047297
0 0.530341 0.320332 0.029118 0.027464
0 0.265679 0.713449 0.032076 0.028217
0 0.614652 0.735211 0.026987 0.025038
0 0.941245 0.635751 0.046732 0.042077
0 0.827622 0.749413 0.024497 0.023195
0 0.782562 0.759570 0.068081 0.066210
0 0.730561 0.107133 0.027229 0.026283
0 0.349533 0.887181 0.027698 0.026639
0 0.223896 0.947761 0.026437 0.023685
0 0.246185 0.616490 0.041604 0.038071
0 0.659769 0.530470 0.025959 0.025064
0 0.364897 0.458802 0.026725 0.025114
0 0.597767 0.020913 0.072587 0.041826
0 0.041133 0.770132 0.052765 0.051292
0 0.375243 0.830630 0.026992 0.026043
0 0.619300 0.018707 0.122386 0.037414
0 0.250108 0.612770 0.043991 0.039889
0 0.030213 0.025420 0.060426 0.050696
0 0.082102 0.688490 0.089921 0.082194
0 0.359989 0.592214 0.045269 0.042021
0 0.258786 0.598286 0.040033 0.038262
0 0.100396 0.605095 0.030580 0.028591