0 0.902153 0.093326 0.103582 0.085642
0 0.331192 0.202762 0.127557 0.105042
0 0.037377 0.197640 0.043315 0.035094
0 0.480569 0.792916 0.047567 0.037797
0 0.061991 0.782695 0.049564 0.040888
0 0.033891 0.722799 0.067168 0.059511
0 0.580513 0.013787 0.043283 0.027574
0 0.411272 0.726064 0.030972 0.027346
0 0.115099 0.926948 0.049375 0.040174
0 0.647775 0.064390 0.160925 0.128781
0 0.430387 0.899776 0.044351 0.037356
0 0.040092 0.865969 0.027230 0.025865
0 0.175332 0.123364 0.087241 0.072180
0 0.690959 0.005451 0.030282 0.010901
0 0.279862 0.861315 0.038313 0.029611
0 0.961547 0.356370 0.076906 0.070195
0 0.191157 0.937888 0.220586 0.124223