0 0.604039 0.784381 0.055488 0.054877
0 0.132456 0.931915 0.158487 0.136169
0 0.140914 0.476231 0.046949 0.045681
0 0.497164 0.256734 0.055904 0.055806
0 0.016720 0.021976 0.022868 0.022730
0 0.119356 0.526353 0.039205 0.038000
0 0.464356 0.376512 0.031349 0.030352
0 0.479567 0.301681 0.042954 0.040820
0 0.167824 0.382352 0.037399 0.036000
0 0.770579 0.391167 0.035594 0.034777
0 0.146702 0.193701 0.023473 0.023031
0 0.679263 0.011718 0.030589 0.023437
0 0.052060 0.802957 0.029167 0.029071
0 0.159215 0.122939 0.021428 0.021492
0 0.208807 0.110136 0.026001 0.025867
0 0.081646 0.449882 0.029523 0.029250
0 0.086473 0.031437 0.018742 0.018540
0 0.937031 0.619866 0.023612 0.022802
0 0.866995 0.684949 0.023241 0.023124
0 0.214153 0.152131 0.028393 0.027923
0 0.925933 0.359424 0.033131 0.032685
0 0.235029 0.275465 0.026516 0.025410
0 0.297128 0.176141 0.026897 0.027131
0 0.774295 0.927392 0.023290 0.022801
0 0.611137 0.887677 0.024538 0.024622
0 0.963241 0.152192 0.027029 0.027448
0 0.925627 0.991931 0.018814 0.015933
0 0.958196 0.276906 0.027811 0.028081
0 0.353427 0.259241 0.031394 0.031647
0 0.904689 0.393635 0.038000 0.037336
0 0.320119 0.128402 0.023359 0.023040
0 0.530718 0.442941 0.040007 0.038568