0 0.142769 0.739278 0.267666 0.248702
0 0.461177 0.842317 0.064621 0.059832
0 0.912404 0.112447 0.041775 0.037089
0 0.509013 0.950767 0.057889 0.052388
0 0.037202 0.333806 0.074404 0.096728
0 0.400794 0.789626 0.044304 0.041292
0 0.141464 0.905673 0.031868 0.028621
0 0.882632 0.135912 0.033570 0.030537
0 0.933169 0.921117 0.101636 0.094881
0 0.204567 0.585781 0.032505 0.030491
0 0.768498 0.737766 0.034562 0.032552
0 0.513285 0.027644 0.085899 0.054945
0 0.879982 0.716897 0.031390 0.028808
0 0.968056 0.581559 0.038129 0.035925
0 0.673458 0.478243 0.030900 0.029177
0 0.974541 0.842241 0.030745 0.028464
0 0.256570 0.981992 0.054119 0.036015
0 0.135266 0.608945 0.035832 0.034229
0 0.322357 0.386297 0.029030 0.027196
0 0.015268 0.281600 0.030369 0.039398
0 0.516843 0.715886 0.032680 0.028818
0 0.340531 0.008027 0.031514 0.016053
0 0.748029 0.690738 0.030784 0.029512
0 0.919595 0.458167 0.041229 0.040746
0 0.270995 0.887269 0.095003 0.084112
0 0.338489 0.665030 0.181513 0.186028
0 0.388263 0.214970 0.237629 0.222940
0 0.341844 0.505159 0.026745 0.025349
0 0.060696 0.072080 0.120630 0.143731
0 0.082375 0.438658 0.142252 0.130839
0 0.952634 0.861352 0.035542 0.032481
0 0.298321 0.825004 0.082382 0.077004
0 0.312520 0.474284 0.027386 0.026456
0 0.227179 0.360644 0.026905 0.024688
0 0.524711 0.879012 0.028397 0.025994
0 0.136563 0.243633 0.027374 0.025391
0 0.407081 0.081368 0.179997 0.161439
0 0.776883 0.767880 0.026593 0.024222
0 0.394716 0.060429 0.026812 0.026076
0 0.178448 0.944413 0.029004 0.026256
0 0.344832 0.864173 0.046358 0.043214
0 0.615081 0.172850 0.097413 0.093616
0 0.761919 0.590508 0.024959 0.024541
0 0.038058 0.927293 0.076115 0.125777
0 0.009587 0.195780 0.018842 0.023719
0 0.802538 0.287932 0.030838 0.030333
0 0.243401 0.054616 0.048283 0.041969
0 0.119256 0.849393 0.042956 0.037309