0 0.415751 0.283128 0.050829 0.041174
0 0.077097 0.737354 0.153391 0.213449
0 0.638314 0.708204 0.041879 0.034474
0 0.805751 0.834011 0.046583 0.037060
0 0.193874 0.684791 0.040517 0.030707
0 0.612029 0.406283 0.032883 0.027571
0 0.679399 0.442537 0.034020 0.027815
0 0.917430 0.817072 0.103247 0.084771
0 0.250877 0.024978 0.031314 0.023963
0 0.715710 0.331297 0.035509 0.024576
0 0.974822 0.520703 0.026527 0.024464
0 0.485817 0.408369 0.036223 0.032978
0 0.292159 0.311735 0.030606 0.025395
0 0.830968 0.812734 0.033312 0.027516
0 0.474572 0.442733 0.029868 0.027579
0 0.428470 0.209512 0.061906 0.046590
0 0.986955 0.746668 0.025793 0.025002