0 0.406777 0.493586 0.340663 0.299408
0 0.813898 0.654356 0.036819 0.035575
0 0.616945 0.739179 0.029216 0.028442
0 0.655470 0.242051 0.035834 0.033521
0 0.983022 0.715462 0.027098 0.026525
0 0.815063 0.109314 0.023904 0.023296
0 0.648709 0.693127 0.046115 0.044101
0 0.765929 0.765269 0.020645 0.020314
0 0.024747 0.030071 0.049493 0.056757
0 0.081851 0.125685 0.035020 0.031307
0 0.209741 0.118662 0.261962 0.223433
0 0.708496 0.132673 0.078249 0.073155
0 0.811274 0.946534 0.022430 0.022087
0 0.772320 0.969811 0.110393 0.060378
0 0.936791 0.624016 0.107399 0.100188
0 0.804276 0.194492 0.084357 0.081142
0 0.037358 0.789282 0.074716 0.218012
0 0.736118 0.922915 0.021060 0.020671
0 0.238296 0.188031 0.128766 0.112567
0 0.805998 0.321891 0.119300 0.111572
0 0.130108 0.162181 0.037281 0.032514
0 0.790830 0.244269 0.033764 0.033429
0 0.576621 0.726360 0.018151 0.018054
0 0.881453 0.024462 0.134372 0.048676
0 0.559949 0.165689 0.123152 0.112745
0 0.262822 0.292263 0.038904 0.033414
0 0.932308 0.348999 0.064723 0.062631
0 0.795370 0.487559 0.020514 0.020474