0 0.371111 0.021531 0.035473 0.034618
0 0.468164 0.488885 0.109395 0.107553
0 0.635666 0.263976 0.034621 0.033509
0 0.149969 0.416508 0.040975 0.038968
0 0.732825 0.034781 0.033760 0.032435
0 0.534047 0.331487 0.036049 0.035209
0 0.509590 0.022036 0.032646 0.032570
0 0.782479 0.098824 0.031556 0.030014
0 0.062191 0.443509 0.035030 0.034923
0 0.263412 0.937284 0.031021 0.030602
0 0.278741 0.626046 0.068500 0.068154
0 0.107630 0.718839 0.061359 0.061720
0 0.320771 0.475253 0.030921 0.030394
0 0.279000 0.209009 0.053519 0.055570
0 0.022672 0.432197 0.045344 0.055356
0 0.934173 0.669263 0.119735 0.109240
0 0.705362 0.901674 0.087123 0.086705
0 0.445877 0.464642 0.030459 0.029573
0 0.097483 0.415415 0.030090 0.028696
0 0.379829 0.953483 0.097695 0.092042
0 0.365219 0.222785 0.026084 0.025473
0 0.968503 0.868978 0.062605 0.217973
0 0.958425 0.429027 0.032888 0.031437
0 0.522431 0.895059 0.090440 0.086257
0 0.282669 0.584768 0.026214 0.026022
0 0.955016 0.558010 0.046465 0.046058
0 0.342154 0.104479 0.041774 0.040873
0 0.825175 0.130753 0.030006 0.029204
0 0.680181 0.411489 0.048076 0.047209
0 0.681382 0.773705 0.176588 0.166302
0 0.663395 0.339786 0.028525 0.027378
0 0.872452 0.015602 0.058276 0.031067
0 0.372453 0.260413 0.025706 0.025144
0 0.456077 0.244014 0.028926 0.027790
0 0.490903 0.306372 0.028249 0.027912
0 0.477626 0.228005 0.026073 0.025554
0 0.432134 0.874197 0.105836 0.099815
0 0.269400 0.962003 0.149104 0.075995
0 0.252285 0.839050 0.027557 0.026667
0 0.689290 0.042717 0.025331 0.024550
0 0.431494 0.487343 0.029993 0.028483
0 0.657075 0.545666 0.030912 0.028768
0 0.881462 0.456301 0.030123 0.030080
0 0.325179 0.212531 0.040189 0.038185
0 0.792054 0.906314 0.073936 0.067756
0 0.685184 0.962081 0.069725 0.068563
0 0.272217 0.033067 0.035420 0.035041
0 0.214081 0.497983 0.059680 0.057964
0 0.940926 0.468276 0.060961 0.057830
0 0.229236 0.810064 0.026779 0.026295
0 0.653831 0.836121 0.082831 0.078991
0 0.197132 0.057762 0.066197 0.066075
0 0.466299 0.780695 0.064777 0.063070
0 0.324505 0.466424 0.030398 0.030470
0 0.833917 0.693174 0.085313 0.079153