0 0.435698 0.746629 0.076506 0.060458
0 0.722814 0.953431 0.048228 0.041659
0 0.676117 0.635869 0.040083 0.030689
0 0.350398 0.552565 0.044476 0.037977
0 0.282379 0.927399 0.038929 0.032182
0 0.516494 0.840390 0.048899 0.037385
0 0.674161 0.188815 0.041409 0.030475
0 0.101826 0.505442 0.039486 0.031077
0 0.141587 0.492147 0.042562 0.035005
0 0.945335 0.860920 0.033823 0.029431
0 0.552307 0.821602 0.038857 0.030169
0 0.159284 0.283756 0.033442 0.025635
0 0.637344 0.643142 0.037561 0.026176
0 0.305716 0.244909 0.066981 0.046502
0 0.133755 0.955258 0.116189 0.089227
0 0.499083 0.442210 0.057697 0.046640
0 0.626178 0.633550 0.036524 0.028528
0 0.964459 0.837018 0.026899 0.023517
0 0.185913 0.148132 0.030286 0.026958
0 0.304379 0.359983 0.067766 0.045392
0 0.492031 0.068691 0.124206 0.094718