0 0.549906 0.766431 0.193083 0.173242
0 0.540353 0.462011 0.256458 0.239323
0 0.147899 0.469426 0.283695 0.269473
0 0.196479 0.719277 0.043188 0.042250
0 0.628864 0.297642 0.049857 0.047873
0 0.403157 0.400755 0.042776 0.039350
0 0.879615 0.813080 0.052959 0.049133
0 0.279904 0.926307 0.055003 0.052031
0 0.614187 0.545770 0.049960 0.046144
0 0.610106 0.897785 0.041152 0.035622
0 0.981329 0.183935 0.037342 0.060842
0 0.205926 0.234903 0.039919 0.036929
0 0.252463 0.788481 0.032295 0.030582
0 0.486071 0.055782 0.055446 0.052312
0 0.749961 0.161722 0.037837 0.035327
0 0.282094 0.690334 0.031317 0.029611
0 0.867839 0.426240 0.097431 0.085195
0 0.777842 0.742644 0.033240 0.031968
0 0.399561 0.179578 0.031712 0.030930
0 0.173888 0.906007 0.028452 0.028228
0 0.932497 0.598221 0.033721 0.030714
0 0.526223 0.941266 0.070343 0.064970
0 0.243772 0.603768 0.034368 0.031499
0 0.650933 0.161318 0.032127 0.030176
0 0.535474 0.263642 0.032630 0.030403
0 0.832144 0.073974 0.032626 0.030227
0 0.424087 0.300000 0.030287 0.028887
0 0.375324 0.806391 0.201458 0.173268
0 0.959125 0.454506 0.081751 0.086005
0 0.873542 0.858475 0.029160 0.028549
0 0.590051 0.289475 0.046892 0.045915
0 0.582024 0.006721 0.037643 0.013442
0 0.872362 0.345575 0.028450 0.027240
0 0.558867 0.369594 0.029977 0.029946
0 0.880211 0.405100 0.049387 0.041878
0 0.942065 0.924862 0.115870 0.150276
0 0.461985 0.362885 0.028858 0.028411
0 0.655952 0.193527 0.027407 0.025992
0 0.046633 0.067386 0.026753 0.025906
0 0.847885 0.427757 0.064777 0.061162
0 0.474421 0.234252 0.027850 0.026229
0 0.724213 0.217425 0.029379 0.029445
0 0.746612 0.131052 0.032180 0.029912
0 0.819318 0.098280 0.030752 0.028786
0 0.185087 0.568553 0.133615 0.121330
0 0.791368 0.366412 0.027788 0.026268