0 0.103610 0.636643 0.062797 0.054402
0 0.608219 0.533049 0.072126 0.066483
0 0.938101 0.280143 0.072355 0.067130
0 0.487682 0.569052 0.048127 0.042016
0 0.553260 0.350734 0.037826 0.033241
0 0.089934 0.713126 0.050281 0.043296
0 0.266940 0.038563 0.045425 0.037511
0 0.649417 0.491321 0.038256 0.034417
0 0.203075 0.948042 0.044035 0.039514
0 0.032990 0.156167 0.044104 0.036506
0 0.760014 0.722806 0.051978 0.049190
0 0.652184 0.269161 0.041993 0.037439
0 0.237961 0.436200 0.035610 0.033023
0 0.159309 0.273725 0.040471 0.035978
0 0.783831 0.942843 0.036737 0.034383
0 0.330342 0.687224 0.037190 0.034675
0 0.987024 0.108566 0.025953 0.044143
0 0.097553 0.034690 0.047484 0.041124
0 0.834975 0.884963 0.055707 0.052775
0 0.575569 0.301939 0.039646 0.036011
0 0.402863 0.181948 0.118933 0.103591
0 0.517064 0.219425 0.036873 0.033483
0 0.037459 0.487525 0.034923 0.032088
0 0.256956 0.370588 0.041556 0.036513
0 0.317791 0.144804 0.035123 0.031160
0 0.940012 0.586187 0.043810 0.042198
0 0.656724 0.562808 0.045452 0.042234
0 0.954937 0.961115 0.049995 0.046205
0 0.759077 0.199209 0.050040 0.047144
0 0.859695 0.602626 0.050916 0.045633
0 0.131837 0.599542 0.035819 0.031967
0 0.622568 0.580574 0.036759 0.034035
0 0.661037 0.614595 0.075482 0.067982
0 0.307636 0.295265 0.046130 0.038115
0 0.035961 0.248045 0.035549 0.031170
0 0.325669 0.871937 0.039519 0.035491
0 0.830481 0.241863 0.046003 0.041265
0 0.796677 0.613130 0.036009 0.035444
0 0.501868 0.426969 0.032365 0.028195
0 0.041616 0.325026 0.036863 0.033642
0 0.013345 0.316670 0.026360 0.036646
0 0.392367 0.017073 0.067174 0.033492
0 0.652921 0.011712 0.045901 0.023423
0 0.709686 0.498139 0.029848 0.027602
0 0.549623 0.246556 0.029572 0.027588
0 0.344105 0.961350 0.032938 0.030569
0 0.404803 0.910379 0.036291 0.034302
0 0.848642 0.149184 0.042035 0.038765
0 0.961451 0.450307 0.039647 0.039896
0 0.721908 0.086756 0.191060 0.168647
0 0.099064 0.256755 0.035832 0.030596
0 0.982959 0.673362 0.034082 0.039610
0 0.247277 0.216922 0.037197 0.033399
0 0.461792 0.059483 0.035085 0.031863
0 0.697162 0.588369 0.039334 0.036201
0 0.193112 0.434197 0.044920 0.038025
0 0.899707 0.064366 0.036924 0.035060
0 0.776733 0.045855 0.030027 0.027919
0 0.376405 0.425649 0.031020 0.027751
0 0.213886 0.208854 0.038781 0.033247
0 0.555003 0.045274 0.065534 0.060095
0 0.710182 0.313400 0.035586 0.033931
0 0.054811 0.461028 0.034562 0.030716
0 0.102683 0.224679 0.038018 0.031912
0 0.030934 0.592427 0.035450 0.032994
0 0.732977 0.597430 0.026700 0.025276
0 0.973432 0.878087 0.030462 0.028664
0 0.241344 0.615955 0.036706 0.033676
0 0.584013 0.228450 0.032656 0.029927
0 0.011007 0.451228 0.022015 0.030746
0 0.741755 0.666219 0.033053 0.031449
0 0.888135 0.010792 0.046048 0.021413
0 0.414108 0.555835 0.031033 0.029208
0 0.874255 0.092946 0.032787 0.031417
0 0.752364 0.178110 0.030168 0.027233
0 0.931295 0.080793 0.030692 0.027819
0 0.007209 0.150457 0.014418 0.047485
0 0.645461 0.657022 0.029435 0.027935
0 0.774299 0.335990 0.031257 0.030295
0 0.745315 0.122421 0.037736 0.036984
0 0.161171 0.642682 0.042090 0.039654
0 0.857830 0.524145 0.036680 0.037133
0 0.732860 0.855710 0.043340 0.040976
0 0.718069 0.005855 0.034734 0.011654
0 0.850268 0.427824 0.030135 0.029481
0 0.894243 0.579101 0.038067 0.036842
0 0.587837 0.251796 0.029534 0.028238
0 0.279751 0.350704 0.030253 0.027555
0 0.970208 0.493739 0.028350 0.027331
0 0.962875 0.456283 0.036593 0.036843
0 0.267444 0.790352 0.034410 0.031917
0 0.719898 0.336077 0.032814 0.030538
0 0.927869 0.456419 0.034693 0.034683
0 0.293343 0.402805 0.059783 0.052063