0 0.186649 0.923801 0.083091 0.084187
0 0.416213 0.782476 0.039671 0.039283
0 0.176312 0.426589 0.037132 0.036754
0 0.672959 0.023654 0.030252 0.029142
0 0.806096 0.031100 0.029651 0.029224
0 0.628305 0.214199 0.026389 0.026013
0 0.167571 0.826074 0.058364 0.056842
0 0.087498 0.159675 0.030911 0.030200
0 0.103734 0.892447 0.035868 0.034655
0 0.093173 0.058477 0.032171 0.031163
0 0.055904 0.802752 0.027106 0.026548
0 0.038264 0.319752 0.053105 0.052380
0 0.377450 0.153678 0.026905 0.026049
0 0.191169 0.181181 0.040608 0.039917
0 0.381834 0.352074 0.026952 0.025960
0 0.210218 0.827184 0.031001 0.031031
0 0.171414 0.243534 0.056859 0.055373
0 0.153283 0.299867 0.053731 0.051343
0 0.013642 0.215441 0.027284 0.041314
0 0.154310 0.019391 0.033699 0.033360
0 0.099661 0.948958 0.060333 0.061606
0 0.276610 0.781235 0.057422 0.057705
0 0.031425 0.728731 0.024127 0.023475
0 0.114709 0.185550 0.026409 0.025847
0 0.932363 0.993452 0.024915 0.013095
0 0.039167 0.944417 0.058152 0.057710
0 0.046551 0.351792 0.025083 0.024336
0 0.631658 0.928545 0.028119 0.028267
0 0.062724 0.148720 0.034734 0.034795
0 0.145482 0.871777 0.038410 0.037923
0 0.006171 0.760848 0.012343 0.040492