0 0.839443 0.832047 0.040342 0.039543
0 0.562264 0.627242 0.044356 0.041878
0 0.985746 0.607248 0.028509 0.072775
0 0.265638 0.894804 0.048283 0.043211
0 0.187176 0.132151 0.027873 0.026036
0 0.379074 0.193188 0.034283 0.031445
0 0.125579 0.771529 0.041236 0.035479
0 0.178211 0.276093 0.031931 0.028443
0 0.335136 0.606816 0.037700 0.034600
0 0.056045 0.299433 0.031645 0.028092
0 0.794942 0.099189 0.033501 0.032266
0 0.708113 0.560369 0.020269 0.019639
0 0.908983 0.839934 0.037353 0.038122
0 0.318365 0.078881 0.038383 0.036974
0 0.109316 0.035033 0.025839 0.025049
0 0.338916 0.152373 0.030006 0.027417
0 0.780559 0.209772 0.025128 0.024381
0 0.245043 0.665799 0.029212 0.025870
0 0.140821 0.038009 0.025103 0.024030
0 0.573933 0.679521 0.037229 0.034098
0 0.821962 0.042515 0.092621 0.084249
0 0.094011 0.069217 0.025937 0.024878
0 0.161775 0.043610 0.020010 0.018655
0 0.170945 0.798469 0.054402 0.046763
0 0.870995 0.818928 0.030884 0.031848
0 0.710459 0.899687 0.022237 0.021208
0 0.793395 0.898602 0.022669 0.022668
0 0.504504 0.063616 0.021187 0.020605
0 0.869041 0.006117 0.039649 0.012234
0 0.806320 0.232540 0.019736 0.019849
0 0.812362 0.495936 0.018184 0.017227
0 0.040209 0.678811 0.026501 0.024335