0 0.448381 0.511276 0.202277 0.143827
0 0.114996 0.369956 0.075654 0.053889
0 0.372615 0.358239 0.135564 0.101350
0 0.546933 0.455112 0.080249 0.060656
0 0.153748 0.503588 0.080428 0.057314
0 0.206446 0.336157 0.102637 0.074337
0 0.281767 0.877214 0.289156 0.202243
0 0.440393 0.640725 0.111814 0.084992
0 0.295299 0.612120 0.101039 0.075288
0 0.198772 0.568818 0.101819 0.077823
0 0.112255 0.564811 0.086207 0.064664
0 0.364122 0.718168 0.134782 0.086689
0 0.261327 0.242001 0.157790 0.114816
0 0.124534 0.643365 0.052595 0.038767
0 0.105406 0.418017 0.081616 0.052916
0 0.533612 0.645672 0.065457 0.051801
0 0.210694 0.764778 0.078121 0.058198
0 0.217817 0.476259 0.063241 0.044459
0 0.357556 0.654342 0.084605 0.059135
0 0.802183 0.493805 0.057350 0.047012
0 0.047904 0.760918 0.057563 0.045327
0 0.197154 0.412940 0.052748 0.039239
0 0.182899 0.721320 0.055806 0.045059
0 0.223382 0.706611 0.056109 0.040412
0 0.559667 0.616925 0.062279 0.047380
0 0.163096 0.873865 0.139746 0.107085
0 0.651362 0.600951 0.054857 0.045071
0 0.683326 0.453941 0.058624 0.041651
0 0.494311 0.987678 0.042255 0.024645
0 0.159285 0.126528 0.066015 0.046417
0 0.542049 0.585952 0.075905 0.054096
0 0.723257 0.234606 0.551457 0.469212
0 0.010481 0.629507 0.020962 0.043003
0 0.488001 0.601613 0.051000 0.037795
0 0.275785 0.396936 0.119300 0.077359
0 0.342970 0.968358 0.121886 0.063283
0 0.483162 0.606623 0.058738 0.045639
0 0.264667 0.387920 0.084274 0.055835
0 0.034371 0.334763 0.068741 0.052051
0 0.563158 0.617868 0.056117 0.036227
0 0.226862 0.623184 0.051677 0.037786
0 0.605798 0.478769 0.073617 0.055618
0 0.704443 0.285834 0.038241 0.030872
0 0.988643 0.503411 0.022713 0.028561
0 0.727800 0.395330 0.248870 0.169657
0 0.298866 0.306403 0.080916 0.057854