0 0.513487 0.123683 0.066527 0.064138
0 0.949020 0.242217 0.101114 0.103921
0 0.910452 0.779201 0.048921 0.047521
0 0.093888 0.686518 0.041221 0.039881
0 0.865089 0.019916 0.042539 0.039613
0 0.615209 0.403499 0.037198 0.036309
0 0.316682 0.187577 0.036277 0.034629
0 0.578970 0.774391 0.031030 0.029410
0 0.875068 0.099004 0.108675 0.109480
0 0.509782 0.053380 0.043078 0.041030
0 0.603393 0.240822 0.258265 0.257360
0 0.411532 0.094480 0.046631 0.044405
0 0.987912 0.727876 0.024177 0.044794
0 0.769926 0.848630 0.026431 0.026276
0 0.647798 0.011617 0.054974 0.022880
0 0.538047 0.035291 0.039656 0.038236
0 0.104876 0.660363 0.025173 0.024277
0 0.070192 0.578196 0.028461 0.027267
0 0.843471 0.412484 0.027503 0.026915
0 0.873987 0.422417 0.031428 0.030204
0 0.082065 0.057778 0.054477 0.050937
0 0.634952 0.157297 0.042173 0.042702
0 0.396743 0.135522 0.035746 0.034324
0 0.743619 0.364567 0.035203 0.033633
0 0.611700 0.212382 0.032987 0.032923
0 0.039677 0.038364 0.078810 0.076714
0 0.427547 0.077421 0.025457 0.024906
0 0.771328 0.131903 0.055277 0.053724
0 0.669939 0.768394 0.045056 0.042421
0 0.192243 0.295456 0.022656 0.022400
0 0.742007 0.342491 0.030577 0.028772
0 0.917578 0.341175 0.037581 0.036598
0 0.209308 0.209194 0.115269 0.110779
0 0.923916 0.375821 0.040017 0.039374
0 0.813171 0.405818 0.028099 0.029292