0 0.123765 0.675684 0.074284 0.056627
0 0.496368 0.534519 0.054724 0.044064
0 0.372851 0.487495 0.045995 0.033572
0 0.049496 0.688993 0.077203 0.051733
0 0.765853 0.090716 0.038909 0.030700
0 0.818285 0.333965 0.040469 0.030142
0 0.434766 0.614339 0.041744 0.031124
0 0.574290 0.494436 0.032764 0.025231
0 0.133253 0.466967 0.037194 0.026584
0 0.523728 0.345351 0.072070 0.057915
0 0.306423 0.013537 0.036548 0.027074
0 0.874373 0.626788 0.052952 0.034647
0 0.733659 0.647209 0.034696 0.026007
0 0.577971 0.011612 0.037588 0.023111
0 0.726086 0.208262 0.057158 0.041271
0 0.151062 0.660852 0.302124 0.292655
0 0.394407 0.246017 0.031508 0.024665
0 0.934778 0.287232 0.129353 0.114519
0 0.626572 0.196127 0.043206 0.031369
0 0.952104 0.012711 0.069018 0.024797
0 0.083805 0.108525 0.035741 0.027073
0 0.479948 0.592247 0.068962 0.052967