0 0.505764 0.263623 0.128268 0.112812
0 0.580022 0.349963 0.159813 0.136003
0 0.824378 0.621706 0.121449 0.106876
0 0.662259 0.091627 0.178954 0.149479
0 0.762977 0.547989 0.199061 0.173404
0 0.887131 0.959309 0.052314 0.044833
0 0.921594 0.219867 0.066853 0.057972
0 0.930282 0.408581 0.119969 0.090569
0 0.919941 0.865918 0.157991 0.238373
0 0.113900 0.695635 0.057144 0.048546
0 0.048051 0.806850 0.096102 0.113335
0 0.333177 0.980285 0.062074 0.039320
0 0.657886 0.577326 0.034304 0.029143
0 0.700585 0.646114 0.067665 0.053419
0 0.589730 0.671814 0.053336 0.044077
0 0.267559 0.055960 0.051475 0.041866
0 0.885632 0.712075 0.043040 0.038589
0 0.271575 0.775360 0.047142 0.041833
0 0.121806 0.523361 0.039579 0.033601
0 0.278888 0.901747 0.048865 0.044829
0 0.330376 0.597890 0.101349 0.093698
0 0.453227 0.765490 0.034723 0.031037
0 0.688336 0.470666 0.120941 0.098526
0 0.786637 0.985347 0.029370 0.027426
0 0.317983 0.844766 0.059161 0.050920
0 0.409699 0.751109 0.086763 0.076135
0 0.991051 0.033558 0.017899 0.059570
0 0.694082 0.551100 0.069108 0.061508
0 0.354830 0.491582 0.028772 0.026872
0 0.864306 0.988299 0.028009 0.023232
0 0.208246 0.472464 0.035895 0.033156
0 0.816330 0.130082 0.035949 0.034133
0 0.055002 0.677489 0.077352 0.070183
0 0.900550 0.376640 0.068000 0.051894
0 0.583720 0.609761 0.062617 0.049846
0 0.113634 0.789175 0.034793 0.033473
0 0.638812 0.201843 0.106442 0.093108
0 0.588398 0.608200 0.075139 0.059594
0 0.872114 0.160134 0.033039 0.028222
0 0.686463 0.595640 0.053874 0.044331
0 0.615350 0.640796 0.056697 0.048209
0 0.766124 0.542630 0.027672 0.024219
0 0.137114 0.937036 0.040440 0.039657
0 0.049091 0.422669 0.026729 0.025692
0 0.991995 0.867625 0.015233 0.021509