0 0.518247 0.128799 0.054139 0.042529
0 0.967865 0.234529 0.052149 0.039151
0 0.101479 0.562315 0.056257 0.041275
0 0.415763 0.890312 0.044382 0.033040
0 0.245067 0.792977 0.067617 0.049655
0 0.561752 0.608442 0.039073 0.030385
0 0.232020 0.833169 0.082551 0.062868
0 0.619338 0.049188 0.043190 0.034465
0 0.154701 0.242613 0.043039 0.034668
0 0.277532 0.637800 0.037148 0.026858
0 0.127504 0.321542 0.033290 0.026366
0 0.770290 0.500112 0.035140 0.026408
0 0.599514 0.248211 0.050012 0.037374
0 0.426593 0.803125 0.033844 0.026304
0 0.913026 0.884856 0.032584 0.026567
0 0.164621 0.386935 0.033644 0.024709
0 0.072792 0.019677 0.027735 0.022865
0 0.561145 0.988322 0.034532 0.022914
0 0.830901 0.021064 0.037417 0.029141
0 0.259895 0.489541 0.171725 0.114105
0 0.016410 0.501524 0.032819 0.027324
0 0.039968 0.806670 0.033780 0.025996
0 0.505638 0.988955 0.039922 0.021825
0 0.451790 0.461138 0.031865 0.024576