0 0.223595 0.383141 0.120677 0.102602
0 0.577336 0.181817 0.149775 0.124340
0 0.090515 0.887995 0.130817 0.107131
0 0.355775 0.763931 0.051392 0.041275
0 0.311775 0.191941 0.038598 0.033452
0 0.755974 0.825110 0.057828 0.048502
0 0.687469 0.385322 0.056917 0.044375
0 0.528061 0.853766 0.058822 0.049640
0 0.312180 0.155362 0.039672 0.034044
0 0.435301 0.900516 0.038233 0.032490
0 0.215117 0.745931 0.039394 0.031143
0 0.517047 0.893702 0.037748 0.031961
0 0.422205 0.579189 0.041624 0.033448
0 0.167165 0.550139 0.077534 0.066548
0 0.269519 0.673401 0.039189 0.032721
0 0.697061 0.838342 0.057862 0.047970
0 0.749118 0.275869 0.107942 0.099229
0 0.921742 0.254924 0.036073 0.030939
0 0.914859 0.382177 0.038379 0.033004
0 0.655350 0.756212 0.049734 0.040671
0 0.937954 0.028505 0.037335 0.031976
0 0.289263 0.787474 0.040688 0.032673
0 0.098770 0.618583 0.125471 0.105524
0 0.183987 0.440535 0.060287 0.053189
0 0.867419 0.069395 0.051065 0.042280
0 0.224375 0.315824 0.036207 0.030007
0 0.706549 0.791843 0.070683 0.059942
0 0.793254 0.641419 0.152143 0.137308
0 0.052497 0.270541 0.032917 0.028592
0 0.369475 0.067240 0.035160 0.028780
0 0.171920 0.848143 0.036081 0.029931
0 0.986318 0.379013 0.027365 0.035820
0 0.140041 0.824293 0.035145 0.028770
0 0.591441 0.874855 0.040103 0.036882
0 0.745116 0.759281 0.038673 0.033556
0 0.108901 0.685585 0.088157 0.075800
0 0.461817 0.985021 0.036013 0.028969
0 0.273866 0.571335 0.036701 0.032444
0 0.636106 0.823109 0.034927 0.029084
0 0.894509 0.102329 0.040906 0.034750
0 0.044026 0.815564 0.044676 0.031046
0 0.040441 0.814418 0.052352 0.038466
0 0.861461 0.086540 0.034204 0.028005
0 0.991532 0.420557 0.016817 0.033626
0 0.587523 0.879578 0.045328 0.040858
0 0.798940 0.689178 0.035905 0.032728