0 0.857076 0.713166 0.033424 0.032997
0 0.050239 0.359139 0.050586 0.049359
0 0.666820 0.027873 0.125198 0.055746
0 0.261685 0.531948 0.080739 0.081015
0 0.310328 0.978822 0.035099 0.034657
0 0.117843 0.666756 0.052362 0.051091
0 0.490460 0.403682 0.033845 0.033318
0 0.581553 0.672422 0.030961 0.029471
0 0.464879 0.008559 0.038591 0.016957
0 0.100408 0.468056 0.034855 0.034413
0 0.852957 0.275685 0.042891 0.041852
0 0.155962 0.044006 0.032117 0.030975
0 0.628512 0.104994 0.044757 0.043409
0 0.764022 0.017120 0.069955 0.034239
0 0.543942 0.920877 0.051285 0.048929
0 0.295333 0.155531 0.271578 0.259939
0 0.462683 0.620267 0.027808 0.026902
0 0.444872 0.141290 0.041266 0.039150
0 0.458869 0.477744 0.029719 0.029511
0 0.692141 0.087241 0.076704 0.073695
0 0.010563 0.416703 0.021126 0.028155
0 0.938672 0.249478 0.034306 0.033542
0 0.574504 0.525719 0.086865 0.087429
0 0.546110 0.476044 0.031809 0.031176
0 0.199891 0.902392 0.051283 0.051797
0 0.276316 0.960909 0.037688 0.037019
0 0.676783 0.675384 0.155456 0.152481
0 0.558853 0.454439 0.042146 0.039944
0 0.825130 0.127098 0.055767 0.053876
0 0.894469 0.037342 0.043324 0.041443
0 0.527068 0.696041 0.024386 0.024684
0 0.613072 0.194286 0.043037 0.041435
0 0.661766 0.652445 0.024506 0.024802
0 0.805318 0.264037 0.059364 0.056724
0 0.047902 0.601640 0.037287 0.037053
0 0.115734 0.714177 0.049309 0.049372
0 0.554460 0.470019 0.046433 0.047807