0 0.186565 0.697438 0.331045 0.343293
0 0.737735 0.686504 0.046611 0.046022
0 0.701340 0.973973 0.057491 0.051776
0 0.138799 0.175759 0.043176 0.041888
0 0.813918 0.860756 0.198947 0.197183
0 0.279207 0.894957 0.050956 0.048875
0 0.727151 0.149776 0.044109 0.043831
0 0.851566 0.148927 0.034436 0.033112
0 0.774357 0.155305 0.043678 0.041646
0 0.845265 0.225019 0.039320 0.039396
0 0.088592 0.937674 0.039581 0.038488
0 0.159922 0.978663 0.053543 0.042630
0 0.464326 0.895629 0.071246 0.067976
0 0.084448 0.381426 0.046430 0.042862
0 0.852464 0.660500 0.032570 0.031918
0 0.646590 0.664507 0.032144 0.031768
0 0.229886 0.623603 0.033859 0.032900
0 0.707889 0.554260 0.026972 0.026580
0 0.057866 0.465487 0.045525 0.043288
0 0.720095 0.450953 0.025953 0.026088
0 0.665549 0.710986 0.030608 0.029570
0 0.263242 0.116313 0.406063 0.230258
0 0.987675 0.211269 0.024649 0.056518
0 0.337919 0.478935 0.201915 0.207576
0 0.639890 0.954045 0.034478 0.034243
0 0.897117 0.776842 0.041267 0.041863
0 0.761150 0.100860 0.096786 0.097253
0 0.036641 0.196640 0.073282 0.084805
0 0.084254 0.237777 0.039452 0.038451
0 0.088809 0.176433 0.046832 0.044846
0 0.024479 0.358559 0.030533 0.030470
0 0.123663 0.567778 0.059164 0.057960
0 0.810760 0.731626 0.074959 0.072086
0 0.097517 0.270135 0.195034 0.288180
0 0.621980 0.068529 0.204355 0.136806
0 0.243260 0.927661 0.044058 0.043000
0 0.434190 0.243866 0.055107 0.054547
0 0.103460 0.430931 0.030528 0.030176
0 0.711171 0.071304 0.503436 0.142504
0 0.525188 0.649995 0.060288 0.060381
0 0.653077 0.445698 0.026773 0.026231
0 0.678555 0.903227 0.052277 0.051545
0 0.173588 0.586016 0.043020 0.041381
0 0.008317 0.382765 0.016634 0.059527
0 0.929492 0.690512 0.031835 0.030918
0 0.913211 0.715494 0.034394 0.032665
0 0.044398 0.853548 0.033933 0.032679
0 0.288939 0.308903 0.170698 0.168354
0 0.830569 0.728741 0.034631 0.034651
0 0.112490 0.323586 0.069124 0.068137
0 0.957680 0.720482 0.025911 0.025915
0 0.864090 0.873316 0.024266 0.025826
0 0.799914 0.185687 0.037853 0.037829
0 0.043066 0.496723 0.032871 0.032351
0 0.345502 0.247417 0.049893 0.049131
0 0.794690 0.648427 0.038307 0.037324
0 0.259150 0.990544 0.044252 0.018510
0 0.016364 0.873434 0.032729 0.045091
0 0.006567 0.982694 0.013052 0.031619
0 0.452801 0.802373 0.044373 0.043713
0 0.875520 0.975211 0.019759 0.019554
0 0.125135 0.075815 0.173660 0.151630
0 0.989919 0.204774 0.020162 0.048473
0 0.425681 0.762116 0.060510 0.057682
0 0.305277 0.767574 0.027745 0.027189
0 0.063567 0.082735 0.029815 0.028280
0 0.153134 0.922544 0.034929 0.034840
0 0.113091 0.314652 0.059465 0.058756