0 0.972980 0.311582 0.046105 0.037900
0 0.056050 0.608902 0.048467 0.035596
0 0.516164 0.642776 0.059282 0.041822
0 0.937068 0.027075 0.057967 0.052144
0 0.098016 0.931837 0.041542 0.031020
0 0.411441 0.060355 0.039848 0.031167
0 0.359011 0.552191 0.041222 0.032125
0 0.857937 0.563280 0.036926 0.028955
0 0.886888 0.197780 0.037309 0.028775
0 0.455380 0.463556 0.035863 0.029123
0 0.414213 0.427130 0.037436 0.029052
0 0.598312 0.379493 0.038983 0.031459
0 0.224432 0.844230 0.044467 0.031475
0 0.430915 0.641240 0.122052 0.090667
0 0.334892 0.078523 0.035317 0.028304
0 0.283764 0.940569 0.055162 0.040389
0 0.959835 0.405831 0.037525 0.030354
0 0.488821 0.972043 0.097902 0.055914
0 0.329266 0.619347 0.034034 0.026746
0 0.058292 0.685557 0.057411 0.045325
0 0.587954 0.860193 0.033220 0.027117
0 0.718370 0.925021 0.035598 0.026602
0 0.949397 0.872101 0.033852 0.025190
0 0.208444 0.612018 0.074510 0.051392
0 0.564069 0.716938 0.087743 0.063212
0 0.123212 0.524408 0.075249 0.054900
0 0.805531 0.619123 0.029808 0.023429
0 0.851421 0.478666 0.031536 0.023418
0 0.227846 0.565375 0.166568 0.123788
0 0.111819 0.007470 0.040951 0.014784
0 0.226381 0.249953 0.026976 0.022959