0 0.193972 0.979081 0.061762 0.041476
0 0.608035 0.585707 0.040302 0.040132
0 0.476027 0.210389 0.039176 0.037849
0 0.471410 0.136501 0.046355 0.045867
0 0.527109 0.142485 0.036790 0.036267
0 0.523206 0.097873 0.035388 0.034776
0 0.017980 0.163686 0.035961 0.038579
0 0.956247 0.918028 0.071296 0.069301
0 0.197588 0.662950 0.043040 0.042562
0 0.079501 0.096594 0.028333 0.027739
0 0.608085 0.278337 0.058916 0.056633
0 0.333137 0.965482 0.032872 0.031639
0 0.930755 0.629075 0.035061 0.035124
0 0.491006 0.808107 0.035012 0.034439
0 0.445926 0.167963 0.026684 0.027050
0 0.637559 0.549035 0.048246 0.046671
0 0.786359 0.722176 0.032048 0.032382
0 0.550975 0.032522 0.027058 0.027096
0 0.605851 0.083930 0.054276 0.052673
0 0.941496 0.588342 0.030508 0.029713
0 0.689396 0.663562 0.046036 0.045427
0 0.106246 0.586977 0.049908 0.045885
0 0.630680 0.120733 0.042638 0.040874
0 0.491165 0.473094 0.060173 0.055954
0 0.326875 0.759224 0.060751 0.060238
0 0.547947 0.273085 0.041144 0.040430
0 0.788674 0.911407 0.050701 0.049352
0 0.831122 0.954028 0.081266 0.079301
0 0.186510 0.930203 0.050716 0.048063
0 0.107207 0.309435 0.024454 0.024926
0 0.234901 0.332940 0.028902 0.028319
0 0.329292 0.706027 0.085615 0.084464
0 0.286016 0.279424 0.026542 0.026089
0 0.674375 0.371698 0.037233 0.035602
0 0.791121 0.862189 0.043114 0.043206
0 0.986857 0.696250 0.026287 0.094576
0 0.560217 0.076821 0.035999 0.036217
0 0.830728 0.387425 0.079803 0.079899
0 0.502876 0.173109 0.044173 0.043784
0 0.656857 0.638220 0.036178 0.035559
0 0.937499 0.983939 0.032274 0.031432
0 0.493412 0.771784 0.063124 0.060224
0 0.967096 0.760703 0.065809 0.088437
0 0.109928 0.395314 0.047723 0.045923
0 0.099643 0.670017 0.060335 0.057465
0 0.932970 0.364704 0.134060 0.179665
0 0.394444 0.801807 0.103081 0.102201
0 0.591698 0.366748 0.034391 0.034365
0 0.151272 0.666624 0.044121 0.041176
0 0.968857 0.205374 0.061520 0.070341
0 0.134220 0.284455 0.025646 0.025422
0 0.828667 0.396445 0.069758 0.066356