0 0.269552 0.837127 0.045554 0.041003
0 0.841044 0.024784 0.068220 0.049569
0 0.784606 0.974686 0.044372 0.041260
0 0.341003 0.036563 0.036964 0.031758
0 0.527131 0.861996 0.036290 0.034407
0 0.491135 0.759060 0.039938 0.037165
0 0.666627 0.729306 0.032695 0.029945
0 0.674012 0.527460 0.033029 0.028245
0 0.071616 0.711294 0.054703 0.050068
0 0.498689 0.871535 0.033229 0.032243
0 0.230054 0.720601 0.049589 0.044109
0 0.614533 0.958113 0.035430 0.033596
0 0.381497 0.623263 0.051285 0.044060
0 0.038177 0.775527 0.031152 0.029978
0 0.570721 0.977354 0.055803 0.045292
0 0.610856 0.155810 0.031513 0.026715
0 0.466388 0.319071 0.133600 0.119032
0 0.899065 0.939390 0.032566 0.031011
0 0.495975 0.810636 0.043222 0.039717
0 0.542841 0.614689 0.029741 0.024636