0 0.458252 0.681424 0.272864 0.199895
0 0.870771 0.756212 0.077196 0.057503
0 0.220663 0.773565 0.128976 0.096634
0 0.612548 0.422191 0.064459 0.049200
0 0.342386 0.511536 0.042903 0.032284
0 0.354141 0.349811 0.165974 0.117488
0 0.483762 0.818269 0.106677 0.081133
0 0.792577 0.806211 0.414846 0.356242
0 0.124706 0.944545 0.249412 0.110555
0 0.021743 0.814889 0.043486 0.037291
0 0.782011 0.631019 0.096265 0.068549
0 0.188753 0.860083 0.111231 0.083912
0 0.538569 0.953604 0.044471 0.033066
0 0.637454 0.185259 0.572679 0.370519
0 0.098320 0.350183 0.195267 0.420277
0 0.701064 0.691008 0.044544 0.035606
0 0.799053 0.662892 0.041098 0.029125
0 0.558369 0.348804 0.034094 0.028871
0 0.927712 0.855950 0.037262 0.030072
0 0.744609 0.329761 0.041678 0.032059
0 0.661438 0.712489 0.042998 0.032220
0 0.614370 0.168964 0.034215 0.027549
0 0.377916 0.861288 0.056265 0.041236
0 0.349301 0.244208 0.066967 0.050271
0 0.924922 0.269243 0.109488 0.083555
0 0.549275 0.152400 0.061310 0.052453
0 0.975651 0.521939 0.048698 0.196091
0 0.927299 0.717361 0.058187 0.043191
0 0.965792 0.148925 0.068416 0.102790
0 0.074315 0.064866 0.094833 0.092342
0 0.961334 0.952563 0.077333 0.094875
0 0.232960 0.629546 0.035357 0.026466