0 0.955808 0.441316 0.088384 0.126716
0 0.734279 0.496008 0.184173 0.133597
0 0.669264 0.604055 0.081483 0.058102
0 0.877024 0.471411 0.063933 0.042897
0 0.876848 0.222992 0.098313 0.073939
0 0.027048 0.244727 0.054096 0.048030
0 0.930930 0.593565 0.051206 0.039748
0 0.761960 0.770495 0.049202 0.035990
0 0.403038 0.965337 0.086801 0.068281
0 0.397728 0.288165 0.039368 0.032321
0 0.097217 0.884922 0.043724 0.034119
0 0.111846 0.853864 0.044036 0.035545
0 0.729426 0.721153 0.038914 0.028595
0 0.079502 0.260570 0.038456 0.029238
0 0.161106 0.615585 0.075165 0.060976
0 0.154103 0.727784 0.068300 0.052515
0 0.123575 0.207780 0.042502 0.034317
0 0.034687 0.583271 0.041854 0.034408
0 0.891328 0.698523 0.038929 0.028013
0 0.835290 0.734433 0.039415 0.029657
0 0.359967 0.061859 0.043375 0.035286
0 0.696560 0.864107 0.265728 0.203691
0 0.876864 0.844209 0.058986 0.045188
0 0.009444 0.562281 0.018588 0.060632
0 0.590588 0.756468 0.038171 0.029252
0 0.219707 0.902965 0.047787 0.037473
0 0.363356 0.817112 0.111326 0.089573
0 0.711138 0.642950 0.038760 0.030091
0 0.897226 0.282633 0.087516 0.070613
0 0.931428 0.969680 0.031847 0.025062
0 0.102009 0.321781 0.063936 0.051604
0 0.214523 0.899278 0.052594 0.037177
0 0.087709 0.649184 0.078097 0.061569
0 0.805341 0.951049 0.036225 0.026209
0 0.118678 0.689715 0.052341 0.039410
0 0.975760 0.029718 0.048479 0.058660
0 0.677108 0.852273 0.034645 0.026538
0 0.414161 0.911721 0.040759 0.033954
0 0.115485 0.810612 0.032974 0.026958
0 0.282033 0.856569 0.060374 0.043834