0 0.119103 0.186799 0.079485 0.058300
0 0.482537 0.225000 0.105717 0.078988
0 0.791106 0.058795 0.055098 0.037400
0 0.916439 0.118132 0.090480 0.065975
0 0.046505 0.129419 0.049691 0.037921
0 0.664641 0.654882 0.064269 0.048030
0 0.192156 0.105653 0.042567 0.033150
0 0.872615 0.508941 0.049594 0.035714
0 0.638609 0.536609 0.066682 0.048795
0 0.463194 0.937570 0.040495 0.034016
0 0.624785 0.217028 0.041429 0.033138
0 0.474311 0.374480 0.208528 0.167649
0 0.620821 0.629037 0.048603 0.034569
0 0.580681 0.578619 0.042038 0.030954
0 0.677000 0.177831 0.038497 0.030580
0 0.603172 0.890588 0.132496 0.106592
0 0.628007 0.150834 0.037644 0.027726
0 0.175054 0.932832 0.350108 0.134336
0 0.308244 0.661487 0.616488 0.659658
0 0.834783 0.423341 0.050981 0.035021
0 0.710826 0.035589 0.208959 0.070594
0 0.288637 0.180119 0.323393 0.268749
0 0.830956 0.429365 0.056784 0.042089
0 0.773319 0.151177 0.113435 0.076715
0 0.698045 0.097508 0.191041 0.152919
0 0.943893 0.578763 0.112065 0.325807
0 0.811265 0.470966 0.037293 0.027653
0 0.297513 0.641456 0.036011 0.031314
0 0.943293 0.589001 0.112950 0.221132
0 0.629188 0.802878 0.133858 0.109136
0 0.826389 0.436018 0.055585 0.034369
0 0.235776 0.551432 0.466270 0.476148
0 0.499687 0.459972 0.082003 0.059616
0 0.008634 0.288586 0.017268 0.036545
0 0.558838 0.992696 0.038922 0.014607
0 0.564015 0.517086 0.032091 0.026318
0 0.039081 0.799230 0.077980 0.283985