0 0.737481 0.589816 0.161105 0.143600
0 0.667693 0.327238 0.034696 0.030340
0 0.643189 0.818236 0.050059 0.043829
0 0.623025 0.946325 0.182516 0.107350
0 0.244311 0.039028 0.284765 0.078056
0 0.043447 0.703468 0.025470 0.024172
0 0.747175 0.081488 0.036571 0.034775
0 0.160158 0.699880 0.029632 0.026534
0 0.798585 0.872716 0.402215 0.249893
0 0.892719 0.641683 0.032495 0.028301
0 0.254786 0.213659 0.063711 0.055484
0 0.539557 0.254810 0.102119 0.090832
0 0.806219 0.264682 0.028987 0.026793
0 0.712569 0.917131 0.080340 0.070438