0 0.533251 0.515126 0.306819 0.308533
0 0.218240 0.894992 0.150699 0.148713
0 0.054571 0.110768 0.109141 0.221151
0 0.809115 0.209895 0.030817 0.030787
0 0.413569 0.252096 0.034113 0.034224
0 0.662943 0.685528 0.035566 0.034276
0 0.265587 0.262374 0.047380 0.048314
0 0.458700 0.157128 0.030173 0.029637
0 0.521391 0.262533 0.030828 0.029745
0 0.953752 0.934806 0.036647 0.033028
0 0.043438 0.561372 0.086706 0.272052
0 0.733744 0.606075 0.027629 0.027385
0 0.525573 0.815513 0.060795 0.060150
0 0.630434 0.683824 0.029692 0.028843
0 0.734612 0.126819 0.024053 0.024616
0 0.124658 0.949853 0.249315 0.098738
0 0.846986 0.019688 0.245058 0.039375
0 0.913949 0.492087 0.037972 0.038890
0 0.916001 0.496607 0.032132 0.030575
0 0.202353 0.656157 0.150384 0.132705
0 0.866992 0.282905 0.024194 0.024228
0 0.360287 0.521524 0.283894 0.291766
0 0.030703 0.872974 0.031568 0.029632
0 0.225759 0.655757 0.034023 0.032711
0 0.829582 0.357297 0.093645 0.086745
0 0.228581 0.414590 0.034453 0.032785
0 0.758879 0.334377 0.024128 0.024094
0 0.070278 0.757030 0.032833 0.031006