0 0.329678 0.902421 0.249574 0.187858
0 0.644594 0.084920 0.038193 0.032161
0 0.103494 0.985087 0.040446 0.029826
0 0.727766 0.414142 0.053739 0.042009
0 0.238260 0.963912 0.032511 0.026861
0 0.198223 0.322067 0.396446 0.499109
0 0.129423 0.117781 0.125560 0.095425
0 0.369141 0.716512 0.052127 0.038759
0 0.068377 0.969473 0.036143 0.029056
0 0.929649 0.492660 0.140703 0.379015
0 0.152371 0.116551 0.081302 0.062999
0 0.075029 0.926696 0.041022 0.033133
0 0.116277 0.454269 0.068733 0.056301
0 0.819719 0.689497 0.034196 0.026598
0 0.696799 0.219292 0.481771 0.291447
0 0.097626 0.612349 0.044829 0.035149
0 0.392239 0.186908 0.165417 0.138584
0 0.024299 0.542544 0.048176 0.140172
0 0.545196 0.338367 0.051601 0.041900
0 0.752288 0.537970 0.047077 0.034842