0 0.550363 0.430833 0.186863 0.183082
0 0.102236 0.743551 0.064310 0.063823
0 0.890620 0.021222 0.052159 0.041673
0 0.217553 0.716009 0.046231 0.045829
0 0.679832 0.796277 0.032855 0.031702
0 0.335947 0.982302 0.031421 0.029914
0 0.423492 0.986738 0.040667 0.026525
0 0.085847 0.681740 0.031341 0.030732
0 0.588163 0.902483 0.036586 0.034070
0 0.977401 0.287221 0.045198 0.088172
0 0.955210 0.967652 0.036254 0.033886
0 0.658527 0.602674 0.070526 0.067799
0 0.572975 0.941260 0.042959 0.039127
0 0.718882 0.902315 0.032485 0.029655
0 0.257962 0.718962 0.038436 0.037997
0 0.891244 0.802522 0.034158 0.032569
0 0.484037 0.814924 0.038764 0.036789
0 0.206937 0.809579 0.028454 0.027844
0 0.039371 0.835718 0.024590 0.024675
0 0.032569 0.859826 0.031123 0.030866
0 0.540411 0.682876 0.071576 0.072196
0 0.494166 0.623822 0.082203 0.077727
0 0.295593 0.113250 0.024741 0.023804
0 0.450968 0.785586 0.050333 0.046949
0 0.675796 0.458973 0.026035 0.024041
0 0.345148 0.657286 0.033404 0.034145
0 0.538655 0.987192 0.049573 0.025549
0 0.701083 0.676364 0.026721 0.025928
0 0.050647 0.277839 0.025866 0.026038
0 0.336104 0.931232 0.025847 0.025132
0 0.912682 0.324600 0.023222 0.021985
0 0.554057 0.602276 0.042256 0.040928
0 0.408723 0.677268 0.036350 0.034039
0 0.281093 0.700354 0.022867 0.022853
0 0.358714 0.622495 0.050186 0.047206
0 0.647533 0.615372 0.050076 0.048646
0 0.869864 0.424350 0.026817 0.025926
0 0.347988 0.791120 0.041672 0.039372
0 0.487189 0.629707 0.068269 0.062976