0 0.477509 0.139193 0.074482 0.072832
0 0.900788 0.084050 0.079016 0.078044
0 0.049797 0.176072 0.072232 0.068768
0 0.251232 0.094589 0.034968 0.033919
0 0.838092 0.073971 0.032316 0.032111
0 0.356246 0.020005 0.054705 0.040011
0 0.357071 0.202442 0.033663 0.032319
0 0.802315 0.338850 0.038244 0.037154
0 0.301244 0.626646 0.031139 0.031582
0 0.299131 0.179918 0.040567 0.040105
0 0.405334 0.804022 0.027797 0.027237
0 0.936313 0.116815 0.026613 0.025894
0 0.193646 0.030696 0.055485 0.052604
0 0.298408 0.342364 0.033583 0.033673
0 0.517362 0.633148 0.025246 0.024624
0 0.966485 0.152632 0.028264 0.027814
0 0.897991 0.266711 0.097515 0.092838
0 0.503558 0.013396 0.054931 0.026791
0 0.839572 0.986126 0.041145 0.027636
0 0.120435 0.992090 0.024979 0.015820
0 0.020777 0.079271 0.031915 0.030319
0 0.337850 0.794151 0.025069 0.025307
0 0.689728 0.440192 0.034993 0.036797
0 0.146967 0.903823 0.025797 0.025315
0 0.364523 0.107960 0.033227 0.034000
0 0.382293 0.461208 0.028667 0.027773
0 0.061764 0.259846 0.036847 0.033372
0 0.010754 0.320833 0.021345 0.035111
0 0.020734 0.209841 0.041468 0.045840
0 0.457989 0.044452 0.090214 0.088006
0 0.147066 0.029776 0.099998 0.059552
0 0.065971 0.111953 0.022614 0.022005
0 0.285008 0.286355 0.044262 0.042714