0 0.069510 0.052331 0.136633 0.104390
0 0.619723 0.667759 0.074082 0.059173
0 0.745901 0.113672 0.047863 0.037633
0 0.902781 0.143103 0.058934 0.047903
0 0.702676 0.073941 0.045419 0.034347
0 0.812249 0.937375 0.045691 0.036296
0 0.845052 0.207727 0.045773 0.034184
0 0.976267 0.329935 0.047466 0.041777
0 0.632951 0.206336 0.064092 0.049766
0 0.559656 0.157417 0.040998 0.032080
0 0.470545 0.948772 0.053877 0.042513
0 0.963049 0.932339 0.073645 0.068876
0 0.893398 0.901146 0.073197 0.057027
0 0.882247 0.833570 0.048409 0.038133
0 0.941691 0.221862 0.037596 0.027561
0 0.410957 0.427386 0.039944 0.030965
0 0.232987 0.377204 0.036650 0.030055
0 0.786558 0.121789 0.043779 0.032512
0 0.379926 0.876476 0.053681 0.042942
0 0.941648 0.101190 0.048486 0.039059
0 0.475464 0.173491 0.037234 0.027874
0 0.927969 0.257951 0.035300 0.029998
0 0.283867 0.950719 0.040974 0.032259
0 0.611489 0.187546 0.051389 0.038188
0 0.945882 0.982137 0.065278 0.035727
0 0.968206 0.283996 0.050989 0.041204
0 0.490734 0.669808 0.040469 0.034801
0 0.448901 0.672526 0.033339 0.027901
0 0.690758 0.923117 0.045484 0.036856
0 0.687829 0.852883 0.107227 0.088614
0 0.576383 0.923615 0.150817 0.122249
0 0.510014 0.812317 0.165320 0.133220
0 0.563398 0.902083 0.112101 0.089658
0 0.879998 0.383213 0.031442 0.026091
0 0.254710 0.112682 0.042796 0.035513
0 0.964854 0.278975 0.046369 0.038983
0 0.837442 0.465081 0.082259 0.066393
0 0.178968 0.455787 0.071079 0.056894
0 0.112478 0.981346 0.072044 0.037308
0 0.617987 0.192161 0.061639 0.046693