0 0.659785 0.693445 0.049184 0.048768
0 0.857999 0.132701 0.071236 0.070214
0 0.168463 0.213420 0.056884 0.054605
0 0.396059 0.500333 0.046720 0.046004
0 0.823604 0.245371 0.046268 0.045572
0 0.365560 0.765568 0.042576 0.042137
0 0.713918 0.466131 0.036112 0.036829
0 0.197973 0.275946 0.045567 0.044589
0 0.320456 0.262590 0.040269 0.038734
0 0.967628 0.096521 0.035278 0.033561
0 0.161390 0.596370 0.027796 0.027520
0 0.742679 0.629519 0.037549 0.037215
0 0.678634 0.216340 0.040588 0.039937
0 0.645162 0.294199 0.030881 0.030296
0 0.685434 0.580286 0.033297 0.033628
0 0.723980 0.534985 0.031572 0.031503
0 0.632501 0.953965 0.039557 0.038635
0 0.657189 0.260535 0.035771 0.034896
0 0.060188 0.788945 0.025623 0.025593
0 0.602744 0.270390 0.029957 0.030003
0 0.302348 0.120961 0.027567 0.027337
0 0.544165 0.426783 0.044024 0.043355
0 0.716156 0.235012 0.034803 0.033457
0 0.310669 0.155591 0.047436 0.045546
0 0.530331 0.458180 0.043445 0.041128
0 0.189398 0.150897 0.029808 0.030038
0 0.272499 0.297246 0.033573 0.034189
0 0.738308 0.209127 0.035739 0.035370
0 0.502522 0.799461 0.034628 0.034616
0 0.330562 0.616003 0.026147 0.025725
0 0.733987 0.269645 0.036785 0.035878
0 0.624350 0.745363 0.028562 0.028645
0 0.491344 0.098414 0.257735 0.196829
0 0.794635 0.961781 0.118390 0.076438
0 0.918100 0.020982 0.039775 0.039591
0 0.870201 0.090276 0.026145 0.025849
0 0.907486 0.080330 0.045440 0.044656
0 0.801642 0.357796 0.032288 0.033135
0 0.700076 0.261348 0.027517 0.027009
0 0.527013 0.099713 0.372735 0.196180
0 0.835733 0.422894 0.028973 0.029224
0 0.536798 0.219397 0.024064 0.024215
0 0.773054 0.219761 0.030895 0.029920
0 0.995153 0.365639 0.009694 0.028791
0 0.637731 0.087791 0.074458 0.073579
0 0.814527 0.337037 0.025729 0.025760
0 0.872173 0.719773 0.163859 0.170136
0 0.376276 0.975810 0.024556 0.023412
0 0.578108 0.868049 0.027548 0.027898
0 0.577621 0.182022 0.025104 0.025228
0 0.663264 0.563552 0.024628 0.024868
0 0.577906 0.396397 0.028102 0.027404
0 0.294813 0.067089 0.390629 0.132183
0 0.150520 0.743994 0.024070 0.022934
0 0.767759 0.079711 0.023976 0.023520