0 0.111082 0.170874 0.074019 0.058818
0 0.037729 0.541084 0.052821 0.042591
0 0.956654 0.798161 0.043467 0.034732
0 0.964023 0.568585 0.049079 0.038740
0 0.241770 0.625333 0.055471 0.041295
0 0.862887 0.487840 0.036480 0.030870
0 0.312365 0.816631 0.061289 0.051591
0 0.941715 0.049437 0.115450 0.091171
0 0.347384 0.868402 0.040803 0.032121
0 0.686867 0.950468 0.036965 0.030377
0 0.581297 0.939994 0.133124 0.112386
0 0.182431 0.614163 0.060918 0.046681
0 0.055399 0.892857 0.037872 0.030021
0 0.304979 0.434673 0.037820 0.031081
0 0.704119 0.732605 0.036582 0.029153
0 0.301243 0.889728 0.055081 0.045469
0 0.499474 0.777537 0.040807 0.035183
0 0.489569 0.911687 0.068584 0.053452
0 0.365429 0.990806 0.038660 0.018191
0 0.129844 0.637593 0.086439 0.063654
0 0.530674 0.988444 0.032775 0.022433
0 0.715679 0.027446 0.049529 0.041049
0 0.989173 0.854498 0.021654 0.023297
0 0.071486 0.864658 0.032232 0.028049
0 0.887057 0.015388 0.072740 0.030668
0 0.459323 0.099685 0.183911 0.150180
0 0.366593 0.733343 0.036735 0.031662
0 0.896880 0.864610 0.084636 0.066901
0 0.644136 0.681239 0.031053 0.024374
0 0.118026 0.475972 0.059979 0.045194
0 0.731536 0.992952 0.049411 0.014097
0 0.897242 0.946849 0.031105 0.023975
0 0.702500 0.981744 0.030920 0.026500
0 0.098333 0.531439 0.062287 0.048607
0 0.457976 0.955577 0.046883 0.036210