0 0.968903 0.728763 0.062195 0.073128
0 0.107903 0.213995 0.044136 0.042456
0 0.470251 0.391399 0.064719 0.063484
0 0.569263 0.630826 0.205976 0.206359
0 0.194245 0.053615 0.058625 0.055936
0 0.703290 0.843184 0.042581 0.041058
0 0.822197 0.284108 0.042194 0.041875
0 0.759291 0.926115 0.031881 0.030694
0 0.290649 0.126119 0.051742 0.050964
0 0.460662 0.299704 0.113910 0.113925
0 0.684602 0.987871 0.030521 0.024259
0 0.062121 0.055652 0.071502 0.068656
0 0.757909 0.663063 0.032413 0.031487
0 0.026553 0.111184 0.044949 0.043670
0 0.937588 0.894236 0.037751 0.035628
0 0.055797 0.307947 0.043678 0.042534
0 0.099702 0.632612 0.035489 0.034767
0 0.344941 0.577798 0.028724 0.028436
0 0.264372 0.790283 0.029462 0.030367
0 0.720323 0.864041 0.038019 0.038153
0 0.889783 0.420467 0.033659 0.033574
0 0.072732 0.115834 0.045596 0.045133
0 0.104159 0.503086 0.036417 0.035354
0 0.782139 0.494718 0.034972 0.033095
0 0.163937 0.772569 0.034590 0.032950
0 0.145305 0.094256 0.049787 0.044166
0 0.185158 0.127735 0.042119 0.041233
0 0.639236 0.737654 0.056167 0.051767
0 0.093484 0.259845 0.045881 0.045180
0 0.198881 0.046405 0.298204 0.092810
0 0.047968 0.010217 0.035373 0.020182
0 0.475295 0.992026 0.026418 0.015541
0 0.364091 0.589905 0.037249 0.035494
0 0.106294 0.668549 0.033878 0.032137
0 0.698741 0.704588 0.027283 0.026793
0 0.621940 0.023750 0.033270 0.032561
0 0.455073 0.627419 0.036186 0.035715
0 0.383138 0.224196 0.097439 0.095726
0 0.312244 0.648723 0.024854 0.024189
0 0.987769 0.298451 0.024356 0.065823
0 0.017211 0.953845 0.018553 0.018473
0 0.448009 0.387475 0.030135 0.028722
0 0.882834 0.468668 0.033839 0.032760
0 0.923508 0.410537 0.028464 0.027963
0 0.321432 0.419371 0.028772 0.028115
0 0.932339 0.296208 0.027302 0.027319
0 0.310347 0.383537 0.027809 0.027881
0 0.645515 0.736452 0.047676 0.042615
0 0.725795 0.201179 0.055244 0.054235
0 0.173637 0.744860 0.025951 0.026007
0 0.837598 0.814768 0.096007 0.092133
0 0.506990 0.622398 0.026812 0.026381
0 0.595325 0.710881 0.025560 0.025141
0 0.198531 0.247582 0.026027 0.026116
0 0.835593 0.874229 0.025180 0.024947
0 0.024367 0.911584 0.018917 0.018957
0 0.165506 0.826294 0.023948 0.023799
0 0.145250 0.684680 0.037055 0.035037
0 0.022571 0.834832 0.022512 0.022286
0 0.768652 0.071932 0.028161 0.027253
0 0.526175 0.964244 0.022620 0.022153
0 0.987715 0.416381 0.024529 0.034366
0 0.406380 0.285711 0.026485 0.026555
0 0.182248 0.029833 0.276747 0.059666
0 0.337782 0.981182 0.021671 0.021687