0 0.319054 0.325569 0.077151 0.077141
0 0.180145 0.497266 0.053773 0.053722
0 0.960244 0.658305 0.046111 0.045464
0 0.391085 0.268295 0.040538 0.039350
0 0.090179 0.466493 0.040654 0.040783
0 0.036283 0.895899 0.038001 0.036974
0 0.296722 0.776562 0.034669 0.034109
0 0.646693 0.899867 0.037418 0.036838
0 0.624353 0.266926 0.030891 0.030867
0 0.635018 0.282150 0.279769 0.289895
0 0.305024 0.809125 0.026716 0.026435
0 0.621389 0.653091 0.028458 0.028601
0 0.576432 0.223449 0.027270 0.026925
0 0.421947 0.704685 0.026559 0.027191
0 0.200833 0.258032 0.041504 0.041335
0 0.365461 0.820176 0.024857 0.024770
0 0.013335 0.988635 0.024653 0.022729
0 0.688552 0.076751 0.029349 0.029371
0 0.036809 0.455526 0.068284 0.067286
0 0.048557 0.240195 0.066597 0.068607
0 0.858953 0.185462 0.049643 0.048795
0 0.409643 0.775567 0.026055 0.025775
0 0.946508 0.802082 0.026466 0.025389
0 0.137228 0.262198 0.024422 0.024101
0 0.469240 0.287793 0.022954 0.023095
0 0.973877 0.237599 0.052246 0.077186