0 0.475310 0.271961 0.047239 0.047051
0 0.041833 0.497846 0.037450 0.037831
0 0.581204 0.516158 0.042033 0.042487
0 0.515952 0.336627 0.038104 0.039961
0 0.740375 0.525526 0.131290 0.130180
0 0.238329 0.694865 0.024210 0.024169
0 0.079446 0.380268 0.043632 0.043362
0 0.018963 0.826549 0.036639 0.037671
0 0.711108 0.199685 0.030079 0.029222
0 0.653931 0.293188 0.045631 0.045813
0 0.824228 0.041812 0.040865 0.040130
0 0.944604 0.505793 0.099448 0.099203
0 0.206845 0.694824 0.017444 0.017264
0 0.944595 0.589717 0.019904 0.020277
0 0.074568 0.319218 0.033186 0.033981
0 0.751321 0.236840 0.033762 0.034013
0 0.394204 0.826954 0.067590 0.066900
0 0.126591 0.665656 0.022752 0.022400
0 0.951909 0.058590 0.017382 0.017500
0 0.066530 0.112936 0.032784 0.032318
0 0.509091 0.496217 0.029907 0.029891
0 0.932933 0.195987 0.017387 0.017315
0 0.843230 0.327672 0.018637 0.019096
0 0.918631 0.505038 0.050839 0.054422
0 0.254346 0.549513 0.030518 0.030064
0 0.897808 0.153775 0.016774 0.016972
0 0.746224 0.770953 0.035623 0.035281
0 0.352531 0.047288 0.051359 0.052436