0 0.496687 0.857754 0.064251 0.063713
0 0.116218 0.310858 0.228088 0.226936
0 0.781174 0.030892 0.063944 0.061030
0 0.400446 0.735822 0.036872 0.035335
0 0.187045 0.965419 0.063390 0.061991
0 0.167876 0.875564 0.042001 0.041753
0 0.590246 0.064917 0.047383 0.046965
0 0.579633 0.208687 0.053849 0.052830
0 0.089862 0.457126 0.042443 0.041262
0 0.963720 0.544330 0.041094 0.039801
0 0.051581 0.823418 0.052387 0.051897
0 0.735054 0.095363 0.061659 0.062387
0 0.458276 0.516072 0.031557 0.032405
0 0.152261 0.921126 0.054957 0.054581
0 0.389237 0.944875 0.041291 0.039223
0 0.445473 0.664824 0.050447 0.049827
0 0.400783 0.240603 0.032883 0.032629
0 0.881211 0.216042 0.037518 0.035575
0 0.403004 0.908081 0.037414 0.036370
0 0.377081 0.697470 0.029575 0.028972
0 0.699169 0.034188 0.167709 0.068375
0 0.769125 0.240037 0.029757 0.028634
0 0.654481 0.131275 0.037811 0.036476
0 0.013533 0.912896 0.026829 0.049857
0 0.623599 0.553126 0.034230 0.034670
0 0.345764 0.195176 0.034716 0.034745
0 0.761375 0.638861 0.027932 0.027524
0 0.037587 0.199451 0.075174 0.167167
0 0.919683 0.117527 0.052193 0.053497
0 0.195856 0.186287 0.036290 0.034626
0 0.608464 0.328354 0.033998 0.034297
0 0.380311 0.585578 0.027359 0.026595
0 0.015468 0.563965 0.030936 0.063109
0 0.808359 0.062373 0.037701 0.039168
0 0.724314 0.264520 0.031589 0.030454
0 0.438932 0.362340 0.026714 0.025271
0 0.886865 0.526873 0.034537 0.034316
0 0.009034 0.820094 0.018067 0.034158
0 0.418891 0.077373 0.028602 0.027795
0 0.384886 0.890014 0.031039 0.031066
0 0.590632 0.351671 0.036643 0.036946
0 0.909915 0.200002 0.027474 0.026605
0 0.364325 0.038511 0.252157 0.077023
0 0.919942 0.080373 0.056275 0.055170
0 0.563961 0.323057 0.027638 0.026931
0 0.954043 0.399590 0.027017 0.026345
0 0.557617 0.031791 0.055063 0.051985
0 0.917910 0.635521 0.155790 0.149840
0 0.987005 0.569053 0.025990 0.084139
0 0.639403 0.364593 0.034082 0.034072
0 0.014746 0.839321 0.025409 0.026343
0 0.887795 0.423383 0.027714 0.027565
0 0.610161 0.130784 0.027375 0.026589
0 0.096826 0.876955 0.075611 0.074658
0 0.387189 0.538227 0.026838 0.026192
0 0.782934 0.220728 0.027904 0.027333
0 0.615421 0.156863 0.027248 0.026500
0 0.093283 0.869798 0.064916 0.061560
0 0.938563 0.381620 0.034907 0.034758
0 0.749408 0.210795 0.029051 0.028895
0 0.377025 0.464497 0.136099 0.134415
0 0.567724 0.016671 0.030396 0.029309
0 0.089722 0.670112 0.120764 0.131910
0 0.800752 0.070104 0.043295 0.037218
0 0.808468 0.828467 0.030962 0.030676
0 0.475366 0.403092 0.023444 0.023843
0 0.464306 0.986426 0.033148 0.027148
0 0.225432 0.216547 0.023483 0.023251
0 0.434799 0.985191 0.032370 0.029238
0 0.982615 0.849103 0.034771 0.051606
0 0.931118 0.982734 0.125992 0.034532
0 0.510554 0.191443 0.040306 0.038886
0 0.666235 0.077872 0.029536 0.028546
0 0.243559 0.750772 0.029011 0.027735
0 0.984140 0.116455 0.031721 0.080960
0 0.832307 0.390239 0.025140 0.024953
0 0.051475 0.579778 0.049426 0.048133
0 0.591250 0.009166 0.026193 0.018331
0 0.987587 0.489842 0.024825 0.039119
0 0.425810 0.223191 0.023036 0.022849
0 0.417684 0.977640 0.050273 0.044719
0 0.117542 0.871811 0.021495 0.021440
0 0.294056 0.418366 0.142511 0.135209
0 0.911701 0.986915 0.068543 0.025705
0 0.429287 0.983078 0.041993 0.033845
0 0.987399 0.680287 0.025093 0.186139
0 0.841155 0.018586 0.022554 0.022924