0 0.139540 0.241040 0.048583 0.048084
0 0.395977 0.599527 0.050166 0.050052
0 0.308195 0.639556 0.039405 0.038840
0 0.896651 0.565229 0.030288 0.029953
0 0.220105 0.500294 0.032776 0.031879
0 0.273474 0.362155 0.031246 0.030634
0 0.168885 0.344831 0.033080 0.033067
0 0.099092 0.456277 0.026547 0.026158
0 0.407585 0.720739 0.033064 0.031824
0 0.318086 0.256139 0.036495 0.036208
0 0.196585 0.356005 0.043809 0.043317
0 0.591840 0.558072 0.029262 0.028404
0 0.959578 0.767313 0.028183 0.027479
0 0.885872 0.623561 0.065026 0.063799
0 0.178052 0.315496 0.027784 0.027577
0 0.031094 0.113986 0.024655 0.023837
0 0.405902 0.044342 0.223754 0.088683
0 0.864268 0.727047 0.028848 0.028741
0 0.211544 0.475096 0.028200 0.028125
0 0.256146 0.444751 0.091962 0.090990
0 0.006931 0.160165 0.013862 0.041164
0 0.656028 0.064980 0.023478 0.023070
0 0.370321 0.648962 0.095649 0.093068
0 0.368335 0.173984 0.052108 0.050207
0 0.345053 0.100640 0.021679 0.022314
0 0.008002 0.155760 0.016004 0.038966
0 0.594847 0.354716 0.022947 0.022547