0 0.609632 0.723939 0.044823 0.044579
0 0.943384 0.742775 0.033843 0.033874
0 0.207214 0.113489 0.032067 0.030811
0 0.718059 0.260067 0.034326 0.032490
0 0.300087 0.223928 0.171415 0.162423
0 0.614142 0.841040 0.030679 0.029576
0 0.607519 0.596388 0.035455 0.034464
0 0.648342 0.660722 0.032035 0.030753
0 0.933606 0.430055 0.032830 0.032518
0 0.521171 0.908536 0.029576 0.028269
0 0.360263 0.675601 0.029475 0.029127
0 0.921029 0.384226 0.029299 0.029631
0 0.351808 0.054496 0.029112 0.027840
0 0.886231 0.394868 0.025830 0.026143
0 0.420728 0.554613 0.059922 0.058727
0 0.368203 0.289842 0.125751 0.121162
0 0.273497 0.480791 0.042933 0.042409
0 0.722676 0.457268 0.031343 0.031905
0 0.768684 0.094603 0.455423 0.187543
0 0.121380 0.313182 0.054706 0.053310
0 0.650761 0.784971 0.032199 0.032515
0 0.297397 0.755476 0.089842 0.084271
0 0.172840 0.956358 0.121819 0.087249
0 0.692198 0.387682 0.024482 0.023638
0 0.242838 0.101802 0.026686 0.026099
0 0.896394 0.608308 0.025846 0.025345
0 0.558666 0.811448 0.084762 0.084290
0 0.617983 0.660559 0.074806 0.075445
0 0.711658 0.947406 0.180641 0.105189
0 0.838484 0.909991 0.107772 0.106929
0 0.282299 0.897979 0.126036 0.121457
0 0.833905 0.533053 0.022842 0.023445
0 0.151726 0.590881 0.126678 0.118539
0 0.829841 0.938131 0.071970 0.067990