0 0.675109 0.628356 0.048804 0.040719
0 0.838055 0.301895 0.040904 0.034932
0 0.064905 0.741357 0.031838 0.030830
0 0.592388 0.942073 0.102943 0.086290
0 0.801287 0.632596 0.074040 0.064390
0 0.419808 0.393107 0.034382 0.030782
0 0.273337 0.059505 0.033149 0.029001
0 0.526528 0.450558 0.035487 0.029217
0 0.333798 0.020017 0.034925 0.031764
0 0.634498 0.607164 0.034730 0.031853
0 0.515902 0.938633 0.050046 0.041208
0 0.506550 0.479631 0.032896 0.029690
0 0.122381 0.598557 0.028052 0.027278
0 0.833371 0.786107 0.192601 0.199978
0 0.445655 0.953799 0.062681 0.056857
0 0.129606 0.201041 0.101386 0.087386
0 0.090894 0.640685 0.076383 0.071312
0 0.453146 0.294279 0.111907 0.101535
0 0.025765 0.367003 0.051529 0.077748
0 0.777231 0.210159 0.030292 0.027055