0 0.221028 0.654315 0.071655 0.051545
0 0.177855 0.294022 0.329949 0.268819
0 0.023542 0.633051 0.047084 0.044105
0 0.200308 0.856693 0.061315 0.047698
0 0.052290 0.733559 0.057045 0.039762
0 0.778055 0.663135 0.079466 0.068426
0 0.347228 0.966737 0.050037 0.038503
0 0.068983 0.543621 0.038686 0.030812
0 0.159876 0.894158 0.039137 0.029593
0 0.649147 0.524718 0.122240 0.092864
0 0.266876 0.070090 0.322892 0.135784
0 0.735114 0.203017 0.524514 0.342347
0 0.602621 0.816714 0.162458 0.132272
0 0.566447 0.432208 0.323767 0.265582
0 0.848906 0.639868 0.079461 0.063104
0 0.740502 0.520429 0.055517 0.042393
0 0.065293 0.048266 0.130586 0.096533
0 0.794126 0.194164 0.122875 0.094217
0 0.250743 0.586807 0.063022 0.048201
0 0.973599 0.688505 0.052801 0.059679
0 0.565581 0.456021 0.071889 0.048396
0 0.504825 0.631285 0.057315 0.045781
0 0.429749 0.643889 0.068838 0.053786
0 0.955641 0.612888 0.088566 0.086383
0 0.302768 0.521789 0.099518 0.077333
0 0.533291 0.356530 0.048478 0.040129
0 0.873887 0.703517 0.033341 0.025998
0 0.669907 0.613042 0.034230 0.029293
0 0.669685 0.431459 0.114161 0.084797
0 0.145757 0.938848 0.039380 0.031899
0 0.132404 0.850924 0.069820 0.051884
0 0.659169 0.206280 0.030956 0.026295
0 0.964794 0.977209 0.070411 0.045582
0 0.918061 0.899398 0.047024 0.041983
0 0.610481 0.353810 0.096376 0.075790
0 0.898182 0.560686 0.047974 0.037487
0 0.567900 0.467945 0.091448 0.071693
0 0.606391 0.613959 0.078150 0.059196
0 0.443703 0.891399 0.085936 0.070041
0 0.490566 0.921161 0.040395 0.034234
0 0.990780 0.376485 0.018440 0.034619
0 0.664102 0.800162 0.032721 0.026561