0 0.770079 0.183787 0.061632 0.050444
0 0.254074 0.624784 0.358100 0.302343
0 0.716805 0.407625 0.054260 0.044324
0 0.784757 0.692714 0.278332 0.209553
0 0.718982 0.869960 0.064592 0.052312
0 0.812996 0.224850 0.057378 0.047806
0 0.729471 0.091057 0.050509 0.042865
0 0.446763 0.191408 0.038992 0.031650
0 0.364538 0.089596 0.053549 0.042585
0 0.502488 0.296215 0.058238 0.047922
0 0.973540 0.432778 0.051855 0.048986
0 0.073539 0.599868 0.037654 0.033858
0 0.986056 0.545201 0.027888 0.048171
0 0.274525 0.225641 0.063037 0.051869
0 0.478073 0.462740 0.054270 0.042587
0 0.585116 0.148298 0.050254 0.041417
0 0.946219 0.972695 0.107397 0.054609
0 0.037166 0.857520 0.074332 0.149598
0 0.254388 0.969667 0.030672 0.025766
0 0.965929 0.333176 0.068142 0.079119
0 0.729980 0.300634 0.035600 0.029835
0 0.668775 0.378570 0.052452 0.042152
0 0.872409 0.077862 0.252130 0.155724
0 0.056886 0.330855 0.083307 0.075298
0 0.537084 0.210695 0.030180 0.024766
0 0.880181 0.299445 0.117958 0.100131
0 0.538953 0.277918 0.041858 0.036782
0 0.948623 0.227512 0.101632 0.250925
0 0.720045 0.812899 0.081710 0.066193
0 0.091995 0.400438 0.039253 0.034299
0 0.829035 0.430934 0.064415 0.050437
0 0.905479 0.138912 0.035642 0.031084
0 0.805382 0.994555 0.039717 0.010890
0 0.893675 0.635460 0.043662 0.028915
0 0.858240 0.990766 0.077728 0.018374
0 0.238241 0.375011 0.108515 0.092882
0 0.311946 0.829858 0.198012 0.164572
0 0.311186 0.053857 0.071720 0.053780
0 0.628850 0.330582 0.031819 0.026809
0 0.515335 0.991284 0.035666 0.017412
0 0.913753 0.384169 0.138467 0.110420
0 0.537814 0.063018 0.047834 0.037676
0 0.853354 0.818178 0.119059 0.092052
0 0.836846 0.824796 0.142804 0.097153
0 0.793881 0.920506 0.098465 0.071569
0 0.814451 0.970558 0.062824 0.048885
0 0.010310 0.757313 0.020619 0.085820
0 0.986992 0.468820 0.025604 0.028471
0 0.584465 0.558778 0.029885 0.025534
0 0.777724 0.269378 0.112277 0.097118