0 0.275768 0.739349 0.182201 0.173140
0 0.318687 0.316887 0.067514 0.065793
0 0.921424 0.911021 0.156911 0.153730
0 0.427866 0.973797 0.079656 0.052405
0 0.092108 0.797256 0.083721 0.085016
0 0.682259 0.383557 0.044500 0.043651
0 0.537989 0.599058 0.049854 0.047694
0 0.363483 0.081007 0.033571 0.032823
0 0.208734 0.665814 0.033306 0.032221
0 0.849923 0.116864 0.037283 0.036093
0 0.379086 0.847528 0.037940 0.037545
0 0.799400 0.118320 0.033552 0.033159
0 0.375757 0.227248 0.030498 0.030029
0 0.089802 0.908244 0.146868 0.139306
0 0.889153 0.407695 0.033641 0.033141
0 0.887088 0.347562 0.040526 0.038424
0 0.766250 0.796039 0.122390 0.114885
0 0.901821 0.505469 0.030907 0.031295
0 0.270882 0.525630 0.328408 0.314535
0 0.538485 0.856699 0.392592 0.284483
0 0.781137 0.948621 0.054104 0.051961
0 0.474940 0.338817 0.029786 0.028314
0 0.482509 0.475974 0.114043 0.106838
0 0.268162 0.871729 0.125879 0.126259
0 0.512426 0.196079 0.034094 0.033974
0 0.889364 0.014457 0.029533 0.027780
0 0.025755 0.585036 0.049517 0.049212
0 0.942483 0.116001 0.032860 0.032451
0 0.972711 0.356353 0.035653 0.035643
0 0.133938 0.832139 0.050750 0.049162
0 0.177865 0.698254 0.030797 0.029705
0 0.051308 0.423878 0.033753 0.032025
0 0.976389 0.831928 0.047120 0.191260
0 0.634787 0.518600 0.028498 0.027556
0 0.154803 0.173123 0.309607 0.346246
0 0.790340 0.321760 0.035771 0.036802
0 0.853717 0.540071 0.290331 0.412293
0 0.208956 0.934817 0.033506 0.032517
0 0.344518 0.856722 0.035283 0.033609
0 0.745347 0.913326 0.056164 0.054245
0 0.458105 0.306169 0.040330 0.039358
0 0.991277 0.378101 0.017446 0.034598
0 0.187426 0.383786 0.028671 0.028229
0 0.760147 0.650676 0.029860 0.028799
0 0.381044 0.885884 0.030282 0.028827
0 0.328566 0.820316 0.037908 0.036531
0 0.043812 0.539236 0.031021 0.029601
0 0.718125 0.800679 0.028583 0.027858
0 0.325367 0.951479 0.090311 0.086931
0 0.343032 0.271544 0.038537 0.036793
0 0.812435 0.862973 0.091711 0.089514
0 0.597453 0.523861 0.039353 0.036253
0 0.864432 0.813042 0.030888 0.028464
0 0.630245 0.594805 0.027391 0.029721
0 0.501901 0.852806 0.025601 0.024531
0 0.611350 0.323676 0.042049 0.041842
0 0.675005 0.794072 0.037539 0.035189
0 0.747167 0.858408 0.025380 0.025146
0 0.982258 0.502018 0.035483 0.046388
0 0.978155 0.809348 0.043659 0.143291
0 0.734657 0.456563 0.026743 0.026920
0 0.555838 0.554853 0.030696 0.029994