0 0.399752 0.455842 0.068768 0.067831
0 0.522599 0.250778 0.060902 0.058412
0 0.195382 0.476480 0.040263 0.040804
0 0.515331 0.580839 0.048948 0.047892
0 0.512673 0.699522 0.038036 0.036292
0 0.355060 0.312465 0.042786 0.042435
0 0.972352 0.641403 0.031716 0.031108
0 0.262557 0.245277 0.030198 0.029546
0 0.985518 0.590558 0.025815 0.025387
0 0.390760 0.220437 0.132324 0.130720
0 0.481419 0.441498 0.034187 0.033604
0 0.299128 0.548094 0.029538 0.028743
0 0.905204 0.680528 0.189591 0.203743
0 0.764116 0.191274 0.026990 0.027154
0 0.156275 0.425895 0.064715 0.064074
0 0.092829 0.592110 0.067781 0.065751
0 0.064426 0.186716 0.029056 0.029353
0 0.824047 0.044737 0.063836 0.063956
0 0.794871 0.871854 0.291599 0.256292
0 0.559280 0.723508 0.063403 0.064287
0 0.465308 0.597269 0.050299 0.049122
0 0.425724 0.394049 0.067473 0.065095
0 0.231411 0.175134 0.078568 0.080141
0 0.946831 0.026638 0.096281 0.053104
0 0.686951 0.021240 0.068777 0.041484
0 0.513645 0.515799 0.072143 0.071242
0 0.457243 0.971266 0.108388 0.057468
0 0.657557 0.397008 0.043998 0.041996
0 0.662090 0.405021 0.057027 0.057740
0 0.835300 0.844131 0.051056 0.050370
0 0.115310 0.169175 0.030431 0.030413
0 0.831090 0.388121 0.067685 0.066825
0 0.991760 0.138602 0.016420 0.118023