0 0.479056 0.644322 0.057145 0.056954
0 0.184942 0.262827 0.053108 0.051205
0 0.186739 0.718170 0.072355 0.070411
0 0.204651 0.035497 0.043582 0.042198
0 0.739726 0.591199 0.039070 0.039114
0 0.299924 0.800134 0.034509 0.033338
0 0.801770 0.153363 0.033558 0.033322
0 0.923325 0.435681 0.152997 0.331116
0 0.122084 0.594287 0.043975 0.040844
0 0.185984 0.529517 0.104839 0.100526
0 0.957009 0.739808 0.031810 0.031505
0 0.558346 0.168349 0.031227 0.030502
0 0.858169 0.551237 0.055113 0.053913
0 0.213186 0.075816 0.027118 0.026823
0 0.374140 0.985887 0.038083 0.028167
0 0.011508 0.589765 0.022663 0.029767
0 0.802418 0.950254 0.156401 0.098903
0 0.231980 0.438275 0.102369 0.094094
0 0.742009 0.425050 0.027249 0.027794
0 0.266745 0.934560 0.115204 0.118700
0 0.535849 0.960183 0.056960 0.055834
0 0.910602 0.859497 0.127404 0.128842
0 0.945383 0.560122 0.098687 0.095325
0 0.975896 0.012153 0.025178 0.022522
0 0.065835 0.901516 0.050149 0.048992
0 0.795474 0.197848 0.027917 0.027545
0 0.757481 0.423269 0.057432 0.056275
0 0.702521 0.591805 0.026022 0.026877