0 0.234057 0.626722 0.048172 0.040244
0 0.786902 0.829922 0.040969 0.035534
0 0.779779 0.349486 0.034101 0.032625
0 0.106601 0.270712 0.032128 0.027320
0 0.832385 0.285247 0.025534 0.024813
0 0.085434 0.468997 0.034598 0.028497
0 0.289936 0.969137 0.038324 0.030427
0 0.770116 0.116552 0.055320 0.052429
0 0.510028 0.311484 0.025925 0.024192
0 0.979268 0.959983 0.030737 0.030359
0 0.992733 0.724823 0.014534 0.032297
0 0.340743 0.019924 0.068863 0.039776
0 0.102709 0.446655 0.026906 0.023011
0 0.991683 0.603942 0.016634 0.024165