0 0.558020 0.494144 0.205313 0.202820
0 0.520982 0.280431 0.184658 0.157723
0 0.144673 0.715346 0.128852 0.116414
0 0.286631 0.721761 0.130109 0.116510
0 0.869098 0.044316 0.043142 0.040142
0 0.150165 0.309725 0.135668 0.120806
0 0.163116 0.448118 0.054551 0.044813
0 0.708799 0.422680 0.039626 0.036051
0 0.064505 0.610990 0.036396 0.031749
0 0.027059 0.626363 0.053963 0.050447
0 0.885559 0.082491 0.050020 0.042797
0 0.713230 0.752271 0.044976 0.042666
0 0.701126 0.134799 0.041077 0.033806
0 0.336254 0.297355 0.041848 0.037669
0 0.783278 0.610052 0.028555 0.027494
0 0.198768 0.770871 0.100423 0.082479
0 0.396541 0.072379 0.034253 0.030916
0 0.381452 0.045844 0.037790 0.034408
0 0.632592 0.394370 0.110153 0.100852
0 0.900665 0.686406 0.037216 0.035391
0 0.836533 0.761285 0.074380 0.070295
0 0.098493 0.456683 0.055236 0.045092
0 0.665508 0.900903 0.029676 0.028254
0 0.226740 0.474689 0.075148 0.064560
0 0.117429 0.895043 0.060196 0.050531
0 0.889890 0.435590 0.045263 0.042878
0 0.628259 0.233915 0.068982 0.061264
0 0.718545 0.832147 0.048480 0.045929
0 0.228368 0.644934 0.028005 0.025160
0 0.068836 0.122215 0.033250 0.029131
0 0.922102 0.924313 0.155795 0.151374
0 0.217713 0.069903 0.161675 0.137886
0 0.069455 0.731508 0.066879 0.059315
0 0.704116 0.036979 0.108653 0.073957
0 0.854038 0.512303 0.054339 0.051114
0 0.247926 0.158420 0.082474 0.065636
0 0.585926 0.212743 0.041641 0.037917
0 0.310127 0.224859 0.033601 0.030104
0 0.224310 0.262372 0.062381 0.054101
0 0.614889 0.233909 0.091967 0.076062
0 0.234969 0.158022 0.059301 0.052026
0 0.924952 0.392584 0.048510 0.044056
0 0.609223 0.013196 0.079439 0.026391
0 0.256677 0.917802 0.058999 0.053842
0 0.756798 0.735160 0.045042 0.042273
0 0.199128 0.939899 0.151572 0.117995
0 0.231193 0.437420 0.028557 0.026790
0 0.264733 0.456748 0.051350 0.049129
0 0.892742 0.690537 0.033070 0.033853
0 0.435267 0.192557 0.030901 0.028190
0 0.318506 0.084133 0.052544 0.048609
0 0.691725 0.822783 0.098893 0.092170
0 0.727018 0.631691 0.025458 0.023792
0 0.064596 0.728073 0.056607 0.047662
0 0.937031 0.587722 0.027656 0.026781
0 0.799574 0.060329 0.031841 0.027288
0 0.949919 0.524668 0.054539 0.051707
0 0.431072 0.577243 0.027821 0.025489
0 0.954646 0.451045 0.079844 0.077228
0 0.766041 0.362229 0.027577 0.025455
0 0.614572 0.014963 0.101614 0.029925
0 0.618660 0.193002 0.040568 0.034539
0 0.633880 0.232949 0.061580 0.049046