0 0.410411 0.798224 0.036872 0.036854
0 0.580239 0.770450 0.031248 0.031549
0 0.408351 0.092033 0.073905 0.071857
0 0.524690 0.307807 0.027289 0.027798
0 0.716215 0.753855 0.041681 0.041228
0 0.145540 0.779218 0.026663 0.026498
0 0.590825 0.521462 0.033424 0.033257
0 0.082090 0.378278 0.031295 0.031264
0 0.228642 0.589691 0.029853 0.030154
0 0.863659 0.660823 0.037178 0.035565
0 0.335777 0.538358 0.033858 0.033269
0 0.165357 0.524014 0.036135 0.034226
0 0.958813 0.383491 0.025194 0.024679
0 0.520932 0.928810 0.025704 0.025611
0 0.733514 0.861418 0.029348 0.029622
0 0.549076 0.077275 0.024305 0.024550
0 0.598553 0.411551 0.022858 0.022492
0 0.511003 0.191407 0.041118 0.038694
0 0.837783 0.319013 0.025975 0.025802
0 0.380676 0.199994 0.040683 0.038699
0 0.578059 0.934036 0.025872 0.025924
0 0.519867 0.196067 0.025397 0.027616
0 0.685200 0.742600 0.023237 0.022888
0 0.266010 0.593575 0.041253 0.041891
0 0.330227 0.332037 0.030388 0.030369
0 0.279473 0.487017 0.023774 0.023642
0 0.397726 0.173578 0.025298 0.024145
0 0.128078 0.206736 0.032742 0.031494
0 0.299581 0.421695 0.028896 0.029146
0 0.989226 0.921879 0.021548 0.025125
0 0.290038 0.894366 0.019817 0.020303
0 0.439245 0.052551 0.037874 0.037328
0 0.512964 0.846440 0.025051 0.024847
0 0.864180 0.544179 0.027796 0.027585
0 0.158651 0.548143 0.028662 0.029297
0 0.107407 0.323429 0.064389 0.060338
0 0.105247 0.963865 0.066470 0.066563
0 0.144349 0.885535 0.020898 0.021010
0 0.334019 0.943134 0.024746 0.025139