0 0.468986 0.049788 0.101872 0.099277
0 0.061594 0.261819 0.061397 0.061126
0 0.144242 0.263646 0.035760 0.036303
0 0.667103 0.562144 0.062657 0.059906
0 0.118239 0.087506 0.038309 0.037979
0 0.691995 0.077489 0.039116 0.039521
0 0.576876 0.671996 0.030839 0.030627
0 0.253250 0.470019 0.029356 0.028863
0 0.186469 0.075397 0.022521 0.022243
0 0.421093 0.776439 0.065272 0.067047
0 0.020485 0.111411 0.040970 0.131692
0 0.175409 0.238175 0.036408 0.036880
0 0.028737 0.293291 0.024710 0.026208
0 0.641990 0.058946 0.059990 0.061215
0 0.158295 0.114903 0.052695 0.053636
0 0.363467 0.223262 0.052390 0.051039
0 0.619030 0.113336 0.078574 0.083108
0 0.013391 0.267555 0.026782 0.041362
0 0.822716 0.404046 0.032320 0.030814
0 0.409766 0.655705 0.069237 0.068538
0 0.203025 0.249496 0.023903 0.023461
0 0.805899 0.661184 0.036994 0.034556
0 0.280968 0.121412 0.113758 0.111257
0 0.264890 0.313285 0.025755 0.025595
0 0.835450 0.436748 0.027333 0.026127
0 0.271824 0.252539 0.074271 0.073378
0 0.611174 0.232081 0.032114 0.031334
0 0.618135 0.823507 0.036986 0.036367
0 0.481816 0.777981 0.027736 0.028222
0 0.410919 0.462141 0.023075 0.022380
0 0.424885 0.566478 0.022610 0.022758
0 0.642759 0.687177 0.073202 0.072037
0 0.008604 0.297082 0.015859 0.017012
0 0.538248 0.061814 0.040985 0.040483
0 0.106349 0.259777 0.021828 0.021335
0 0.910939 0.456831 0.029005 0.028507
0 0.040533 0.917893 0.081008 0.155962
0 0.529546 0.684113 0.059053 0.056324
0 0.787546 0.316310 0.029373 0.028896
0 0.980877 0.610646 0.033698 0.031852
0 0.161380 0.075420 0.026540 0.025281
0 0.755889 0.101111 0.037905 0.037033
0 0.030364 0.747823 0.027918 0.026372
0 0.058967 0.294318 0.035222 0.035354
0 0.985446 0.705492 0.029109 0.043639
0 0.085671 0.095971 0.025525 0.025454
0 0.288737 0.410381 0.287446 0.285170
0 0.019221 0.235808 0.022604 0.022018
0 0.987444 0.679627 0.025017 0.027757
0 0.234414 0.217753 0.045848 0.043847
0 0.238385 0.224433 0.053406 0.055152
0 0.986113 0.534002 0.027774 0.049549
0 0.795433 0.020840 0.058580 0.041406
0 0.114425 0.107330 0.019135 0.018064
0 0.948756 0.009655 0.059284 0.019165
0 0.497928 0.754742 0.031921 0.033024