0 0.425399 0.210860 0.052882 0.045525
0 0.919145 0.691482 0.080239 0.070982
0 0.637043 0.977842 0.060099 0.044315
0 0.397594 0.495964 0.037312 0.034079
0 0.401104 0.261996 0.043225 0.036143
0 0.477516 0.281844 0.040804 0.037643
0 0.450594 0.137794 0.043072 0.037828
0 0.914807 0.012622 0.063243 0.025104
0 0.969234 0.491149 0.057433 0.050537
0 0.128172 0.017748 0.050777 0.035301
0 0.087938 0.317119 0.044668 0.038009
0 0.020372 0.040502 0.027364 0.025890
0 0.453771 0.982670 0.037045 0.032901
0 0.382919 0.861309 0.034765 0.030152
0 0.094036 0.158356 0.029906 0.027693
0 0.670916 0.047934 0.036614 0.032078
0 0.329483 0.312064 0.033035 0.029610
0 0.518007 0.430998 0.114932 0.100325
0 0.330284 0.255253 0.047742 0.040651
0 0.893188 0.818689 0.085242 0.073995
0 0.640220 0.324107 0.046772 0.038968
0 0.853461 0.271846 0.036382 0.031616
0 0.848961 0.084090 0.031737 0.029059
0 0.482090 0.115109 0.033672 0.030102
0 0.390951 0.299605 0.037540 0.032378
0 0.431622 0.165828 0.034160 0.030888
0 0.129151 0.939460 0.039107 0.030864
0 0.150039 0.560158 0.055225 0.048725
0 0.373962 0.234045 0.032607 0.028630
0 0.950786 0.124323 0.030124 0.027899
0 0.892019 0.218338 0.093720 0.084858
0 0.878819 0.671493 0.029019 0.029063
0 0.347525 0.515782 0.030836 0.028904
0 0.948525 0.888448 0.056659 0.050572
0 0.852860 0.466543 0.031621 0.031767
0 0.637843 0.859165 0.030559 0.028451
0 0.505057 0.151261 0.330190 0.239196
0 0.536007 0.442640 0.081278 0.071444
0 0.987079 0.110237 0.025843 0.045677
0 0.061301 0.051012 0.027504 0.025452
0 0.524019 0.290377 0.199544 0.186727
0 0.501198 0.814270 0.030803 0.026559
0 0.990716 0.988950 0.018568 0.022099
0 0.636343 0.328388 0.050336 0.043410
0 0.769349 0.949011 0.030687 0.028450
0 0.268288 0.046281 0.393300 0.092563
0 0.768013 0.263324 0.027723 0.026647
0 0.234353 0.788753 0.050652 0.037445