0 0.630733 0.326487 0.068497 0.056285
0 0.474444 0.225501 0.086115 0.070911
0 0.074166 0.061991 0.048979 0.041138
0 0.706548 0.697536 0.116234 0.097427
0 0.475694 0.388580 0.079468 0.061881
0 0.168774 0.611126 0.047865 0.039296
0 0.817395 0.446666 0.256301 0.215042
0 0.531973 0.129594 0.061626 0.051252
0 0.192843 0.016089 0.070996 0.032081
0 0.453011 0.041899 0.064147 0.051251
0 0.732567 0.295149 0.046414 0.036613
0 0.422275 0.207045 0.044691 0.036258
0 0.459409 0.511357 0.035466 0.030509
0 0.572765 0.417048 0.058353 0.047031
0 0.787844 0.802076 0.043073 0.035291
0 0.846021 0.906012 0.044817 0.037213
0 0.395649 0.094779 0.051416 0.040043
0 0.487791 0.142753 0.047471 0.037925
0 0.713468 0.021449 0.041142 0.033675
0 0.936187 0.612230 0.047979 0.040110
0 0.761157 0.883207 0.052877 0.044173
0 0.361962 0.179681 0.035768 0.030368
0 0.637311 0.262634 0.041185 0.031385
0 0.566493 0.890334 0.038590 0.033057
0 0.165495 0.511028 0.034692 0.030194
0 0.269588 0.544153 0.035412 0.028663
0 0.401362 0.040418 0.055802 0.047460
0 0.986132 0.111891 0.027735 0.060594
0 0.899583 0.464301 0.086019 0.070142
0 0.058344 0.106385 0.028970 0.026519
0 0.828519 0.783572 0.049494 0.037026
0 0.330291 0.197378 0.033568 0.027531
0 0.366024 0.910172 0.035259 0.030562
0 0.941693 0.381854 0.115526 0.137631
0 0.142573 0.775966 0.035787 0.031318
0 0.481521 0.079879 0.044724 0.035073
0 0.737715 0.843380 0.033776 0.029599
0 0.496329 0.104952 0.036555 0.029816
0 0.311151 0.582985 0.033712 0.028581
0 0.947439 0.248100 0.039969 0.031149
0 0.149827 0.127263 0.032301 0.030193
0 0.824720 0.806294 0.028325 0.024650
0 0.805457 0.404097 0.168764 0.129167
0 0.060067 0.830851 0.079638 0.064085
0 0.639646 0.730255 0.030246 0.025893
0 0.818719 0.601486 0.031216 0.026713
0 0.387690 0.483500 0.029505 0.025255
0 0.392369 0.961861 0.035273 0.030902
0 0.811982 0.539004 0.080071 0.059571
0 0.153211 0.426305 0.096883 0.072595
0 0.529501 0.587333 0.033903 0.029056
0 0.696993 0.500987 0.042018 0.034915
0 0.647425 0.788844 0.030568 0.025583
0 0.710546 0.185764 0.077191 0.062712
0 0.477472 0.843889 0.036255 0.031789
0 0.536506 0.897498 0.038249 0.031861
0 0.508271 0.605546 0.087867 0.075840
0 0.907690 0.045633 0.035964 0.029733