0 0.063833 0.122632 0.126794 0.121225
0 0.064951 0.417622 0.077175 0.066572
0 0.851977 0.425471 0.052923 0.042445
0 0.439383 0.297904 0.038528 0.032086
0 0.539066 0.058460 0.068712 0.062247
0 0.385847 0.192946 0.053603 0.046053
0 0.728882 0.461590 0.055938 0.043752
0 0.718442 0.119902 0.047486 0.042094
0 0.723221 0.965508 0.057570 0.042081
0 0.715728 0.079923 0.050003 0.044257
0 0.068991 0.929877 0.137982 0.140246
0 0.738105 0.877642 0.523790 0.238543
0 0.690781 0.521290 0.053208 0.043471
0 0.853737 0.124848 0.276712 0.242584
0 0.150190 0.062573 0.037198 0.032160
0 0.279686 0.133957 0.053830 0.049580
0 0.632461 0.632549 0.045308 0.037660
0 0.788167 0.010369 0.063624 0.020208