0 0.529301 0.570720 0.233663 0.212974
0 0.901443 0.520313 0.120647 0.105989
0 0.745673 0.896180 0.207151 0.190038
0 0.959210 0.583719 0.065141 0.055675
0 0.704702 0.225628 0.157147 0.142647
0 0.266103 0.661816 0.165534 0.140604
0 0.359525 0.146911 0.051579 0.048865
0 0.284748 0.951666 0.201037 0.096669
0 0.462420 0.219948 0.044164 0.041536
0 0.831172 0.172412 0.066495 0.063083
0 0.260194 0.496931 0.285328 0.245287
0 0.129704 0.128003 0.078635 0.073734
0 0.240885 0.230293 0.099568 0.092054
0 0.564348 0.861941 0.038223 0.032636
0 0.101259 0.443691 0.168228 0.158739
0 0.564699 0.312052 0.053392 0.048291
0 0.409118 0.885264 0.100369 0.084283
0 0.794046 0.767744 0.029471 0.026434
0 0.411794 0.053817 0.053784 0.052093
0 0.354138 0.792242 0.089729 0.080972
0 0.013776 0.777830 0.027553 0.049503
0 0.467033 0.181003 0.035140 0.033693
0 0.245996 0.118488 0.027232 0.026493
0 0.212935 0.063832 0.372768 0.126224
0 0.443098 0.147624 0.034527 0.031780
0 0.908271 0.122972 0.182071 0.186000
0 0.693635 0.114696 0.077327 0.071194
0 0.156893 0.846803 0.243841 0.219604
0 0.184374 0.027596 0.026546 0.024841
0 0.978057 0.460025 0.033644 0.029527
0 0.092294 0.567951 0.082389 0.074119
0 0.613762 0.824393 0.085142 0.078847
0 0.684026 0.931294 0.037069 0.033088
0 0.656734 0.974343 0.132512 0.051149
0 0.493800 0.975702 0.207026 0.048596
0 0.736573 0.380247 0.031530 0.026146
0 0.714824 0.013226 0.027066 0.022781
0 0.591035 0.471688 0.027482 0.024998
0 0.352941 0.111823 0.024751 0.024088
0 0.027223 0.535994 0.053960 0.098930
0 0.429626 0.377850 0.033024 0.030484
0 0.044272 0.676115 0.087918 0.198632
0 0.027676 0.809202 0.033405 0.032027
0 0.405718 0.558973 0.028378 0.025426
0 0.133921 0.259408 0.058272 0.054260
0 0.773308 0.157989 0.112170 0.108809
0 0.971128 0.390156 0.030539 0.027933
0 0.556869 0.463225 0.032153 0.026997
0 0.037597 0.885108 0.043774 0.039498
0 0.800603 0.434866 0.201503 0.181198
0 0.250418 0.771003 0.034531 0.030678
0 0.958705 0.025208 0.059136 0.049065
0 0.030935 0.368952 0.061769 0.068662
0 0.256999 0.430563 0.165170 0.146773
0 0.521356 0.975942 0.290461 0.046557
0 0.026569 0.988785 0.050393 0.021706
0 0.480350 0.116614 0.046762 0.045546
0 0.619517 0.026351 0.089726 0.052702