0 0.113893 0.861298 0.059828 0.056829
0 0.845119 0.702189 0.048827 0.047367
0 0.889402 0.179286 0.065097 0.060741
0 0.042459 0.865092 0.044904 0.043388
0 0.779290 0.705033 0.039221 0.038308
0 0.500938 0.725990 0.056550 0.053878
0 0.649301 0.794493 0.046100 0.042714
0 0.500086 0.228282 0.038088 0.035707
0 0.406687 0.159692 0.032393 0.031497
0 0.247968 0.581738 0.038465 0.037194
0 0.853078 0.286387 0.044544 0.042403
0 0.527798 0.370395 0.031823 0.032118
0 0.671375 0.432655 0.036778 0.036104
0 0.515613 0.986633 0.025446 0.024416
0 0.487098 0.464008 0.043404 0.042991
0 0.834493 0.549763 0.037643 0.035215
0 0.838152 0.180923 0.032777 0.031445
0 0.024263 0.087364 0.048525 0.061491
0 0.870640 0.331037 0.053398 0.051744
0 0.406780 0.109379 0.025735 0.024896
0 0.707040 0.728889 0.033406 0.032070
0 0.845430 0.581738 0.034211 0.033155
0 0.611433 0.864877 0.034530 0.032336
0 0.919431 0.898738 0.030424 0.029021
0 0.791047 0.495539 0.028793 0.027785
0 0.604641 0.976459 0.031100 0.028229
0 0.716364 0.706580 0.030782 0.028833
0 0.618305 0.060587 0.029217 0.027230
0 0.819821 0.100439 0.031178 0.028514
0 0.016933 0.057683 0.031903 0.030842
0 0.529399 0.342246 0.032822 0.031881
0 0.853549 0.225215 0.038024 0.037086
0 0.607519 0.321845 0.030047 0.029121
0 0.368567 0.606851 0.029433 0.028874
0 0.330899 0.617028 0.028383 0.027118
0 0.669598 0.628515 0.033285 0.032469
0 0.618493 0.895638 0.029012 0.027122
0 0.860582 0.098217 0.037213 0.034885
0 0.850951 0.079755 0.046535 0.045095
0 0.556045 0.767533 0.028839 0.027767
0 0.811974 0.166097 0.034144 0.031821
0 0.617295 0.151512 0.042859 0.042366
0 0.851841 0.598047 0.029881 0.031025
0 0.605647 0.836671 0.026695 0.026036
0 0.129372 0.356946 0.030050 0.028260
0 0.727213 0.005421 0.036694 0.010843
0 0.720481 0.663158 0.027209 0.025756
0 0.496851 0.355284 0.036204 0.035816
0 0.848908 0.588598 0.036972 0.036772
0 0.855229 0.050134 0.032730 0.031220
0 0.620735 0.156258 0.045301 0.047767
0 0.802348 0.030551 0.024903 0.024045
0 0.857193 0.093189 0.042686 0.043543
0 0.841642 0.515474 0.028236 0.027556
0 0.618859 0.927672 0.029169 0.028128
0 0.391344 0.839199 0.031216 0.029983