0 0.292457 0.035445 0.088516 0.070891
0 0.209981 0.936196 0.041735 0.041629
0 0.737103 0.980367 0.064758 0.039244
0 0.115333 0.891481 0.098305 0.097264
0 0.304357 0.510797 0.081448 0.080094
0 0.183817 0.354919 0.034021 0.032941
0 0.475013 0.991683 0.037547 0.016634
0 0.258902 0.653542 0.069361 0.070309
0 0.089464 0.958324 0.047111 0.046004
0 0.107127 0.546622 0.060430 0.061760
0 0.112780 0.053925 0.078569 0.077478
0 0.366528 0.955054 0.097786 0.089130
0 0.392821 0.248934 0.050868 0.051052
0 0.154954 0.806189 0.033680 0.032801
0 0.849264 0.813335 0.088166 0.086411
0 0.404896 0.499455 0.049529 0.049614
0 0.884416 0.603765 0.073849 0.074120
0 0.048305 0.346162 0.089478 0.090460
0 0.844189 0.065265 0.072582 0.071424
0 0.068360 0.456848 0.122879 0.122911
0 0.554529 0.951758 0.030394 0.029212
0 0.240879 0.816109 0.097068 0.096213
0 0.469832 0.580801 0.077978 0.079021
0 0.205616 0.974578 0.030603 0.029858
0 0.122278 0.677396 0.057021 0.052659
0 0.258215 0.208033 0.029528 0.029443
0 0.166791 0.778434 0.036935 0.034760
0 0.575064 0.273168 0.065582 0.066071
0 0.670549 0.057125 0.050484 0.051727
0 0.481711 0.941567 0.096619 0.093865
0 0.583003 0.280063 0.078737 0.077352
0 0.010015 0.347476 0.020030 0.031065
0 0.065516 0.711265 0.076846 0.077134
0 0.333645 0.644258 0.037469 0.037277
0 0.949851 0.278219 0.037948 0.037039
0 0.542219 0.972825 0.021206 0.020364
0 0.038423 0.558679 0.028465 0.028116
0 0.127496 0.253115 0.150253 0.143311
0 0.222828 0.138468 0.065760 0.064616
0 0.575758 0.501131 0.150115 0.151598
0 0.920011 0.117427 0.035532 0.034167
0 0.845037 0.057311 0.063700 0.064627
0 0.751899 0.787994 0.023462 0.023677
0 0.355633 0.321415 0.049179 0.050370