0 0.585391 0.078181 0.084502 0.059216
0 0.369590 0.094770 0.340124 0.188394
0 0.356538 0.325713 0.071304 0.053389
0 0.252022 0.532715 0.060831 0.044797
0 0.030415 0.079664 0.042645 0.034293
0 0.119770 0.980686 0.045083 0.035126
0 0.016872 0.192252 0.033744 0.060603
0 0.008551 0.550239 0.017102 0.037714
0 0.236082 0.342638 0.032003 0.027237
0 0.182480 0.963405 0.058938 0.044913
0 0.032361 0.658527 0.056184 0.042861
0 0.010100 0.254389 0.019819 0.029980
0 0.147197 0.328305 0.050612 0.037684
0 0.488207 0.733695 0.069820 0.051563
0 0.331579 0.355194 0.032663 0.026163
0 0.026355 0.663168 0.051708 0.048120
0 0.293519 0.025904 0.054164 0.044436
0 0.054649 0.055129 0.031042 0.023143
0 0.279592 0.105681 0.037201 0.029591
0 0.155279 0.817261 0.031902 0.024139
0 0.551918 0.023189 0.039434 0.029067