0 0.872821 0.512930 0.236200 0.225419
0 0.725293 0.942615 0.041980 0.039306
0 0.147623 0.280387 0.142128 0.130348
0 0.965037 0.296748 0.069739 0.135899
0 0.204354 0.498432 0.405070 0.364856
0 0.662033 0.559304 0.055109 0.050091
0 0.884022 0.913811 0.033668 0.032398
0 0.465138 0.610153 0.081846 0.077231
0 0.014233 0.894089 0.028466 0.047644
0 0.082370 0.184576 0.113059 0.102009
0 0.675190 0.867480 0.050132 0.046782
0 0.578043 0.017396 0.037339 0.033988
0 0.405821 0.448882 0.064204 0.058892
0 0.814274 0.412445 0.048157 0.044764
0 0.019870 0.345947 0.035645 0.033063
0 0.742322 0.666565 0.051353 0.046613
0 0.653206 0.752527 0.038233 0.035501
0 0.597215 0.314904 0.034487 0.032525
0 0.925426 0.092914 0.030480 0.029342
0 0.833435 0.380468 0.042457 0.039362
0 0.185954 0.702289 0.341227 0.278125
0 0.899942 0.773316 0.090596 0.086662
0 0.941909 0.169300 0.116183 0.143954
0 0.650307 0.594439 0.029874 0.028586
0 0.024525 0.252908 0.047368 0.047024
0 0.049219 0.301492 0.057314 0.050832
0 0.804418 0.718923 0.068069 0.065206
0 0.729157 0.610420 0.081740 0.072279
0 0.817291 0.489353 0.033522 0.030498
0 0.522936 0.493806 0.030389 0.028677
0 0.706422 0.602906 0.069843 0.068701
0 0.972230 0.383929 0.044349 0.041975
0 0.717297 0.604133 0.089192 0.075692
0 0.675572 0.786788 0.029322 0.028481
0 0.835956 0.691185 0.027044 0.026303
0 0.575090 0.586738 0.027424 0.027168
0 0.205051 0.211962 0.039645 0.036793
0 0.513703 0.950164 0.070986 0.061601
0 0.656505 0.290990 0.036285 0.034026
0 0.368925 0.063899 0.353383 0.126279
0 0.167678 0.056521 0.029569 0.027211
0 0.654428 0.271328 0.050537 0.049439
0 0.905204 0.315667 0.043104 0.041870
0 0.620224 0.566914 0.030855 0.029614
0 0.852524 0.013254 0.027035 0.025272
0 0.630069 0.892606 0.040625 0.037368
0 0.778272 0.366319 0.027408 0.025841
0 0.651323 0.265788 0.045132 0.039747