0 0.315897 0.944503 0.037873 0.037729
0 0.138449 0.639109 0.022163 0.022031
0 0.550165 0.302136 0.042016 0.040223
0 0.109184 0.756533 0.024221 0.024532
0 0.521404 0.034093 0.031810 0.031257
0 0.432824 0.557512 0.033496 0.033645
0 0.309839 0.285122 0.085169 0.083344
0 0.507157 0.643403 0.036495 0.035322
0 0.337981 0.108553 0.025159 0.025564
0 0.847116 0.485062 0.034318 0.034537
0 0.851978 0.395764 0.056034 0.054338
0 0.461305 0.481494 0.041675 0.040273
0 0.262488 0.706297 0.020843 0.020819
0 0.488168 0.376027 0.033858 0.034143
0 0.803676 0.624561 0.030877 0.030260
0 0.779169 0.602378 0.029638 0.030207
0 0.237848 0.154969 0.024061 0.024188
0 0.590845 0.952739 0.026057 0.025941
0 0.161613 0.018429 0.047993 0.036445
0 0.114321 0.086780 0.026764 0.026577
0 0.593855 0.034414 0.019955 0.020067
0 0.383338 0.146938 0.036565 0.035174
0 0.203073 0.153956 0.024392 0.024272
0 0.208671 0.690816 0.022387 0.021779
0 0.577168 0.087887 0.020041 0.020210
0 0.276291 0.935518 0.020538 0.020882
0 0.341510 0.557948 0.022970 0.022944
0 0.550897 0.005115 0.026900 0.010105
0 0.686692 0.827489 0.040313 0.039868
0 0.621889 0.123655 0.019711 0.019046
0 0.768105 0.567331 0.021445 0.021464
0 0.368672 0.040325 0.079140 0.076468
0 0.990589 0.801983 0.018413 0.032940
0 0.400198 0.880566 0.023724 0.023794
0 0.695109 0.384455 0.024373 0.023644
0 0.569546 0.623405 0.026908 0.026800
0 0.349279 0.514543 0.021319 0.021374
0 0.980350 0.683351 0.021881 0.021719
0 0.106727 0.177844 0.023422 0.023144
0 0.989537 0.797954 0.020926 0.035617
0 0.250871 0.554280 0.028298 0.027759
0 0.197242 0.276068 0.025176 0.025281
0 0.986070 0.936298 0.020605 0.020554
0 0.812755 0.094499 0.056212 0.053552
0 0.713832 0.436222 0.024418 0.024111
0 0.272206 0.062021 0.029409 0.029705
0 0.129822 0.576416 0.019265 0.019383
0 0.602773 0.102421 0.019601 0.020515
0 0.947597 0.370608 0.026700 0.026477
0 0.307271 0.431207 0.017681 0.017656