0 0.847273 0.542512 0.055206 0.054598
0 0.928908 0.473661 0.040114 0.039506
0 0.661016 0.359160 0.049693 0.048660
0 0.710120 0.950808 0.066422 0.062297
0 0.259323 0.333294 0.042150 0.041905
0 0.614973 0.591876 0.038270 0.038194
0 0.137965 0.253297 0.274419 0.286824
0 0.755092 0.553062 0.032107 0.031167
0 0.353236 0.805572 0.039576 0.037694
0 0.535315 0.906643 0.035654 0.035535
0 0.473952 0.906844 0.041862 0.039530
0 0.081137 0.747952 0.036112 0.035162
0 0.719370 0.084187 0.042265 0.042173
0 0.114535 0.592155 0.104886 0.100436
0 0.705584 0.732648 0.062486 0.061908
0 0.193436 0.542887 0.030749 0.029985
0 0.263494 0.794769 0.041749 0.038535
0 0.279777 0.104860 0.047590 0.043738
0 0.902967 0.576575 0.026730 0.025843
0 0.606225 0.325442 0.027952 0.027363
0 0.409613 0.498251 0.029252 0.028230
0 0.410337 0.814187 0.163042 0.163469
0 0.421572 0.535415 0.027334 0.027093
0 0.217016 0.707112 0.026013 0.025238
0 0.900001 0.396513 0.193505 0.184410
0 0.520739 0.800329 0.027405 0.026738
0 0.442152 0.063930 0.030525 0.029784
0 0.290448 0.896559 0.025054 0.024642
0 0.028123 0.771871 0.025416 0.025914