0 0.075003 0.109933 0.030076 0.029637
0 0.566833 0.845360 0.054961 0.047723
0 0.578436 0.216007 0.045180 0.042328
0 0.481481 0.858565 0.042530 0.038175
0 0.118660 0.356014 0.028806 0.028707
0 0.340109 0.275940 0.026790 0.025633
0 0.270626 0.782190 0.033347 0.031431
0 0.374379 0.012356 0.030060 0.024619
0 0.231395 0.454222 0.034074 0.031547
0 0.042919 0.907076 0.083645 0.082406
0 0.236463 0.364256 0.030774 0.029382
0 0.009912 0.100969 0.018448 0.018054
0 0.111867 0.134757 0.018826 0.018667
0 0.347622 0.470781 0.028549 0.028293
0 0.106980 0.340959 0.020722 0.020559
0 0.211263 0.604484 0.037225 0.034212
0 0.289623 0.546265 0.027072 0.026749
0 0.116015 0.544405 0.026127 0.025143
0 0.028121 0.884849 0.055824 0.073295
0 0.311513 0.210022 0.032270 0.031474
0 0.195163 0.010994 0.020270 0.019788
0 0.032859 0.892703 0.065717 0.085610
0 0.561653 0.324207 0.042153 0.041913
0 0.571741 0.261097 0.064095 0.086116
0 0.495149 0.480716 0.041613 0.040772