0 0.964426 0.380255 0.070859 0.073361
0 0.094710 0.205792 0.061240 0.060578
0 0.902864 0.191443 0.029345 0.029196
0 0.869691 0.613177 0.046009 0.046340
0 0.326558 0.117980 0.042324 0.040844
0 0.950908 0.949626 0.098183 0.100748
0 0.010656 0.199277 0.020790 0.045751
0 0.177254 0.127087 0.056025 0.053547
0 0.735122 0.301872 0.024320 0.024581
0 0.640061 0.258206 0.036221 0.035790
0 0.525370 0.210124 0.077827 0.079029
0 0.808982 0.548079 0.035581 0.034778
0 0.914527 0.566240 0.035057 0.035114
0 0.438136 0.702298 0.026513 0.026515
0 0.943334 0.624507 0.027674 0.027056
0 0.800465 0.690380 0.053842 0.052006
0 0.798292 0.877350 0.061223 0.059370
0 0.733298 0.646471 0.024990 0.025074
0 0.229271 0.198423 0.029581 0.027961
0 0.868778 0.904491 0.029523 0.028576
0 0.733030 0.195679 0.022010 0.021644
0 0.668678 0.359223 0.023510 0.023093
0 0.207135 0.653914 0.090246 0.088638
0 0.724265 0.698880 0.091019 0.090579
0 0.173211 0.194305 0.095004 0.091351
0 0.711521 0.886960 0.027075 0.026913
0 0.177193 0.873739 0.225455 0.220141
0 0.775856 0.326398 0.019400 0.019303
0 0.033459 0.918623 0.066919 0.073354
0 0.984410 0.718322 0.031180 0.065932
0 0.635864 0.503896 0.023326 0.022672
0 0.498246 0.702823 0.429833 0.448709
0 0.806927 0.313708 0.018150 0.018318
0 0.269639 0.156921 0.027854 0.024985
0 0.587920 0.084183 0.187595 0.168366