0 0.426598 0.827436 0.028018 0.028520
0 0.678976 0.967687 0.032902 0.031642
0 0.169518 0.707925 0.044802 0.043699
0 0.288742 0.814949 0.034987 0.032891
0 0.748058 0.926051 0.105620 0.102564
0 0.120643 0.476126 0.060890 0.058123
0 0.561802 0.737131 0.034165 0.035000
0 0.180053 0.643173 0.042972 0.041913
0 0.563830 0.804952 0.033364 0.033836
0 0.976467 0.866636 0.037545 0.037371
0 0.789706 0.982752 0.041514 0.034496
0 0.546155 0.683647 0.028934 0.028769
0 0.617248 0.954075 0.040455 0.040315
0 0.252373 0.610776 0.058732 0.057808
0 0.676462 0.556839 0.029593 0.030271
0 0.569088 0.847424 0.029280 0.029144
0 0.692627 0.869073 0.033354 0.034507
0 0.909933 0.087644 0.045951 0.044925
0 0.217904 0.902700 0.041532 0.038288
0 0.827637 0.949764 0.027891 0.027361
0 0.383423 0.631172 0.021713 0.021681
0 0.697336 0.787656 0.035138 0.035885
0 0.804865 0.804671 0.031435 0.031722
0 0.745216 0.734415 0.033731 0.034462
0 0.720049 0.751894 0.039080 0.039660
0 0.761681 0.606935 0.029669 0.029613
0 0.580740 0.718575 0.022197 0.021504
0 0.647263 0.848755 0.036638 0.036527
0 0.504467 0.742881 0.038422 0.037921
0 0.717860 0.973278 0.026035 0.025983
0 0.291447 0.392346 0.053053 0.049425
0 0.270289 0.734579 0.026459 0.026546
0 0.414151 0.703466 0.019750 0.019754
0 0.524849 0.824466 0.026302 0.026560
0 0.932289 0.989732 0.016398 0.016246
0 0.913151 0.982722 0.021192 0.021215
0 0.219461 0.678769 0.069057 0.066677
0 0.432973 0.552377 0.030681 0.030479
0 0.886011 0.659696 0.088949 0.087988
0 0.167802 0.479716 0.037077 0.035350
0 0.114655 0.283027 0.049384 0.043176
0 0.037346 0.009751 0.033453 0.019503
0 0.647331 0.713229 0.023458 0.022918
0 0.137258 0.637084 0.045996 0.046482
0 0.743872 0.515930 0.031514 0.031197
0 0.556916 0.774907 0.021099 0.021144
0 0.224830 0.561370 0.025690 0.024589
0 0.024845 0.966558 0.021944 0.022325
0 0.536317 0.751248 0.025349 0.024749
0 0.596875 0.578103 0.032771 0.032637
0 0.640668 0.564536 0.040998 0.040932
0 0.533265 0.512432 0.027724 0.026640
0 0.521871 0.146550 0.037038 0.036369
0 0.871704 0.934638 0.014906 0.015059
0 0.474586 0.088856 0.030393 0.031146
0 0.055743 0.528552 0.035265 0.032360
0 0.734745 0.850393 0.024185 0.023787
0 0.617176 0.876483 0.038156 0.037117
0 0.463706 0.755273 0.044814 0.041565
0 0.065828 0.886922 0.022144 0.022748
0 0.347047 0.936282 0.412069 0.124455
0 0.487560 0.686107 0.027379 0.027421
0 0.960497 0.665495 0.024870 0.024671
0 0.468375 0.755406 0.035826 0.036411
0 0.029453 0.538574 0.031974 0.031557
0 0.907014 0.779343 0.038709 0.039050
0 0.536819 0.654704 0.026205 0.026715
0 0.731373 0.541344 0.023542 0.023076
0 0.975343 0.969650 0.049313 0.060701
0 0.110829 0.894770 0.021133 0.020566
0 0.135771 0.011484 0.046651 0.022967
0 0.499577 0.873926 0.154044 0.150966
0 0.220781 0.337980 0.034127 0.033123
0 0.037231 0.749391 0.022452 0.023022
0 0.090959 0.680607 0.033311 0.031895
0 0.107312 0.990510 0.019364 0.018588
0 0.905692 0.850437 0.028321 0.027879
0 0.579203 0.993114 0.029142 0.013772
0 0.036695 0.082089 0.038409 0.033908
0 0.380975 0.629238 0.026373 0.026856
0 0.474340 0.938042 0.042847 0.042979
0 0.069235 0.492675 0.057918 0.053804