0 0.116077 0.817807 0.232153 0.217794
0 0.377822 0.784574 0.223257 0.189228
0 0.442046 0.351738 0.221393 0.189358
0 0.799477 0.900863 0.284742 0.198274
0 0.680331 0.721083 0.151473 0.120319
0 0.111881 0.631044 0.223761 0.249533
0 0.898856 0.425755 0.202287 0.215905
0 0.076511 0.072071 0.031908 0.026775
0 0.769892 0.656467 0.038539 0.029837
0 0.880706 0.360646 0.089123 0.071907
0 0.648432 0.823088 0.127717 0.093262
0 0.488893 0.806034 0.053589 0.044102
0 0.587254 0.777636 0.073728 0.061065
0 0.891526 0.010750 0.053717 0.021167
0 0.020625 0.399431 0.040746 0.119845
0 0.374475 0.461300 0.092113 0.080470
0 0.981487 0.214205 0.037027 0.049873
0 0.636100 0.792402 0.034257 0.027336
0 0.279789 0.964022 0.091904 0.071364
0 0.991701 0.033366 0.016597 0.046644
0 0.430906 0.982937 0.062295 0.033856
0 0.698737 0.219649 0.507416 0.414585
0 0.617085 0.325930 0.032969 0.029155
0 0.582550 0.334658 0.041358 0.036433