0 0.173264 0.213939 0.047764 0.043737
0 0.369789 0.058673 0.140083 0.115867
0 0.114223 0.092533 0.033581 0.031092
0 0.931159 0.966801 0.085469 0.062145
0 0.204112 0.485102 0.240795 0.226212
0 0.885858 0.277167 0.035627 0.031191
0 0.687371 0.173296 0.196341 0.168794
0 0.864743 0.942601 0.270514 0.114394
0 0.064860 0.655261 0.129721 0.149927
0 0.064447 0.823813 0.128893 0.211770
0 0.594961 0.064014 0.060562 0.052957
0 0.487975 0.849234 0.037802 0.031755
0 0.697208 0.680865 0.161045 0.140277
0 0.445872 0.444566 0.058318 0.048681
0 0.662829 0.596052 0.034216 0.029823
0 0.526740 0.460623 0.056881 0.047228
0 0.790070 0.521947 0.033639 0.031304
0 0.186862 0.943064 0.032944 0.028434
0 0.394059 0.653578 0.056222 0.048593
0 0.458334 0.114946 0.098020 0.086465
0 0.829145 0.482625 0.100108 0.085347
0 0.186558 0.747956 0.032535 0.028450
0 0.885055 0.318842 0.065699 0.056710
0 0.246658 0.266487 0.057501 0.050029
0 0.368298 0.672530 0.112674 0.097779
0 0.920353 0.065778 0.159281 0.129642
0 0.794918 0.599663 0.116331 0.100916
0 0.957578 0.538935 0.084454 0.090558
0 0.438826 0.907170 0.097340 0.081079
0 0.239051 0.943919 0.031192 0.027088
0 0.029082 0.273001 0.057457 0.158425
0 0.318115 0.202864 0.065069 0.057399
0 0.053171 0.869232 0.106343 0.091525