0 0.468464 0.421490 0.043230 0.041836
0 0.502460 0.123039 0.106674 0.106565
0 0.938379 0.964604 0.123243 0.070792
0 0.072546 0.020629 0.054467 0.041146
0 0.049474 0.829604 0.098948 0.114413
0 0.968825 0.221408 0.062350 0.076812
0 0.504415 0.523225 0.062175 0.061141
0 0.414202 0.376220 0.022208 0.022009
0 0.810625 0.950048 0.031713 0.031942
0 0.156062 0.890484 0.029945 0.029373
0 0.385542 0.525743 0.024727 0.024945
0 0.641697 0.518535 0.021154 0.020978
0 0.778734 0.344268 0.054801 0.047061
0 0.037858 0.109258 0.031178 0.029988
0 0.780156 0.500381 0.089375 0.084271
0 0.942518 0.698336 0.105997 0.097585