0 0.213720 0.256468 0.038661 0.037820
0 0.152283 0.294218 0.049937 0.048899
0 0.047239 0.120698 0.067223 0.066924
0 0.598420 0.063770 0.104140 0.102034
0 0.097938 0.652363 0.042368 0.042555
0 0.075096 0.594493 0.054279 0.054142
0 0.414297 0.267030 0.036189 0.035527
0 0.033259 0.363557 0.035903 0.035960
0 0.888851 0.403977 0.036787 0.035684
0 0.928487 0.359251 0.039843 0.039315
0 0.505493 0.318495 0.049134 0.048437
0 0.885032 0.119791 0.033366 0.032492
0 0.424171 0.358940 0.039804 0.037358
0 0.456238 0.331278 0.037957 0.037713
0 0.017556 0.014306 0.032906 0.028097
0 0.127115 0.121700 0.030594 0.029581
0 0.655289 0.063742 0.054423 0.053951
0 0.099548 0.819839 0.129715 0.126258
0 0.435239 0.693830 0.052417 0.052656
0 0.084038 0.350095 0.042519 0.041478
0 0.698567 0.829882 0.033620 0.032478
0 0.217982 0.010280 0.062135 0.020561
0 0.934979 0.772420 0.043277 0.040965
0 0.633149 0.110603 0.037015 0.035705
0 0.314340 0.330923 0.041182 0.039360
0 0.643106 0.500687 0.211668 0.216469
0 0.838836 0.632808 0.030329 0.029935
0 0.243209 0.373179 0.036368 0.034593
0 0.986130 0.823294 0.027740 0.032959
0 0.959476 0.172122 0.034498 0.034065
0 0.271786 0.933006 0.062807 0.061970
0 0.863224 0.202729 0.031612 0.030892
0 0.530012 0.027092 0.082368 0.053118
0 0.406554 0.019336 0.094820 0.038519
0 0.663026 0.177364 0.045930 0.043591
0 0.497091 0.393778 0.028020 0.029042
0 0.351843 0.408346 0.061500 0.062597
0 0.696918 0.332693 0.029707 0.029461
0 0.384002 0.348092 0.033265 0.033058
0 0.539324 0.925604 0.028439 0.028011
0 0.181967 0.805724 0.030951 0.031791
0 0.930247 0.721588 0.029461 0.028203
0 0.398009 0.899863 0.041147 0.039594
0 0.923188 0.211412 0.049415 0.045845
0 0.273502 0.214767 0.028288 0.028106
0 0.342679 0.407706 0.074680 0.071318
0 0.320587 0.362794 0.033336 0.032117
0 0.349322 0.537708 0.051177 0.049148
0 0.717431 0.295018 0.030163 0.029892
0 0.919962 0.205034 0.058769 0.057263
0 0.977737 0.388239 0.044526 0.105796
0 0.358954 0.414933 0.048520 0.048999
0 0.876907 0.367715 0.027071 0.027764
0 0.488658 0.588141 0.049676 0.050125
0 0.670498 0.440839 0.079343 0.081303
0 0.949713 0.242027 0.027578 0.027997
0 0.602656 0.371341 0.032409 0.031183
0 0.572733 0.342830 0.045101 0.043172
0 0.834836 0.681500 0.052930 0.053596
0 0.376236 0.956380 0.186483 0.087240
0 0.718674 0.771928 0.088807 0.088757
0 0.081637 0.849161 0.097093 0.096340
0 0.309306 0.565971 0.069044 0.070485
0 0.836798 0.394120 0.042742 0.039674
0 0.688585 0.637225 0.047622 0.047276
0 0.267040 0.981511 0.026558 0.025871
0 0.893643 0.764302 0.034260 0.032833
0 0.749641 0.626124 0.026375 0.026181
0 0.644349 0.006614 0.037642 0.013052
0 0.954776 0.576495 0.089865 0.169932
0 0.351219 0.478858 0.025121 0.025713
0 0.194039 0.299815 0.029932 0.029048
0 0.460189 0.436236 0.093887 0.088332
0 0.912149 0.245978 0.036604 0.035431
0 0.688888 0.376223 0.036493 0.037294
0 0.340465 0.670231 0.029198 0.028474
0 0.472149 0.013802 0.036360 0.027286
0 0.106704 0.802245 0.106424 0.098116