0 0.563819 0.145164 0.231911 0.196003
0 0.143977 0.489811 0.099644 0.089810
0 0.847729 0.189902 0.076360 0.070225
0 0.493361 0.477531 0.060116 0.053950
0 0.513266 0.363805 0.126097 0.104721
0 0.603088 0.286102 0.101619 0.087692
0 0.749290 0.047918 0.218968 0.095836
0 0.429242 0.405084 0.060390 0.052831
0 0.389365 0.157455 0.042073 0.036012
0 0.571040 0.157063 0.038486 0.031904
0 0.738786 0.170760 0.170556 0.157330
0 0.169611 0.704839 0.036639 0.034100
0 0.202075 0.271011 0.175710 0.152503
0 0.114389 0.678015 0.041339 0.036062
0 0.383935 0.804982 0.056782 0.045223
0 0.382603 0.616235 0.037197 0.032407
0 0.730096 0.539343 0.053469 0.046431
0 0.459747 0.211510 0.043316 0.039656
0 0.944835 0.741166 0.034657 0.030512
0 0.514888 0.970037 0.237448 0.059926
0 0.153708 0.134812 0.035646 0.030997
0 0.967911 0.505195 0.064178 0.269365
0 0.175531 0.360410 0.096227 0.083949
0 0.262170 0.836153 0.070290 0.058548
0 0.881745 0.658740 0.130235 0.117828
0 0.181094 0.928236 0.189482 0.143528
0 0.255030 0.462045 0.044969 0.040557
0 0.531269 0.778136 0.038131 0.031483
0 0.190229 0.591686 0.042151 0.038137
0 0.260490 0.498020 0.046692 0.041173
0 0.971957 0.256074 0.056086 0.167659
0 0.258295 0.036587 0.038746 0.033598
0 0.513167 0.273350 0.111652 0.097097
0 0.293894 0.331023 0.035448 0.031569
0 0.667711 0.426605 0.036103 0.032416
0 0.419539 0.510315 0.035467 0.030177
0 0.366134 0.064985 0.113712 0.104949
0 0.329117 0.669975 0.046043 0.039321
0 0.084326 0.043633 0.168145 0.087078
0 0.267143 0.613711 0.036001 0.032135
0 0.540686 0.678813 0.200708 0.170673
0 0.610734 0.023221 0.075439 0.046443
0 0.911559 0.666248 0.063419 0.054272
0 0.872479 0.459675 0.212067 0.198127
0 0.479881 0.788085 0.035808 0.030176
0 0.969089 0.951094 0.061822 0.097812
0 0.422781 0.233503 0.041529 0.036120
0 0.160894 0.580508 0.030556 0.027604
0 0.347150 0.128225 0.043644 0.038285
0 0.061840 0.263581 0.123679 0.127243
0 0.092385 0.423234 0.143459 0.132642
0 0.467257 0.612260 0.090488 0.076964
0 0.673549 0.670373 0.031161 0.026898
0 0.070390 0.470698 0.056621 0.047727
0 0.974409 0.241583 0.051181 0.222320
0 0.887641 0.558701 0.030332 0.028347
0 0.724711 0.286820 0.033077 0.029465
0 0.746437 0.652632 0.033363 0.028057
0 0.290826 0.984418 0.028623 0.025626
0 0.132144 0.165743 0.132713 0.104689
0 0.882748 0.409277 0.182663 0.155432
0 0.897650 0.096039 0.148533 0.134586
0 0.233888 0.436087 0.042362 0.038211
0 0.657583 0.565579 0.048001 0.040837
0 0.474085 0.425794 0.043301 0.038846
0 0.236942 0.301242 0.086107 0.078497
0 0.671627 0.869178 0.211254 0.171904
0 0.366593 0.334112 0.031413 0.027957
0 0.310059 0.015737 0.138609 0.031475
0 0.741854 0.458988 0.051320 0.045529
0 0.398291 0.665600 0.091918 0.078745
0 0.905990 0.663933 0.052650 0.043397
0 0.752130 0.627025 0.161955 0.130780
0 0.655682 0.889109 0.200836 0.173995