0 0.016372 0.773088 0.032519 0.032704
0 0.946601 0.982455 0.040581 0.035090
0 0.613810 0.471422 0.027658 0.027279
0 0.979188 0.964353 0.031400 0.029446
0 0.670687 0.358960 0.039807 0.039032
0 0.370094 0.216463 0.032113 0.031532
0 0.125662 0.486022 0.031016 0.028609
0 0.007985 0.130371 0.015970 0.038481
0 0.012250 0.870617 0.023699 0.024437
0 0.370418 0.345143 0.026425 0.026347
0 0.991567 0.947105 0.016866 0.024900
0 0.094316 0.879700 0.028026 0.026545
0 0.774742 0.185621 0.025143 0.024578
0 0.143870 0.470450 0.024393 0.023997
0 0.114603 0.501569 0.025745 0.025223
0 0.760022 0.201115 0.026348 0.025061
0 0.395967 0.218835 0.028769 0.028708