0 0.048555 0.789249 0.096308 0.172786
0 0.561417 0.782797 0.046853 0.033898
0 0.116497 0.536128 0.232995 0.199410
0 0.736413 0.706382 0.042146 0.031859
0 0.225244 0.860448 0.066122 0.051601
0 0.530755 0.605425 0.054165 0.037519
0 0.053212 0.627455 0.033916 0.026526
0 0.313876 0.843050 0.109080 0.090461
0 0.665710 0.879220 0.145024 0.104456
0 0.217700 0.710670 0.048572 0.034179
0 0.146486 0.642504 0.034136 0.026227
0 0.729925 0.378388 0.530122 0.391707
0 0.828744 0.840117 0.216970 0.176892
0 0.034309 0.112962 0.028394 0.025675
0 0.626519 0.686385 0.036141 0.025458
0 0.239390 0.961531 0.113366 0.076584
0 0.667665 0.951880 0.048332 0.036520
0 0.260322 0.969804 0.067809 0.056699
0 0.685153 0.698150 0.051506 0.041027
0 0.715777 0.293056 0.031666 0.024371
0 0.475620 0.600466 0.032092 0.024698
0 0.258700 0.901323 0.063161 0.049809
0 0.646227 0.141544 0.252434 0.214020
0 0.481045 0.503141 0.030732 0.026105
0 0.168303 0.988581 0.037697 0.022511
0 0.693550 0.243548 0.051217 0.034232
0 0.185625 0.534227 0.031066 0.024614
0 0.441762 0.550647 0.049880 0.041452
0 0.724939 0.927365 0.034162 0.027400
0 0.226294 0.660926 0.039937 0.031125
0 0.499215 0.964212 0.088122 0.070336
0 0.027741 0.090574 0.025850 0.024479
0 0.976295 0.190553 0.030120 0.025784
0 0.731163 0.992911 0.031680 0.013806
0 0.334195 0.862908 0.045318 0.038821
0 0.699394 0.795703 0.028916 0.023011
0 0.782853 0.765695 0.035556 0.024880