0 0.874661 0.301499 0.157042 0.117655
0 0.182202 0.702841 0.072782 0.049607
0 0.674349 0.429770 0.103620 0.079138
0 0.555369 0.316744 0.066870 0.046827
0 0.292287 0.722692 0.040473 0.029611
0 0.752017 0.274991 0.043542 0.032726
0 0.737994 0.237422 0.034573 0.028328
0 0.936735 0.443117 0.094125 0.070966
0 0.524284 0.026485 0.047528 0.033711
0 0.557981 0.769944 0.100189 0.065047
0 0.606595 0.735654 0.054886 0.036301
0 0.560403 0.400165 0.075724 0.054815
0 0.379356 0.022061 0.047090 0.038700
0 0.612204 0.382887 0.037507 0.029026
0 0.049209 0.053659 0.049122 0.035750
0 0.197233 0.645722 0.097524 0.069552
0 0.612687 0.738769 0.066024 0.039509
0 0.884026 0.173819 0.032841 0.027532
0 0.631435 0.746326 0.046566 0.032806
0 0.312900 0.608625 0.076674 0.052372
0 0.918444 0.209906 0.035423 0.026810
0 0.524450 0.021471 0.054412 0.033688
0 0.514639 0.611100 0.038479 0.027125
0 0.598858 0.653651 0.039939 0.028261
0 0.882552 0.707662 0.084423 0.059951
0 0.626209 0.743864 0.057940 0.035200
0 0.745243 0.379595 0.103060 0.073974