0 0.530255 0.820450 0.047564 0.040284
0 0.068148 0.281834 0.045442 0.039514
0 0.190203 0.284287 0.039535 0.035246
0 0.231630 0.437010 0.037209 0.030062
0 0.016729 0.139685 0.033459 0.034965
0 0.331307 0.436165 0.030742 0.026833
0 0.237863 0.933763 0.032888 0.028560
0 0.158655 0.957327 0.031466 0.027814
0 0.516270 0.667917 0.029924 0.027028
0 0.348778 0.175073 0.031464 0.027464
0 0.172184 0.450863 0.029751 0.024864
0 0.678352 0.847766 0.027038 0.025023
0 0.044446 0.708736 0.026712 0.024627
0 0.389877 0.101147 0.028197 0.025542
0 0.020167 0.203210 0.034363 0.033359