0 0.122262 0.850225 0.044070 0.037429
0 0.799890 0.286743 0.081837 0.073033
0 0.233560 0.090106 0.230431 0.180212
0 0.130794 0.426081 0.046134 0.039880
0 0.281884 0.855109 0.048463 0.039288
0 0.750410 0.312250 0.088865 0.075340
0 0.207411 0.868149 0.047145 0.039995
0 0.054108 0.487275 0.039500 0.033862
0 0.518015 0.221653 0.044685 0.036958
0 0.590514 0.220811 0.054600 0.043600
0 0.170259 0.789397 0.036646 0.031289
0 0.437688 0.985222 0.032863 0.028631
0 0.042599 0.555188 0.034574 0.029545
0 0.451716 0.322123 0.030543 0.028290
0 0.615634 0.386068 0.031380 0.026661
0 0.203243 0.753405 0.034613 0.027787
0 0.603971 0.031828 0.027148 0.024800
0 0.035634 0.100303 0.028457 0.024870
0 0.644578 0.232048 0.054495 0.049408
0 0.021052 0.039758 0.031580 0.026835
0 0.378118 0.507744 0.029792 0.026396
0 0.113802 0.053639 0.029240 0.026185
0 0.005999 0.407331 0.011998 0.028775
0 0.670870 0.059040 0.025923 0.023771
0 0.921226 0.947903 0.157549 0.104195
0 0.066595 0.786095 0.035723 0.030315
0 0.073688 0.753279 0.029091 0.025554
0 0.399113 0.824593 0.028921 0.025333