0 0.208344 0.915573 0.195306 0.166154
0 0.355368 0.443453 0.064305 0.061013
0 0.526677 0.800911 0.060426 0.052667
0 0.776286 0.706775 0.047443 0.042354
0 0.138735 0.042992 0.041588 0.038238
0 0.271507 0.140500 0.188379 0.175876
0 0.677472 0.701072 0.035979 0.033164
0 0.695659 0.070648 0.218038 0.139955
0 0.724144 0.176847 0.134844 0.108541
0 0.118232 0.176941 0.035800 0.031817
0 0.149457 0.425823 0.178522 0.168889
0 0.872026 0.096822 0.117301 0.099782
0 0.622266 0.488209 0.055951 0.054716
0 0.259743 0.048347 0.336566 0.096694
0 0.855118 0.111373 0.153072 0.129568
0 0.686647 0.933965 0.045923 0.042571
0 0.619588 0.481621 0.048036 0.045084
0 0.724196 0.360536 0.235418 0.200656
0 0.088461 0.143087 0.176922 0.284879
0 0.602955 0.705036 0.026855 0.026254