0 0.532075 0.616477 0.073450 0.069491
0 0.480334 0.228210 0.030023 0.029726
0 0.415499 0.095595 0.030612 0.030307
0 0.311513 0.012790 0.064706 0.025539
0 0.716463 0.097361 0.026392 0.025613
0 0.435567 0.921197 0.038737 0.033054
0 0.320367 0.083698 0.025767 0.024284
0 0.010721 0.436908 0.021442 0.071287
0 0.279003 0.349442 0.024595 0.024025
0 0.715412 0.012953 0.030029 0.025852
0 0.426358 0.574144 0.028529 0.027524
0 0.535961 0.201948 0.026871 0.026129
0 0.442147 0.714514 0.030650 0.028990
0 0.109909 0.610481 0.042149 0.037496
0 0.085875 0.650452 0.063820 0.060444
0 0.623705 0.015644 0.026496 0.024375
0 0.375055 0.900008 0.024879 0.023089
0 0.521172 0.181682 0.029852 0.029210
0 0.609504 0.663189 0.034264 0.032805
0 0.409799 0.976648 0.050112 0.044726
0 0.645484 0.860970 0.069775 0.058329
0 0.122155 0.404189 0.031564 0.030389
0 0.771020 0.080621 0.023377 0.022477
0 0.582713 0.238356 0.022050 0.022482
0 0.353293 0.283184 0.017770 0.017910
0 0.853612 0.180800 0.031485 0.030347