0 0.711266 0.910949 0.228707 0.178103
0 0.363136 0.816597 0.122885 0.120411
0 0.484158 0.294201 0.031377 0.031116
0 0.033030 0.321922 0.046823 0.046987
0 0.516145 0.896964 0.029975 0.029518
0 0.093281 0.895654 0.033396 0.032821
0 0.157965 0.927918 0.026249 0.025573
0 0.194994 0.857267 0.083256 0.080624
0 0.262288 0.532839 0.023508 0.023663
0 0.247899 0.923052 0.030959 0.030852
0 0.022388 0.295178 0.028988 0.028783
0 0.704793 0.803200 0.033827 0.033858
0 0.146359 0.922368 0.085686 0.081369
0 0.064777 0.777607 0.033130 0.032622