0 0.672770 0.137962 0.182938 0.167994
0 0.185162 0.340422 0.052237 0.048101
0 0.442239 0.598390 0.038187 0.035622
0 0.199419 0.869836 0.031814 0.028367
0 0.245107 0.857089 0.033669 0.029805
0 0.817538 0.953060 0.028179 0.026599
0 0.013900 0.370748 0.025821 0.025077
0 0.217585 0.458258 0.034768 0.032549
0 0.157902 0.717345 0.027802 0.024918
0 0.938709 0.657222 0.027114 0.025339
0 0.380010 0.147956 0.026797 0.025826
0 0.452570 0.670099 0.038311 0.034987
0 0.612702 0.666476 0.029070 0.026582
0 0.358588 0.358698 0.026088 0.025048
0 0.229892 0.318855 0.027816 0.025477
0 0.704451 0.364497 0.097078 0.086840
0 0.197082 0.142531 0.043161 0.038347
0 0.226939 0.988517 0.025251 0.022173
0 0.835207 0.016414 0.028199 0.027064
0 0.273807 0.846309 0.027318 0.024936
0 0.730958 0.041627 0.021462 0.020726
0 0.911898 0.205052 0.031229 0.030049
0 0.890415 0.389956 0.104475 0.091442
0 0.304996 0.707493 0.026551 0.023866
0 0.041503 0.302039 0.024252 0.022791
0 0.482423 0.059169 0.020145 0.020316
0 0.657263 0.551177 0.028277 0.025897
0 0.077890 0.548822 0.061082 0.054271
0 0.393751 0.450475 0.030118 0.026972
0 0.024757 0.865785 0.023450 0.022591
0 0.135139 0.333201 0.021898 0.021905
0 0.181344 0.809723 0.045946 0.042512