0 0.272384 0.626883 0.071001 0.070879
0 0.492734 0.662902 0.105599 0.101809
0 0.970207 0.610648 0.054357 0.054083
0 0.443507 0.332598 0.050909 0.048837
0 0.889087 0.461607 0.035671 0.034622
0 0.275991 0.092321 0.044164 0.042771
0 0.703571 0.331546 0.057347 0.057613
0 0.295546 0.130432 0.062823 0.063473
0 0.369999 0.811538 0.041637 0.040618
0 0.299409 0.317436 0.064060 0.065176
0 0.026136 0.598659 0.052272 0.066679
0 0.589067 0.785469 0.034698 0.034450
0 0.324179 0.873419 0.039168 0.037944
0 0.068329 0.482788 0.036043 0.035078
0 0.341587 0.770307 0.047618 0.048261
0 0.407800 0.630462 0.109932 0.104517
0 0.431436 0.215884 0.065169 0.063365
0 0.165599 0.304559 0.049288 0.048547
0 0.285237 0.537760 0.068984 0.069385
0 0.055979 0.927161 0.031244 0.030776
0 0.532333 0.279180 0.058971 0.057181
0 0.343795 0.596464 0.055144 0.052782
0 0.151788 0.538818 0.047252 0.046873
0 0.105739 0.897919 0.058212 0.057956
0 0.083086 0.287214 0.049441 0.048856
0 0.270623 0.246876 0.033026 0.032435
0 0.634620 0.400590 0.031002 0.031028
0 0.182331 0.911744 0.034282 0.033584
0 0.228679 0.794137 0.033335 0.033439
0 0.384832 0.941947 0.036823 0.035990
0 0.745323 0.859440 0.039444 0.038567
0 0.204893 0.550469 0.057360 0.055949
0 0.129833 0.608009 0.031538 0.030442
0 0.020229 0.454592 0.033949 0.033354
0 0.300212 0.770094 0.037590 0.036711
0 0.721000 0.787557 0.082978 0.081741
0 0.617317 0.735363 0.038565 0.037250
0 0.010228 0.313554 0.020457 0.041502
0 0.973678 0.654386 0.026963 0.027843
0 0.713766 0.921048 0.108535 0.106030
0 0.456232 0.149417 0.051436 0.050785
0 0.620831 0.956873 0.034508 0.033308
0 0.535973 0.461001 0.047139 0.045790
0 0.631302 0.623451 0.031768 0.030637
0 0.045726 0.040165 0.091408 0.080329
0 0.573775 0.932140 0.064077 0.062974
0 0.552853 0.797132 0.032787 0.032342
0 0.452559 0.618364 0.051179 0.052097
0 0.501956 0.912177 0.031696 0.030595
0 0.129597 0.847964 0.035703 0.036278
0 0.671303 0.743180 0.028216 0.028211
0 0.102908 0.232714 0.028029 0.028318
0 0.511676 0.503961 0.055610 0.054832
0 0.260095 0.277945 0.043304 0.043316
0 0.595727 0.987207 0.038700 0.025586
0 0.450150 0.107426 0.046846 0.046507
0 0.049010 0.140075 0.085699 0.080561
0 0.456130 0.554273 0.046819 0.045305
0 0.339256 0.145698 0.039259 0.041159
0 0.480807 0.184539 0.034102 0.032877
0 0.251849 0.318662 0.028053 0.028196
0 0.877379 0.186307 0.073466 0.073606
0 0.307135 0.216247 0.028018 0.028261
0 0.086119 0.873440 0.029474 0.029710
0 0.788467 0.644714 0.032112 0.032233
0 0.855806 0.707845 0.280917 0.457453
0 0.504853 0.771135 0.031551 0.031668
0 0.877622 0.940038 0.227697 0.119924
0 0.072328 0.861143 0.059434 0.058326
0 0.059323 0.746542 0.027463 0.027440
0 0.725313 0.832124 0.034588 0.033464
0 0.150207 0.889738 0.026480 0.025940
0 0.279935 0.503129 0.025941 0.025691