0 0.259337 0.220050 0.115184 0.109858
0 0.067974 0.273987 0.129096 0.124834
0 0.345704 0.667271 0.069572 0.069811
0 0.248835 0.323740 0.046552 0.044384
0 0.691282 0.901589 0.036183 0.035949
0 0.196794 0.283983 0.041301 0.039788
0 0.842055 0.686336 0.030512 0.030105
0 0.668887 0.539052 0.040479 0.039769
0 0.393303 0.916849 0.032134 0.031557
0 0.138559 0.902036 0.028316 0.028236
0 0.964648 0.352158 0.040575 0.039561
0 0.578444 0.522768 0.028058 0.026628
0 0.110482 0.762030 0.026931 0.026382
0 0.651515 0.637944 0.029310 0.028736
0 0.146872 0.355306 0.029547 0.027051
0 0.596699 0.025644 0.027438 0.026055
0 0.990879 0.636943 0.018110 0.026999
0 0.605672 0.634209 0.029596 0.029443
0 0.119125 0.963678 0.025940 0.025506
0 0.151049 0.828188 0.026875 0.026255
0 0.655487 0.140701 0.027488 0.026218
0 0.722452 0.761498 0.035149 0.034287
0 0.603453 0.470721 0.043076 0.041678
0 0.842247 0.127077 0.025776 0.024292
0 0.824309 0.545196 0.024025 0.023391
0 0.179645 0.427835 0.028727 0.027550
0 0.847519 0.019566 0.035044 0.034362
0 0.341304 0.738962 0.068488 0.067293
0 0.967042 0.442026 0.040981 0.040917
0 0.440695 0.978485 0.056239 0.043030