0 0.081541 0.397270 0.065254 0.051339
0 0.826911 0.900004 0.081018 0.065566
0 0.585465 0.609138 0.056646 0.045071
0 0.333142 0.898547 0.062322 0.050805
0 0.164694 0.353046 0.084175 0.069136
0 0.453216 0.575390 0.041333 0.033751
0 0.353995 0.760669 0.037898 0.031412
0 0.493689 0.696868 0.064561 0.050755
0 0.476847 0.274254 0.096972 0.079548
0 0.213587 0.022916 0.090982 0.045177
0 0.725366 0.104706 0.044749 0.037331
0 0.149918 0.888191 0.297135 0.223617
0 0.899545 0.651063 0.105999 0.087545
0 0.112787 0.587894 0.170941 0.144385
0 0.336520 0.581451 0.090989 0.073706
0 0.893831 0.096787 0.040388 0.034332
0 0.562954 0.641189 0.042122 0.031108
0 0.606106 0.637819 0.036764 0.028667
0 0.401998 0.798779 0.037321 0.030630
0 0.429243 0.941831 0.050936 0.038058
0 0.888928 0.367493 0.222143 0.389077
0 0.429067 0.476582 0.042228 0.033434
0 0.624020 0.107894 0.053804 0.042920
0 0.561899 0.025415 0.052461 0.048073
0 0.159561 0.115322 0.319121 0.230645
0 0.741137 0.398489 0.067827 0.053259
0 0.005012 0.733093 0.010024 0.041377
0 0.274239 0.366380 0.044570 0.036684
0 0.905657 0.428496 0.037249 0.032155
0 0.967382 0.429451 0.042982 0.034230
0 0.325435 0.833982 0.031302 0.028166
0 0.878720 0.991488 0.031808 0.017023
0 0.258743 0.940346 0.090416 0.077942
0 0.502276 0.951942 0.028673 0.026490
0 0.461781 0.100139 0.034728 0.031772
0 0.720575 0.329233 0.029090 0.025414