0 0.113309 0.186865 0.051082 0.050478
0 0.894783 0.140444 0.029854 0.029271
0 0.861342 0.923142 0.037451 0.036257
0 0.182172 0.118015 0.038394 0.037219
0 0.839992 0.793640 0.033706 0.034029
0 0.644264 0.416953 0.043536 0.041259
0 0.354772 0.251531 0.051166 0.049040
0 0.313121 0.262114 0.042389 0.041404
0 0.785372 0.976376 0.055448 0.046468
0 0.355011 0.476440 0.049248 0.049579
0 0.436036 0.472918 0.048916 0.048448
0 0.419298 0.759058 0.031160 0.030295
0 0.608771 0.393559 0.039019 0.037039
0 0.300576 0.031478 0.049033 0.046558
0 0.277704 0.721135 0.040883 0.038567
0 0.252113 0.617997 0.058813 0.058835
0 0.658218 0.249511 0.035038 0.034203
0 0.750980 0.465812 0.033757 0.032888
0 0.398425 0.495943 0.046223 0.045254
0 0.412528 0.407432 0.044003 0.041632
0 0.615738 0.456729 0.033635 0.032954
0 0.098323 0.149652 0.029978 0.029033
0 0.638657 0.216238 0.042094 0.042468
0 0.716829 0.530308 0.045102 0.040250
0 0.642441 0.371767 0.033087 0.032158
0 0.254022 0.061815 0.038028 0.037578
0 0.672152 0.581677 0.034090 0.033431
0 0.115943 0.770085 0.029528 0.029231
0 0.807277 0.664660 0.032549 0.031500
0 0.056908 0.224185 0.037848 0.037584
0 0.783290 0.641157 0.030623 0.031061
0 0.993844 0.953581 0.012164 0.038488
0 0.018783 0.351833 0.037567 0.047110
0 0.258062 0.561987 0.028014 0.027726
0 0.312912 0.487338 0.029706 0.028283
0 0.160385 0.664240 0.028628 0.028770
0 0.710487 0.502792 0.034764 0.035815
0 0.033538 0.701025 0.025890 0.026013
0 0.299949 0.745766 0.035750 0.034473
0 0.315630 0.456948 0.035051 0.034538
0 0.038247 0.380712 0.035951 0.036004
0 0.784134 0.411984 0.023842 0.023687
0 0.287667 0.071374 0.026539 0.026656
0 0.910483 0.784333 0.031278 0.030754
0 0.493705 0.422015 0.034595 0.032610
0 0.672940 0.607119 0.033358 0.033395
0 0.509875 0.712693 0.025207 0.024662
0 0.087816 0.422347 0.039507 0.036875
0 0.392086 0.469633 0.030989 0.028833
0 0.387717 0.885087 0.033746 0.032264
0 0.117574 0.876518 0.030147 0.028592
0 0.307360 0.811289 0.030963 0.028191
0 0.837494 0.324148 0.024835 0.023805
0 0.096411 0.535050 0.027597 0.027504
0 0.730921 0.100065 0.026822 0.026001
0 0.669929 0.219588 0.029062 0.028937
0 0.602969 0.008211 0.035838 0.016294
0 0.240252 0.042859 0.041006 0.038258
0 0.407819 0.251463 0.031179 0.031261
0 0.287500 0.603772 0.028235 0.028280
0 0.814836 0.961499 0.024093 0.023328
0 0.716002 0.535243 0.038739 0.039478
0 0.153622 0.850485 0.028398 0.028367
0 0.293514 0.409618 0.049631 0.048066
0 0.098823 0.222725 0.029705 0.028920
0 0.993117 0.958479 0.013765 0.048737
0 0.339439 0.327313 0.034498 0.032002
0 0.717893 0.545122 0.027531 0.024118
0 0.952938 0.516171 0.023589 0.023675
0 0.074558 0.243603 0.029628 0.029725
0 0.283607 0.007179 0.028005 0.014359
0 0.934167 0.011726 0.043986 0.023451
0 0.430851 0.498121 0.023199 0.023208
0 0.608037 0.304646 0.032536 0.032376
0 0.257475 0.684467 0.032456 0.032535
0 0.006454 0.942530 0.012907 0.037867