0 0.218245 0.689469 0.082144 0.080728
0 0.091120 0.050650 0.051857 0.051093
0 0.451074 0.351644 0.047443 0.046693
0 0.161374 0.413245 0.050240 0.050567
0 0.289800 0.276685 0.042093 0.042086
0 0.161542 0.819097 0.053810 0.052446
0 0.583898 0.090335 0.037697 0.037906
0 0.156296 0.918949 0.038346 0.038063
0 0.101370 0.205020 0.029784 0.029644
0 0.445893 0.159637 0.030926 0.030631
0 0.095990 0.548804 0.033129 0.032470
0 0.038505 0.906707 0.042253 0.040241
0 0.548118 0.080577 0.036882 0.035894
0 0.333849 0.059622 0.031642 0.032007
0 0.560810 0.817019 0.032679 0.032032
0 0.325281 0.785804 0.048208 0.046048
0 0.283397 0.053866 0.036241 0.035339
0 0.434164 0.711935 0.051452 0.049475
0 0.531422 0.626371 0.040035 0.039924
0 0.520702 0.009824 0.038591 0.019648
0 0.277227 0.440598 0.027300 0.026566
0 0.386020 0.965331 0.067730 0.065609
0 0.307403 0.302160 0.028611 0.027962
0 0.249960 0.989607 0.044035 0.020786
0 0.334381 0.160886 0.028312 0.027329
0 0.255977 0.125736 0.028674 0.027514
0 0.054676 0.098597 0.026913 0.026709
0 0.073510 0.148232 0.027384 0.027351
0 0.257879 0.844743 0.049375 0.045710
0 0.388866 0.208000 0.025088 0.024594
0 0.519319 0.144782 0.028072 0.026055
0 0.333451 0.245462 0.030769 0.029644
0 0.485149 0.870029 0.032512 0.031679
0 0.458206 0.905472 0.039097 0.038402
0 0.410575 0.216803 0.024572 0.024532
0 0.336794 0.140227 0.024356 0.024656
0 0.377264 0.843894 0.031272 0.031236
0 0.311067 0.078983 0.029843 0.029888
0 0.294270 0.575949 0.027953 0.027023
0 0.427934 0.171930 0.022787 0.021595
0 0.107413 0.610050 0.024445 0.024374
0 0.368529 0.312718 0.027632 0.027080
0 0.024433 0.115537 0.026054 0.025766
0 0.551998 0.422828 0.024167 0.023636
0 0.516930 0.827360 0.027905 0.026871
0 0.263859 0.072593 0.024688 0.023652
0 0.186400 0.601106 0.026598 0.026294
0 0.355882 0.229473 0.023100 0.022674
0 0.432335 0.852515 0.072742 0.076103
0 0.381388 0.113475 0.022562 0.022726
0 0.080470 0.524124 0.030547 0.029087
0 0.515750 0.769832 0.030085 0.029993
0 0.064889 0.879392 0.028669 0.027264
0 0.587677 0.158068 0.023928 0.023660
0 0.261316 0.423201 0.022514 0.022225
0 0.310261 0.392921 0.024593 0.024009
0 0.156578 0.211982 0.023796 0.024205
0 0.495064 0.027207 0.025495 0.024566