0 0.428336 0.591896 0.096447 0.094614
0 0.743333 0.790637 0.104126 0.101577
0 0.632759 0.708407 0.076132 0.072028
0 0.256004 0.916470 0.075022 0.075241
0 0.067884 0.537910 0.060986 0.059508
0 0.765336 0.558203 0.056694 0.054682
0 0.675360 0.861206 0.049467 0.048457
0 0.402202 0.036427 0.106975 0.072675
0 0.400796 0.227189 0.044134 0.042994
0 0.851916 0.973556 0.098140 0.052888
0 0.648437 0.183320 0.039237 0.038441
0 0.919705 0.516388 0.038387 0.037851
0 0.758057 0.014295 0.033621 0.028589
0 0.770334 0.504744 0.035849 0.035328
0 0.102195 0.657714 0.093085 0.091731
0 0.516707 0.194088 0.050782 0.047909
0 0.169847 0.736682 0.097764 0.097111
0 0.476141 0.224186 0.038427 0.037085
0 0.016397 0.609380 0.032545 0.037012
0 0.987549 0.375337 0.024571 0.060557
0 0.307296 0.036921 0.027007 0.026477
0 0.330907 0.617533 0.036863 0.035860
0 0.427485 0.990509 0.034660 0.018941
0 0.836376 0.467723 0.034413 0.033662
0 0.219421 0.795501 0.071875 0.072067
0 0.317583 0.513043 0.031715 0.030144
0 0.663669 0.014820 0.063461 0.029640
0 0.139114 0.874120 0.026846 0.026766
0 0.967891 0.341571 0.029808 0.029253
0 0.577531 0.542417 0.028540 0.028458
0 0.292829 0.569950 0.027414 0.026355
0 0.974471 0.240555 0.051058 0.058950
0 0.293984 0.478985 0.030332 0.029886
0 0.017133 0.402818 0.034248 0.038630
0 0.083932 0.801438 0.029111 0.027801
0 0.580992 0.755590 0.036520 0.036058
0 0.058674 0.749630 0.027838 0.026732
0 0.259645 0.678276 0.035616 0.035080
0 0.624424 0.744867 0.028716 0.028574
0 0.789398 0.641651 0.028558 0.027969
0 0.517072 0.160955 0.038283 0.036878
0 0.887845 0.314302 0.041745 0.039832
0 0.862820 0.780583 0.030423 0.029597
0 0.709735 0.719967 0.027925 0.027253
0 0.684111 0.505552 0.044193 0.043084
0 0.210377 0.791694 0.088875 0.084991
0 0.472184 0.782156 0.069275 0.068201
0 0.841841 0.023022 0.020653 0.020273
0 0.392441 0.371226 0.072714 0.070443
0 0.987731 0.073802 0.024538 0.103105
0 0.878403 0.940962 0.037543 0.036504
0 0.407742 0.796583 0.031649 0.030243
0 0.889716 0.344225 0.025495 0.025158
0 0.336881 0.183999 0.028376 0.026983
0 0.156887 0.115334 0.023262 0.022343
0 0.878704 0.752794 0.029982 0.028084
0 0.490299 0.338267 0.032178 0.031043
0 0.281767 0.980211 0.031598 0.031742
0 0.228061 0.303319 0.024778 0.024364
0 0.046359 0.309745 0.031447 0.030279
0 0.666481 0.965816 0.025204 0.024517
0 0.991748 0.853377 0.016505 0.025889
0 0.991623 0.071247 0.016754 0.082011
0 0.124437 0.968528 0.032596 0.033771
0 0.009024 0.983379 0.018048 0.033242
0 0.044396 0.603633 0.023123 0.023277