0 0.084799 0.419580 0.047905 0.047133
0 0.114235 0.030384 0.041691 0.039389
0 0.799353 0.016924 0.031493 0.031176
0 0.843276 0.929829 0.045890 0.045206
0 0.401628 0.274708 0.033755 0.032808
0 0.646698 0.465840 0.030199 0.029601
0 0.540091 0.566811 0.034175 0.034502
0 0.137559 0.462047 0.036738 0.034701
0 0.192051 0.117324 0.034612 0.033885
0 0.661237 0.513678 0.033642 0.033367
0 0.542989 0.747502 0.045053 0.045444
0 0.354568 0.199908 0.036866 0.036397
0 0.359207 0.246566 0.049234 0.048027
0 0.310028 0.228707 0.049422 0.048475
0 0.618488 0.725827 0.037097 0.036917
0 0.015857 0.173832 0.031696 0.052871
0 0.612487 0.657139 0.034274 0.034829
0 0.424729 0.072399 0.031533 0.031782
0 0.807251 0.802544 0.032734 0.032626
0 0.134291 0.153899 0.035996 0.034886
0 0.010025 0.098869 0.019119 0.037983
0 0.741910 0.046036 0.029188 0.029268
0 0.630283 0.576126 0.030995 0.030394
0 0.882672 0.270528 0.031963 0.032148
0 0.785728 0.220909 0.027516 0.027674
0 0.288039 0.008205 0.043855 0.016304
0 0.543717 0.776470 0.028718 0.027775
0 0.555885 0.682770 0.032925 0.032629
0 0.183555 0.414948 0.029226 0.028825
0 0.681592 0.612627 0.029363 0.029794
0 0.794940 0.282773 0.025087 0.024610
0 0.611308 0.791166 0.029986 0.029377
0 0.306043 0.059193 0.028700 0.028754
0 0.128434 0.081762 0.029562 0.029743
0 0.245852 0.846226 0.031780 0.030323
0 0.722783 0.841256 0.031270 0.031093
0 0.584137 0.360348 0.043199 0.043575
0 0.523090 0.861098 0.028632 0.028251
0 0.787543 0.538352 0.027117 0.027099
0 0.713526 0.868705 0.271107 0.262590
0 0.577341 0.832449 0.029633 0.029811
0 0.212774 0.186782 0.029101 0.028772
0 0.062256 0.881228 0.030495 0.030663
0 0.610507 0.542509 0.027152 0.026474
0 0.424541 0.764178 0.026729 0.026732
0 0.098111 0.135207 0.025504 0.025017
0 0.219966 0.640820 0.046152 0.046920
0 0.116324 0.851591 0.062901 0.060226
0 0.438808 0.127118 0.025189 0.025012
0 0.730008 0.478754 0.025942 0.025647
0 0.378644 0.666483 0.115716 0.112546
0 0.399774 0.548359 0.048286 0.047860
0 0.930415 0.018250 0.118884 0.036499
0 0.341614 0.351236 0.036313 0.036723
0 0.790845 0.469163 0.032594 0.032103
0 0.048063 0.635941 0.087252 0.082675
0 0.395656 0.540266 0.056523 0.057887
0 0.469630 0.193764 0.021906 0.022094
0 0.972200 0.530525 0.046991 0.046133