0 0.572033 0.462139 0.148326 0.151478
0 0.874458 0.659686 0.072235 0.071115
0 0.791407 0.106477 0.065393 0.063789
0 0.931798 0.480171 0.109141 0.107264
0 0.572521 0.193250 0.088911 0.085350
0 0.119362 0.629567 0.068644 0.067361
0 0.818477 0.624446 0.042213 0.041250
0 0.892754 0.770758 0.057281 0.054790
0 0.309283 0.746921 0.063665 0.061086
0 0.797876 0.840824 0.033446 0.032507
0 0.923200 0.735612 0.040564 0.038906
0 0.893120 0.598912 0.042571 0.042443
0 0.854511 0.305002 0.103386 0.104839
0 0.924673 0.668844 0.035918 0.035951
0 0.732064 0.745219 0.041882 0.040108
0 0.781290 0.509573 0.031190 0.029716
0 0.470580 0.037093 0.039086 0.037724
0 0.827987 0.793922 0.031418 0.030365
0 0.768577 0.720078 0.036451 0.035312
0 0.066891 0.010918 0.031979 0.021837
0 0.888983 0.107826 0.040865 0.039256
0 0.919659 0.568483 0.040665 0.038791
0 0.882101 0.524403 0.029897 0.028927
0 0.912387 0.023494 0.054268 0.046816
0 0.774914 0.240208 0.063201 0.064242
0 0.640485 0.148185 0.027168 0.026741
0 0.781550 0.686332 0.037500 0.035872
0 0.283082 0.052651 0.027559 0.026671
0 0.984603 0.982274 0.030794 0.033962
0 0.355950 0.090548 0.030711 0.029769
0 0.924536 0.612130 0.032049 0.030768
0 0.915691 0.389448 0.051616 0.051008
0 0.977231 0.607789 0.035428 0.034966
0 0.703583 0.470776 0.024848 0.024501
0 0.973895 0.556134 0.052210 0.114750
0 0.301170 0.176890 0.038687 0.035696
0 0.716018 0.340967 0.026234 0.026330
0 0.883484 0.990329 0.045743 0.018936
0 0.748853 0.280936 0.031041 0.030539
0 0.306803 0.138781 0.035065 0.032587
0 0.961724 0.963082 0.029432 0.028794
0 0.008627 0.340880 0.016382 0.026876
0 0.686413 0.758028 0.061618 0.062899
0 0.713527 0.103057 0.047323 0.046851
0 0.917612 0.384005 0.043890 0.042522
0 0.966882 0.580402 0.028783 0.028010
0 0.847790 0.342462 0.070830 0.065996
0 0.224345 0.160607 0.034648 0.033551
0 0.946093 0.642674 0.035473 0.034702
0 0.724059 0.960168 0.024506 0.024236
0 0.411417 0.189996 0.034144 0.032423
0 0.772763 0.901291 0.034706 0.034277