0 0.062965 0.300977 0.041695 0.038501
0 0.484242 0.660294 0.038011 0.031233
0 0.557033 0.451970 0.035812 0.029955
0 0.012274 0.638786 0.024548 0.030980
0 0.773054 0.076271 0.030245 0.028037
0 0.028408 0.981649 0.034493 0.028874
0 0.292916 0.352685 0.165828 0.146858
0 0.935381 0.603681 0.031385 0.029832
0 0.337959 0.052890 0.338560 0.103394
0 0.195750 0.767880 0.087406 0.074196
0 0.143743 0.883506 0.032862 0.027869
0 0.115644 0.788991 0.093411 0.074384
0 0.117112 0.144230 0.029229 0.027235
0 0.395605 0.698925 0.030709 0.026004
0 0.101721 0.456377 0.027330 0.025016
0 0.655558 0.960932 0.032194 0.027881
0 0.007372 0.283740 0.014743 0.030560
0 0.311928 0.114293 0.039709 0.035754
0 0.529523 0.535992 0.058843 0.045505
0 0.738209 0.990568 0.024981 0.018863
0 0.248944 0.614350 0.103955 0.080976
0 0.926554 0.731880 0.036210 0.031647
0 0.469576 0.592603 0.046270 0.038855
0 0.319121 0.668781 0.055775 0.045608
0 0.880519 0.613662 0.193952 0.174224
0 0.134167 0.988056 0.050261 0.023773