0 0.534007 0.489360 0.181820 0.176551
0 0.780137 0.320188 0.093265 0.090988
0 0.302629 0.154671 0.063377 0.061902
0 0.035140 0.961703 0.037756 0.037327
0 0.725684 0.563696 0.040062 0.038834
0 0.263063 0.464717 0.035287 0.034249
0 0.923752 0.498982 0.037921 0.037391
0 0.113545 0.918863 0.051984 0.052534
0 0.103856 0.356876 0.064293 0.062830
0 0.026843 0.826192 0.037371 0.036751
0 0.217796 0.901838 0.041023 0.041219
0 0.852126 0.352504 0.041346 0.039096
0 0.018288 0.548242 0.036365 0.049865
0 0.979807 0.187778 0.040385 0.058089
0 0.485386 0.730785 0.047309 0.044821
0 0.470676 0.917656 0.200061 0.164689
0 0.287416 0.765579 0.041483 0.039203
0 0.913708 0.316558 0.031408 0.031190
0 0.193847 0.870796 0.054078 0.054328
0 0.474353 0.126874 0.029839 0.029744
0 0.156830 0.379359 0.037448 0.036350
0 0.838124 0.549144 0.048439 0.047714
0 0.822057 0.476949 0.037787 0.036880
0 0.206010 0.423730 0.030352 0.029453
0 0.930299 0.700234 0.096735 0.095898
0 0.951039 0.615302 0.035069 0.035492
0 0.617357 0.298293 0.049298 0.049015
0 0.439018 0.738615 0.043282 0.043858
0 0.739227 0.520691 0.040265 0.039781
0 0.308882 0.679125 0.032523 0.031245
0 0.503005 0.794715 0.049461 0.048229
0 0.195533 0.120052 0.042690 0.041862
0 0.370032 0.050376 0.370709 0.100418
0 0.176900 0.798081 0.026154 0.025897
0 0.711558 0.910353 0.033220 0.031967
0 0.329267 0.982650 0.042198 0.034701
0 0.204015 0.789553 0.034199 0.034074
0 0.629521 0.404195 0.034602 0.033148
0 0.152309 0.903448 0.038337 0.038010
0 0.353452 0.894283 0.034456 0.033517
0 0.250177 0.864107 0.039025 0.038474
0 0.193016 0.984554 0.036962 0.030147
0 0.398698 0.840582 0.033602 0.032858
0 0.586155 0.329343 0.047028 0.049152
0 0.215398 0.355292 0.065543 0.065363
0 0.526050 0.606274 0.043329 0.039599
0 0.404433 0.097658 0.038060 0.037215
0 0.378910 0.990819 0.040164 0.018363
0 0.299827 0.859578 0.144208 0.137795
0 0.458878 0.354745 0.481584 0.411774
0 0.359413 0.956040 0.029805 0.028360
0 0.086044 0.302529 0.028907 0.027946
0 0.820680 0.382110 0.040737 0.040361
0 0.186799 0.927212 0.039070 0.039037
0 0.440758 0.807066 0.029132 0.027760
0 0.846142 0.009065 0.040491 0.017905
0 0.209303 0.614186 0.027646 0.026837
0 0.191366 0.585657 0.036538 0.036391
0 0.827300 0.161391 0.345399 0.322782
0 0.426994 0.986007 0.034485 0.027792
0 0.031827 0.859403 0.037752 0.037822
0 0.624952 0.532678 0.026348 0.025610
0 0.038975 0.409461 0.077156 0.291688
0 0.179952 0.735592 0.025928 0.025698
0 0.729638 0.382132 0.026750 0.024907
0 0.486125 0.859489 0.033108 0.032895
0 0.651543 0.991154 0.041119 0.017692
0 0.039467 0.751749 0.045095 0.045815
0 0.799153 0.362449 0.026044 0.025684
0 0.219359 0.563036 0.026672 0.026532
0 0.185076 0.463402 0.031631 0.031009
0 0.938026 0.771811 0.086737 0.087671
0 0.789683 0.826829 0.420635 0.346342
0 0.400527 0.534127 0.222864 0.194968
0 0.695629 0.825822 0.057948 0.056471
0 0.248125 0.985308 0.025965 0.025659
0 0.137626 0.986373 0.041053 0.026646