0 0.521446 0.954813 0.056837 0.046936
0 0.691996 0.665498 0.244754 0.196503
0 0.425251 0.442962 0.073828 0.058808
0 0.412981 0.952457 0.071552 0.057457
0 0.483305 0.296434 0.199078 0.159425
0 0.083636 0.432629 0.069770 0.055890
0 0.670096 0.984564 0.048002 0.030468
0 0.678057 0.177614 0.041599 0.033114
0 0.492147 0.680136 0.051268 0.038483
0 0.265854 0.046893 0.044464 0.032978
0 0.102892 0.229109 0.035955 0.027531
0 0.270653 0.974872 0.042286 0.036837
0 0.131079 0.597116 0.040633 0.031960
0 0.968233 0.893431 0.062967 0.096282
0 0.980197 0.712691 0.039605 0.042216
0 0.824404 0.989674 0.051320 0.020653
0 0.244386 0.169869 0.036295 0.028635
0 0.267382 0.790192 0.029712 0.024936
0 0.017202 0.452929 0.034403 0.088445
0 0.084962 0.336789 0.032449 0.025918
0 0.177194 0.966010 0.029417 0.023212
0 0.508633 0.462898 0.033413 0.028029
0 0.294952 0.625244 0.049575 0.039193
0 0.194904 0.025867 0.034234 0.027246
0 0.830027 0.901064 0.035487 0.027520
0 0.115639 0.157017 0.031481 0.025055
0 0.432599 0.719942 0.031822 0.026603
0 0.498651 0.731665 0.044499 0.035908
0 0.169505 0.791722 0.033400 0.026705
0 0.279823 0.842405 0.043096 0.037350
0 0.051670 0.911866 0.026674 0.022294
0 0.445388 0.773716 0.058067 0.044648
0 0.016067 0.459306 0.032094 0.063547
0 0.964194 0.794015 0.047284 0.038636
0 0.787380 0.461780 0.425240 0.494062
0 0.328827 0.479703 0.036460 0.030302
0 0.547434 0.704388 0.066945 0.056688
0 0.979484 0.180517 0.041031 0.092342
0 0.989110 0.955759 0.021780 0.029646
0 0.274153 0.432462 0.064607 0.046655
0 0.442323 0.768079 0.049561 0.033932
0 0.055501 0.836625 0.023946 0.023249
0 0.525099 0.422588 0.027304 0.022717
0 0.299561 0.514318 0.034461 0.028823
0 0.152196 0.870292 0.032777 0.028672
0 0.450520 0.625220 0.029998 0.025100
0 0.005522 0.350423 0.010898 0.047547
0 0.546083 0.708909 0.057043 0.042038
0 0.836440 0.865392 0.031860 0.026347
0 0.187101 0.386539 0.032823 0.024120