0 0.334804 0.514380 0.043641 0.042901
0 0.054839 0.571110 0.042643 0.042304
0 0.515220 0.887562 0.034193 0.034069
0 0.041745 0.954484 0.041868 0.041694
0 0.537168 0.636087 0.047044 0.046737
0 0.387009 0.020157 0.040495 0.037907
0 0.426610 0.367240 0.030146 0.030200
0 0.829827 0.636210 0.056278 0.053167
0 0.314826 0.558039 0.028155 0.027504
0 0.755296 0.907252 0.031765 0.031285
0 0.859376 0.984431 0.060101 0.031040
0 0.447538 0.674734 0.053739 0.051880
0 0.848146 0.283848 0.069799 0.068282
0 0.357932 0.167967 0.068631 0.067243
0 0.929169 0.384645 0.039463 0.038249
0 0.786180 0.308334 0.061285 0.059908
0 0.975553 0.723858 0.044230 0.044211
0 0.885933 0.228241 0.055781 0.053678
0 0.795631 0.980106 0.051168 0.039789
0 0.013545 0.504804 0.026867 0.043834
0 0.772452 0.685686 0.029572 0.028299
0 0.119313 0.407696 0.074360 0.073451
0 0.918859 0.349332 0.038612 0.038650
0 0.845991 0.402069 0.065650 0.063899
0 0.623814 0.734284 0.043128 0.043519
0 0.778224 0.459547 0.038911 0.037674
0 0.291110 0.017263 0.028595 0.028571
0 0.403522 0.207912 0.471904 0.415823
0 0.664272 0.776474 0.026123 0.026180
0 0.921273 0.611670 0.029606 0.028137
0 0.137616 0.368615 0.027478 0.028393
0 0.987414 0.865251 0.025173 0.035916
0 0.634162 0.421384 0.061859 0.060247
0 0.469950 0.812340 0.031292 0.029346
0 0.608614 0.089452 0.026065 0.025880
0 0.693700 0.299971 0.033340 0.032134
0 0.788911 0.712799 0.064822 0.060918
0 0.534813 0.534043 0.045306 0.043029
0 0.505952 0.008211 0.030821 0.016369
0 0.988846 0.433757 0.022308 0.041962
0 0.988931 0.238051 0.021959 0.036709
0 0.877791 0.812305 0.027266 0.026712
0 0.508653 0.054308 0.026169 0.025942
0 0.816138 0.443277 0.043440 0.042226
0 0.016039 0.501131 0.032078 0.052688
0 0.071777 0.234530 0.066450 0.066139
0 0.878253 0.577343 0.036823 0.035851
0 0.010804 0.415054 0.021607 0.042809
0 0.828600 0.793328 0.035115 0.033425
0 0.775884 0.388376 0.040006 0.037418
0 0.802961 0.714839 0.040432 0.039977
0 0.802043 0.264925 0.025987 0.025399
0 0.342505 0.864588 0.082311 0.079530
0 0.337079 0.081617 0.030671 0.030755
0 0.667209 0.129704 0.029641 0.029656
0 0.082459 0.910822 0.038129 0.036491
0 0.191528 0.031420 0.049719 0.047905
0 0.428500 0.208963 0.040481 0.039284
0 0.876344 0.557864 0.035229 0.032907
0 0.091690 0.349267 0.044420 0.043410
0 0.970927 0.271051 0.029729 0.029814