0 0.118368 0.446599 0.232886 0.224142
0 0.505183 0.873036 0.061577 0.060999
0 0.339794 0.248391 0.056734 0.055446
0 0.948656 0.252849 0.058180 0.058283
0 0.347693 0.182884 0.070402 0.070085
0 0.633292 0.749910 0.089172 0.087975
0 0.274411 0.507345 0.051706 0.050397
0 0.154761 0.870567 0.048701 0.048384
0 0.752667 0.884029 0.055167 0.054691
0 0.798198 0.214227 0.040310 0.040028
0 0.634207 0.063072 0.041420 0.040817
0 0.368391 0.334813 0.036377 0.036071
0 0.287262 0.140253 0.031186 0.030813
0 0.392051 0.971339 0.096355 0.056864
0 0.439475 0.042868 0.122980 0.085736
0 0.958632 0.501791 0.029055 0.028261
0 0.966828 0.655245 0.037448 0.037158
0 0.984494 0.061522 0.031012 0.036183
0 0.440306 0.491360 0.159513 0.162499
0 0.908218 0.074785 0.035259 0.034155
0 0.517333 0.118909 0.035510 0.033966
0 0.709488 0.374979 0.029971 0.029497
0 0.539695 0.154220 0.029082 0.028693
0 0.560013 0.907597 0.029842 0.029208
0 0.287053 0.828444 0.033244 0.033634
0 0.485622 0.066010 0.068064 0.068069
0 0.553980 0.026614 0.107985 0.052526
0 0.601532 0.935117 0.037169 0.036087
0 0.810988 0.826738 0.050477 0.050390
0 0.014580 0.049350 0.026490 0.027745
0 0.605707 0.839455 0.063739 0.063148
0 0.965918 0.045099 0.024447 0.023882
0 0.679874 0.006360 0.030289 0.012719
0 0.352611 0.510866 0.029563 0.028697
0 0.832867 0.383943 0.029903 0.030460
0 0.703365 0.580430 0.032485 0.032586
0 0.012647 0.214688 0.025294 0.063257
0 0.910692 0.182819 0.027412 0.027856
0 0.239027 0.916599 0.051964 0.051460
0 0.337883 0.606215 0.067550 0.064054
0 0.309875 0.347965 0.027847 0.026803
0 0.081257 0.270715 0.043816 0.042043
0 0.818926 0.145575 0.027107 0.026140
0 0.284639 0.792157 0.034797 0.036497
0 0.337444 0.571234 0.091944 0.093469
0 0.676916 0.244775 0.026773 0.026527
0 0.359828 0.105864 0.062986 0.062808
0 0.222940 0.072449 0.227197 0.142882
0 0.843760 0.005690 0.031894 0.011380
0 0.730566 0.684479 0.049597 0.050729