0 0.362243 0.378123 0.255443 0.207469
0 0.762950 0.441263 0.297830 0.256873
0 0.726008 0.704458 0.179555 0.155675
0 0.332923 0.109559 0.276031 0.217769
0 0.050910 0.134919 0.101163 0.177335
0 0.393155 0.229528 0.166824 0.139360
0 0.498209 0.548948 0.098834 0.083617
0 0.934369 0.041542 0.127366 0.083084
0 0.052194 0.917122 0.058663 0.047924
0 0.140297 0.952438 0.037944 0.031612
0 0.390102 0.593852 0.047726 0.039165
0 0.907962 0.651080 0.057511 0.045783
0 0.489471 0.245529 0.038731 0.032851
0 0.936515 0.202863 0.057513 0.049410
0 0.738786 0.134472 0.125340 0.107347
0 0.187639 0.843987 0.034745 0.029214
0 0.517682 0.774416 0.053591 0.043369
0 0.021199 0.304999 0.042399 0.050163
0 0.825989 0.268633 0.071379 0.058484
0 0.808011 0.321632 0.049608 0.039099
0 0.634352 0.863173 0.035869 0.032223
0 0.935892 0.831853 0.033949 0.029750
0 0.455320 0.789148 0.065085 0.055868
0 0.266990 0.576922 0.043701 0.038410
0 0.176329 0.212055 0.121381 0.103291
0 0.904066 0.153233 0.033603 0.029120
0 0.032724 0.874600 0.031866 0.028116
0 0.921181 0.871148 0.055296 0.048722
0 0.965841 0.088634 0.033622 0.029110
0 0.687010 0.968961 0.095368 0.062077
0 0.898295 0.260539 0.051762 0.041676
0 0.424826 0.971249 0.087068 0.057501
0 0.157962 0.047454 0.103097 0.080806
0 0.096247 0.563923 0.192493 0.504057
0 0.926478 0.224232 0.033482 0.025994
0 0.735243 0.267004 0.031281 0.025392
0 0.608984 0.781990 0.069495 0.060147
0 0.988364 0.572231 0.023272 0.026180
0 0.771120 0.196745 0.042474 0.036764
0 0.901784 0.318810 0.141022 0.122021
0 0.949417 0.415257 0.098222 0.075164
0 0.827017 0.638070 0.056064 0.046114
0 0.667821 0.277132 0.030518 0.026468
0 0.609837 0.773367 0.084804 0.071084
0 0.856021 0.939619 0.280539 0.119873
0 0.431571 0.891673 0.127223 0.102900
0 0.142107 0.298886 0.284214 0.306684
0 0.832520 0.047496 0.031559 0.027729
0 0.549379 0.310920 0.059729 0.047122
0 0.467764 0.310948 0.031870 0.027296
0 0.723922 0.217200 0.048062 0.038588
0 0.818246 0.963865 0.119741 0.072270
0 0.785533 0.890286 0.044595 0.038509
0 0.623545 0.992147 0.038131 0.015706
0 0.557846 0.308256 0.042687 0.036483
0 0.176953 0.042473 0.154924 0.082771
0 0.015134 0.830759 0.030268 0.028298
0 0.530707 0.010465 0.033537 0.020930