0 0.751239 0.930345 0.120331 0.117636
0 0.691312 0.719492 0.043940 0.042712
0 0.769364 0.705964 0.043712 0.042801
0 0.685333 0.856997 0.041817 0.039407
0 0.563469 0.466319 0.036866 0.034776
0 0.868258 0.118240 0.042960 0.041432
0 0.528482 0.677767 0.098238 0.096479
0 0.747603 0.464216 0.033696 0.032884
0 0.835281 0.192617 0.034515 0.034346
0 0.790786 0.842648 0.058845 0.057714
0 0.867278 0.809741 0.036074 0.034356
0 0.745998 0.868217 0.041087 0.039176
0 0.167474 0.404999 0.028929 0.028694
0 0.653385 0.501869 0.039877 0.038122
0 0.610113 0.460726 0.026740 0.026314
0 0.939222 0.764275 0.031939 0.031029
0 0.615329 0.897885 0.042636 0.041104
0 0.711100 0.528141 0.035625 0.034133
0 0.702782 0.468409 0.025967 0.025409
0 0.142154 0.103505 0.028200 0.027582
0 0.903046 0.037551 0.028586 0.027571
0 0.073005 0.509222 0.030333 0.029782
0 0.658185 0.699786 0.032456 0.030873
0 0.916393 0.600837 0.035196 0.036166
0 0.692554 0.509329 0.030249 0.029202
0 0.909444 0.594994 0.045796 0.044478
0 0.806362 0.874029 0.033657 0.032053
0 0.054735 0.085096 0.024967 0.025475
0 0.677501 0.254037 0.024833 0.024510
0 0.704507 0.763071 0.026202 0.026328
0 0.815238 0.656747 0.043267 0.042110
0 0.904058 0.588706 0.039466 0.037123
0 0.680754 0.495852 0.027637 0.027708
0 0.352891 0.502961 0.026456 0.024748
0 0.611041 0.926970 0.024172 0.024132
0 0.602509 0.499888 0.023570 0.023092
0 0.589720 0.642612 0.027274 0.027930