0 0.690665 0.256429 0.056694 0.057885
0 0.270281 0.454480 0.110231 0.107236
0 0.369707 0.416419 0.069718 0.068930
0 0.361484 0.540197 0.074204 0.074220
0 0.708405 0.178706 0.059485 0.059108
0 0.895884 0.521555 0.060463 0.059839
0 0.451750 0.296176 0.193888 0.195664
0 0.112034 0.905590 0.068007 0.066114
0 0.418539 0.668785 0.076613 0.076460
0 0.371115 0.338766 0.057036 0.056102
0 0.438101 0.732927 0.058659 0.057703
0 0.138691 0.776960 0.041737 0.039605
0 0.160464 0.951287 0.062370 0.060837
0 0.671401 0.066424 0.042920 0.042692
0 0.676097 0.889073 0.041180 0.040038
0 0.117300 0.619818 0.073528 0.070937
0 0.692523 0.715655 0.045467 0.045524
0 0.442133 0.496065 0.040594 0.039205
0 0.247227 0.805897 0.059384 0.059193
0 0.282068 0.236373 0.106206 0.105326
0 0.917338 0.664301 0.044586 0.043962
0 0.208543 0.335301 0.044562 0.044737
0 0.019545 0.824119 0.037591 0.036883
0 0.488767 0.139681 0.036390 0.035948
0 0.751980 0.509729 0.035436 0.035108
0 0.740517 0.474760 0.043534 0.043234
0 0.307471 0.841320 0.057796 0.055613
0 0.099881 0.176578 0.035447 0.034969
0 0.184016 0.633688 0.039863 0.039341
0 0.864923 0.788096 0.034118 0.032985
0 0.851624 0.219068 0.043594 0.043042
0 0.158808 0.833254 0.034025 0.033416
0 0.901372 0.632268 0.034825 0.034441
0 0.599154 0.671051 0.032161 0.032022
0 0.011771 0.682397 0.023541 0.029325
0 0.883625 0.242032 0.055919 0.053274
0 0.899602 0.045975 0.080369 0.081807
0 0.674706 0.364620 0.036104 0.036008
0 0.284940 0.034980 0.030222 0.029245
0 0.332898 0.594810 0.028761 0.028197
0 0.234512 0.731977 0.223910 0.219858
0 0.945539 0.620270 0.054664 0.052643
0 0.103556 0.848532 0.032116 0.029705
0 0.243192 0.555771 0.026053 0.025373
0 0.490825 0.923250 0.057429 0.055925
0 0.015980 0.908565 0.031961 0.108899
0 0.237978 0.216157 0.095853 0.100151
0 0.799576 0.016458 0.030113 0.029890
0 0.616273 0.822070 0.028703 0.027632
0 0.313823 0.626461 0.040938 0.040855
0 0.335146 0.470545 0.027786 0.026333
0 0.638509 0.705517 0.027042 0.027387
0 0.251293 0.577221 0.044129 0.040746
0 0.114582 0.313710 0.027165 0.027209
0 0.534864 0.212205 0.049686 0.048981
0 0.191865 0.829644 0.025733 0.026091
0 0.891969 0.107881 0.037284 0.036600
0 0.706458 0.684018 0.027116 0.026665
0 0.175218 0.053881 0.027530 0.027219
0 0.205471 0.152627 0.027553 0.027765
0 0.958553 0.135795 0.079809 0.259279
0 0.255586 0.224936 0.121663 0.118756
0 0.590681 0.465585 0.026690 0.026891
0 0.381292 0.055382 0.086088 0.086610
0 0.582619 0.526035 0.029355 0.028088
0 0.164206 0.278137 0.025966 0.025267
0 0.340798 0.319962 0.025035 0.024479
0 0.424329 0.124113 0.094047 0.093609
0 0.501639 0.196684 0.047148 0.045774
0 0.246667 0.578179 0.048514 0.048054
0 0.322514 0.739680 0.055458 0.055400
0 0.592879 0.223118 0.024227 0.024293
0 0.955597 0.629995 0.026711 0.028961
0 0.359304 0.640342 0.026500 0.026179
0 0.033618 0.943295 0.033354 0.035767
0 0.752706 0.607589 0.074201 0.072112
0 0.440543 0.552800 0.025680 0.026748