0 0.049786 0.953350 0.068257 0.063620
0 0.133405 0.325928 0.037020 0.036221
0 0.532464 0.653834 0.056926 0.054438
0 0.462648 0.724928 0.041425 0.038469
0 0.893775 0.086112 0.057218 0.055856
0 0.133140 0.475570 0.060106 0.058143
0 0.128377 0.544453 0.032801 0.032481
0 0.096469 0.203898 0.031671 0.030972
0 0.753868 0.154987 0.032045 0.031646
0 0.475515 0.621481 0.051223 0.049291
0 0.830983 0.589537 0.028584 0.028443
0 0.353425 0.535796 0.028912 0.027721
0 0.255253 0.407633 0.025141 0.024595
0 0.186504 0.085635 0.068010 0.065650
0 0.823614 0.464700 0.038270 0.037462
0 0.079306 0.987738 0.035854 0.024524
0 0.057688 0.188792 0.024304 0.024034
0 0.916289 0.567539 0.025377 0.025333
0 0.410033 0.123314 0.035014 0.033204
0 0.667958 0.524950 0.024618 0.024098
0 0.250813 0.992609 0.029563 0.014655
0 0.402469 0.573160 0.030099 0.028267