0 0.869080 0.383869 0.058577 0.051487
0 0.750307 0.796880 0.470106 0.391090
0 0.279286 0.200349 0.047433 0.039402
0 0.073358 0.157950 0.081124 0.062810
0 0.092866 0.580829 0.042933 0.036745
0 0.986238 0.402739 0.027523 0.038035
0 0.516503 0.707198 0.035815 0.031975
0 0.279836 0.633884 0.031693 0.028193
0 0.336391 0.164695 0.049734 0.041299
0 0.158071 0.770979 0.037960 0.030761
0 0.308092 0.709174 0.052606 0.046101
0 0.100239 0.682020 0.029338 0.025311
0 0.429566 0.972154 0.028956 0.026545
0 0.861047 0.662294 0.036036 0.029686
0 0.007229 0.292356 0.014458 0.033822
0 0.630675 0.501981 0.032345 0.028230
0 0.485470 0.231141 0.030538 0.027137
0 0.975616 0.240229 0.037285 0.036446
0 0.341853 0.542675 0.027995 0.022812
0 0.877014 0.112977 0.035137 0.031434
0 0.027386 0.015730 0.053105 0.030154
0 0.669257 0.556969 0.178434 0.142964
0 0.346212 0.970946 0.059248 0.051652
0 0.138160 0.110798 0.029815 0.025395
0 0.992999 0.245533 0.014001 0.025793
0 0.219272 0.478696 0.030488 0.026254
0 0.587468 0.609426 0.065928 0.055980
0 0.918382 0.198574 0.029720 0.028463
0 0.666190 0.282825 0.033491 0.028406
0 0.171672 0.715252 0.026872 0.023893
0 0.922437 0.021191 0.155127 0.042346
0 0.300875 0.006426 0.043834 0.012475
0 0.517231 0.824580 0.047676 0.040452
0 0.301411 0.853584 0.025090 0.024190
0 0.328128 0.888191 0.035726 0.032380