0 0.705691 0.326517 0.087730 0.086235
0 0.589145 0.864124 0.060814 0.060316
0 0.822728 0.209898 0.097298 0.094651
0 0.156654 0.452080 0.057168 0.051400
0 0.719468 0.404866 0.040850 0.039167
0 0.076006 0.090102 0.046301 0.044588
0 0.672157 0.491990 0.093481 0.087972
0 0.243921 0.270227 0.163190 0.144115
0 0.863191 0.065332 0.083464 0.081062
0 0.646512 0.289288 0.055618 0.053264
0 0.017522 0.976268 0.033338 0.032498
0 0.595198 0.658519 0.121133 0.116396
0 0.214311 0.092593 0.037539 0.034129
0 0.880096 0.590490 0.237782 0.293575
0 0.207483 0.485679 0.065906 0.062058
0 0.612905 0.673226 0.029463 0.028744
0 0.660118 0.399321 0.033909 0.032599
0 0.793735 0.331970 0.030691 0.030403
0 0.489170 0.402451 0.029329 0.028351
0 0.683246 0.764266 0.037875 0.036302
0 0.350585 0.736161 0.063635 0.059524
0 0.898535 0.562392 0.030363 0.029576
0 0.984618 0.200534 0.030765 0.081963
0 0.886791 0.374957 0.030304 0.030528
0 0.076443 0.641388 0.033855 0.032108
0 0.924042 0.731963 0.033952 0.033845
0 0.546723 0.461680 0.029593 0.028732
0 0.627437 0.209670 0.031458 0.029063
0 0.260779 0.645424 0.029855 0.028454
0 0.787288 0.040887 0.046833 0.043610
0 0.532658 0.214082 0.037271 0.033646
0 0.626773 0.844225 0.034299 0.033300
0 0.771193 0.988185 0.038847 0.023630
0 0.788367 0.085085 0.052356 0.049654
0 0.975902 0.131012 0.027317 0.027989
0 0.470910 0.960053 0.033201 0.032001
0 0.777789 0.491911 0.044968 0.043820
0 0.504735 0.965415 0.029338 0.027939
0 0.007978 0.050975 0.015807 0.049033
0 0.888982 0.171005 0.026232 0.025501
0 0.744673 0.120994 0.038736 0.037346
0 0.575513 0.988679 0.032956 0.022564
0 0.527162 0.726120 0.026755 0.025510
0 0.472252 0.789932 0.054341 0.051286
0 0.774585 0.986370 0.049663 0.026670
0 0.679895 0.251698 0.081518 0.075220
0 0.669795 0.009254 0.036237 0.018492
0 0.113290 0.211401 0.038136 0.035262
0 0.439918 0.226352 0.035104 0.032223
0 0.482288 0.219807 0.046022 0.038820
0 0.648833 0.075449 0.211282 0.149537
0 0.550258 0.258779 0.037968 0.033113
0 0.772351 0.490583 0.054859 0.052192
0 0.068482 0.940820 0.024848 0.024017
0 0.478821 0.827123 0.032147 0.030533
0 0.989758 0.364998 0.020484 0.073695
0 0.266312 0.467944 0.076847 0.071963
0 0.867330 0.011904 0.062180 0.023808
0 0.270446 0.478160 0.068172 0.060782
0 0.118746 0.892935 0.029976 0.029502
0 0.875214 0.440065 0.026358 0.026151
0 0.433264 0.776294 0.034025 0.031832
0 0.328454 0.208973 0.124671 0.114691
0 0.560662 0.347088 0.024962 0.024547
0 0.368315 0.773351 0.024256 0.024250
0 0.199967 0.920309 0.033501 0.033296
0 0.947383 0.014810 0.091451 0.029567
0 0.769795 0.414119 0.034077 0.031949
0 0.833584 0.268590 0.055865 0.056572
0 0.473943 0.172157 0.086901 0.080731
0 0.914053 0.033062 0.043504 0.040765
0 0.541827 0.283382 0.053174 0.046985
0 0.957020 0.014382 0.068203 0.028765
0 0.590879 0.729407 0.024166 0.024064