0 0.221487 0.857944 0.186050 0.174924
0 0.031651 0.625140 0.044871 0.044612
0 0.137538 0.726105 0.038737 0.037957
0 0.447033 0.296766 0.044413 0.042095
0 0.242855 0.315910 0.028914 0.028259
0 0.822072 0.789659 0.049693 0.049935
0 0.806604 0.761972 0.032638 0.032083
0 0.155131 0.616671 0.028412 0.027762
0 0.830088 0.421880 0.049718 0.046269
0 0.704367 0.423020 0.031889 0.029738
0 0.776154 0.610514 0.035003 0.033320
0 0.619686 0.163231 0.082145 0.081063
0 0.854334 0.872218 0.128259 0.125897
0 0.725409 0.835909 0.027694 0.027141
0 0.247567 0.474737 0.066305 0.064641
0 0.100817 0.203377 0.027626 0.027728
0 0.380288 0.259939 0.027654 0.026852
0 0.370900 0.660649 0.038953 0.037905
0 0.936164 0.377193 0.036753 0.035501
0 0.835940 0.754040 0.027508 0.026753
0 0.089540 0.099446 0.162453 0.162517
0 0.859307 0.937510 0.041798 0.040101
0 0.943241 0.276025 0.039420 0.039010
0 0.215235 0.529719 0.068350 0.065406
0 0.959811 0.716256 0.023572 0.023821
0 0.592159 0.273821 0.042468 0.042696
0 0.144462 0.258807 0.032485 0.031608
0 0.900075 0.273614 0.044595 0.039024
0 0.942606 0.099144 0.057818 0.055607