0 0.110592 0.122334 0.221184 0.226600
0 0.051986 0.924935 0.103427 0.132153
0 0.814472 0.063444 0.036325 0.034276
0 0.037461 0.750645 0.041906 0.036802
0 0.404994 0.979616 0.060090 0.039725
0 0.154624 0.909168 0.052394 0.045352
0 0.688911 0.345363 0.039867 0.037155
0 0.665568 0.013354 0.037296 0.026277
0 0.154954 0.760420 0.034799 0.031383
0 0.896663 0.190842 0.061428 0.059322
0 0.662666 0.368327 0.041836 0.037074
0 0.013212 0.635348 0.026423 0.042027
0 0.384834 0.485755 0.131353 0.116861
0 0.963690 0.235381 0.072025 0.198725
0 0.254612 0.521884 0.080086 0.068234
0 0.965439 0.789193 0.035860 0.033463
0 0.315992 0.194020 0.233588 0.193818
0 0.693354 0.215184 0.133893 0.125045
0 0.276964 0.142734 0.046107 0.038560
0 0.535248 0.490647 0.204938 0.176511
0 0.773901 0.460779 0.146529 0.140972
0 0.103220 0.850938 0.029742 0.028174
0 0.985038 0.401295 0.029923 0.045976
0 0.961408 0.316067 0.028903 0.026747
0 0.937765 0.761831 0.032223 0.030226
0 0.802162 0.722287 0.029923 0.027175
0 0.102488 0.958925 0.029929 0.026761
0 0.484504 0.972692 0.114675 0.053146
0 0.543553 0.106498 0.027657 0.024700
0 0.045704 0.461268 0.032710 0.027862
0 0.445973 0.212478 0.045986 0.041466
0 0.917265 0.116588 0.032361 0.031272
0 0.615980 0.422863 0.048928 0.042152
0 0.837635 0.707532 0.027694 0.025713
0 0.510306 0.350699 0.110468 0.095605
0 0.217190 0.560758 0.098379 0.089849
0 0.346914 0.315437 0.060138 0.052044
0 0.492899 0.244047 0.128319 0.112271
0 0.659691 0.990112 0.042750 0.019390
0 0.893212 0.166612 0.035746 0.031649
0 0.970063 0.076431 0.059873 0.091793