0 0.022726 0.734575 0.044391 0.043756
0 0.371263 0.348464 0.036786 0.036581
0 0.924034 0.961447 0.031836 0.029688
0 0.037409 0.181788 0.032560 0.031260
0 0.275930 0.332084 0.043598 0.041572
0 0.286900 0.084774 0.029667 0.028755
0 0.654670 0.155178 0.026406 0.025443
0 0.069379 0.271570 0.027600 0.026058
0 0.469193 0.261775 0.038299 0.036966
0 0.023435 0.299312 0.037470 0.037715
0 0.356199 0.224291 0.028244 0.026999
0 0.420766 0.665647 0.026746 0.025571
0 0.107945 0.317977 0.027733 0.027623
0 0.127350 0.219710 0.031808 0.030776
0 0.462458 0.252963 0.031631 0.029543
0 0.498221 0.119016 0.028491 0.028916
0 0.521421 0.052347 0.031104 0.030621
0 0.386136 0.238355 0.029709 0.030757
0 0.283223 0.306419 0.026427 0.025436
0 0.419460 0.224381 0.026587 0.026316
0 0.033181 0.812647 0.025059 0.024995
0 0.301959 0.216972 0.024238 0.023921
0 0.041248 0.342905 0.024873 0.025259
0 0.016854 0.141967 0.029059 0.028364