0 0.800313 0.701965 0.037456 0.036885
0 0.879162 0.320976 0.042165 0.040966
0 0.375386 0.147518 0.029625 0.028515
0 0.504282 0.960280 0.039676 0.038365
0 0.076305 0.417961 0.045571 0.043920
0 0.130329 0.436182 0.055618 0.053639
0 0.071754 0.229174 0.059935 0.057683
0 0.642346 0.651286 0.043976 0.042970
0 0.317105 0.712754 0.030220 0.028632
0 0.538550 0.700892 0.067061 0.063564
0 0.521230 0.862646 0.074366 0.073321
0 0.359541 0.709347 0.040955 0.039001
0 0.417998 0.136680 0.022495 0.022417
0 0.521047 0.341862 0.035966 0.034959
0 0.023286 0.236889 0.042272 0.042973
0 0.687514 0.410610 0.022007 0.021761
0 0.986676 0.576346 0.026464 0.029149
0 0.514847 0.655083 0.023096 0.022699
0 0.444179 0.958653 0.073983 0.069708
0 0.476478 0.988146 0.069077 0.023633