0 0.904281 0.324224 0.064267 0.062870
0 0.675230 0.781135 0.036883 0.036199
0 0.055622 0.604725 0.111244 0.219252
0 0.194601 0.264306 0.033442 0.032952
0 0.495439 0.126063 0.050482 0.048089
0 0.264527 0.255520 0.040154 0.039380
0 0.056758 0.545265 0.070810 0.070043
0 0.892753 0.910030 0.035362 0.034523
0 0.092080 0.757417 0.032082 0.031127
0 0.734378 0.512695 0.037101 0.036526
0 0.415547 0.412221 0.115749 0.115115
0 0.731680 0.555584 0.036805 0.035959
0 0.595859 0.068464 0.032590 0.032343
0 0.787571 0.496543 0.030334 0.029038
0 0.718500 0.622602 0.036279 0.035997
0 0.498082 0.616957 0.035026 0.034104
0 0.378341 0.576509 0.068567 0.067222
0 0.483269 0.846488 0.026693 0.027007
0 0.277679 0.421672 0.033982 0.034298
0 0.076767 0.861446 0.028477 0.026645
0 0.038434 0.302865 0.076867 0.133491
0 0.721997 0.678484 0.031859 0.030444
0 0.137868 0.584187 0.070928 0.070234
0 0.332349 0.928460 0.026871 0.027131
0 0.354151 0.491831 0.073020 0.069785
0 0.454162 0.958796 0.024590 0.024324
0 0.810630 0.376017 0.123776 0.122875
0 0.440192 0.490292 0.096758 0.097104
0 0.985696 0.465251 0.027679 0.027667
0 0.879257 0.757910 0.026380 0.025601
0 0.081005 0.950325 0.026303 0.025172
0 0.762426 0.491427 0.023819 0.023807
0 0.333603 0.674584 0.085649 0.085293
0 0.982266 0.964274 0.035468 0.048717
0 0.033032 0.757053 0.024443 0.024838
0 0.978077 0.814898 0.043791 0.049348
0 0.669064 0.603838 0.023482 0.022677
0 0.321548 0.839410 0.026293 0.026443
0 0.654917 0.915834 0.024161 0.024030