0 0.555268 0.518528 0.197183 0.178029
0 0.709867 0.291065 0.078584 0.069625
0 0.369372 0.758170 0.063731 0.057056
0 0.658333 0.720574 0.162739 0.146486
0 0.470443 0.322666 0.155182 0.134972
0 0.338376 0.658275 0.039593 0.034481
0 0.434346 0.198492 0.071326 0.068306
0 0.924053 0.239458 0.036992 0.036495
0 0.499686 0.941518 0.172988 0.115624
0 0.090982 0.093530 0.181963 0.185793
0 0.654722 0.259922 0.049802 0.044561
0 0.108837 0.740407 0.086943 0.080208
0 0.326344 0.530936 0.050493 0.042264
0 0.837630 0.666796 0.227095 0.213048
0 0.314405 0.056919 0.039284 0.035843
0 0.436920 0.403554 0.036446 0.032025
0 0.541297 0.761752 0.038737 0.034229
0 0.662160 0.021089 0.045117 0.040369
0 0.558613 0.654532 0.034759 0.032330
0 0.067196 0.643676 0.032537 0.029728
0 0.975608 0.188882 0.048785 0.075188
0 0.354541 0.797778 0.038659 0.033966
0 0.934341 0.560454 0.065736 0.058826
0 0.205890 0.319627 0.243843 0.219326
0 0.080991 0.564562 0.073307 0.066827
0 0.479757 0.229106 0.050752 0.045918
0 0.137563 0.191447 0.027750 0.027058
0 0.365535 0.380899 0.034937 0.032447
0 0.184429 0.600081 0.033307 0.029851
0 0.427522 0.538351 0.033346 0.029298
0 0.413048 0.144812 0.058850 0.055952
0 0.454789 0.448051 0.067463 0.059734
0 0.306001 0.593112 0.033705 0.028719
0 0.797164 0.889639 0.112388 0.099213
0 0.060248 0.843709 0.043896 0.037580
0 0.357726 0.252445 0.091531 0.077385
0 0.773193 0.963400 0.135640 0.073199
0 0.215383 0.924866 0.115069 0.103742
0 0.112805 0.180240 0.031151 0.027761
0 0.516693 0.393751 0.114263 0.100057
0 0.519424 0.115926 0.121425 0.119174
0 0.904534 0.605651 0.035142 0.031846
0 0.388514 0.182119 0.028976 0.027321
0 0.531432 0.052793 0.062346 0.058639
0 0.061896 0.782214 0.052192 0.045517
0 0.288371 0.110139 0.037886 0.034077
0 0.629664 0.330167 0.030510 0.026653
0 0.845941 0.924376 0.059287 0.048314
0 0.622584 0.188627 0.055928 0.051066
0 0.308150 0.124267 0.195644 0.196719
0 0.480523 0.145315 0.077700 0.072289
0 0.515781 0.822825 0.074945 0.065851
0 0.436757 0.073852 0.085721 0.080311
0 0.625915 0.977150 0.069245 0.044676
0 0.595535 0.050948 0.054742 0.050185
0 0.025128 0.879695 0.037479 0.032191
0 0.403422 0.531126 0.102977 0.080695
0 0.906384 0.623765 0.036293 0.033331
0 0.494508 0.622478 0.101448 0.090681
0 0.643342 0.455374 0.028979 0.027011
0 0.763283 0.818130 0.149180 0.125621
0 0.840571 0.036695 0.055343 0.049498