0 0.214382 0.287969 0.093124 0.092300
0 0.858076 0.293332 0.062751 0.061918
0 0.727527 0.135455 0.055023 0.052973
0 0.131665 0.352523 0.059798 0.058151
0 0.077107 0.241088 0.083856 0.082755
0 0.862254 0.449746 0.057816 0.056619
0 0.974432 0.627776 0.051136 0.050739
0 0.026636 0.031384 0.053272 0.060379
0 0.322448 0.555339 0.041988 0.040928
0 0.101541 0.678009 0.051884 0.051290
0 0.053839 0.978821 0.063700 0.042359
0 0.648526 0.132804 0.033785 0.033147
0 0.392092 0.106226 0.086053 0.085580
0 0.361603 0.221796 0.037857 0.037670
0 0.160860 0.540099 0.035990 0.036043
0 0.049272 0.112081 0.035369 0.035048
0 0.331885 0.235108 0.029210 0.028435
0 0.319720 0.019596 0.046792 0.038436
0 0.252706 0.733151 0.050278 0.047835
0 0.694786 0.419704 0.025291 0.024743
0 0.493241 0.979134 0.202183 0.041733
0 0.081927 0.179078 0.048436 0.044897
0 0.456460 0.502131 0.038124 0.038537
0 0.035750 0.366485 0.042589 0.040540
0 0.892908 0.393192 0.036793 0.035919
0 0.593130 0.294540 0.036900 0.036497
0 0.756485 0.323494 0.059626 0.059615
0 0.802303 0.702188 0.025222 0.024686
0 0.416732 0.743053 0.031943 0.031973
0 0.949521 0.839211 0.048449 0.048471
0 0.482294 0.982523 0.165764 0.034953
0 0.333831 0.069667 0.038473 0.037365
0 0.240360 0.706917 0.039175 0.037940
0 0.520914 0.100518 0.048326 0.048095
0 0.645989 0.518926 0.048165 0.047878
0 0.068174 0.006886 0.038901 0.013490
0 0.313058 0.776021 0.052218 0.050567
0 0.321396 0.940058 0.061263 0.057772
0 0.888364 0.971118 0.025886 0.024756
0 0.960771 0.940866 0.038089 0.036864
0 0.606568 0.242214 0.042916 0.041698
0 0.669262 0.021712 0.065701 0.043424
0 0.330264 0.698469 0.061985 0.056988
0 0.872944 0.506091 0.053736 0.052070
0 0.878700 0.901807 0.023854 0.023741
0 0.332571 0.689885 0.061450 0.057264
0 0.574129 0.213426 0.037518 0.037140
0 0.372071 0.497848 0.045907 0.044834
0 0.324004 0.106867 0.039442 0.037289
0 0.468993 0.404302 0.073436 0.073063
0 0.639644 0.599295 0.055148 0.053712
0 0.093627 0.816261 0.066206 0.065173
0 0.098041 0.184805 0.030388 0.030172
0 0.709735 0.090145 0.032414 0.032455
0 0.042683 0.082668 0.042714 0.041239
0 0.877904 0.627385 0.071357 0.067584
0 0.673105 0.690454 0.062787 0.056967
0 0.296643 0.868134 0.070042 0.073154
0 0.170594 0.896552 0.030130 0.030023
0 0.683765 0.835307 0.058581 0.058507
0 0.836732 0.587557 0.041946 0.042500
0 0.865516 0.535257 0.036521 0.034431
0 0.753206 0.347047 0.042004 0.041141
0 0.139549 0.272605 0.046648 0.045384