0 0.330536 0.092962 0.057339 0.055463
0 0.160503 0.968069 0.142060 0.063862
0 0.868360 0.518009 0.036199 0.035482
0 0.377694 0.147243 0.069541 0.066381
0 0.068452 0.397168 0.046241 0.045782
0 0.170167 0.018552 0.071149 0.037103
0 0.327156 0.663870 0.033796 0.032438
0 0.868211 0.979863 0.037948 0.037364
0 0.141406 0.758667 0.035258 0.034193
0 0.373835 0.617661 0.026778 0.026096
0 0.037065 0.399612 0.033304 0.032410
0 0.472596 0.966590 0.061118 0.057928
0 0.296450 0.390515 0.027122 0.026263
0 0.119108 0.134105 0.036524 0.034193
0 0.889080 0.553941 0.050649 0.047272
0 0.030368 0.423436 0.026581 0.025078
0 0.336995 0.789878 0.033434 0.031592
0 0.978699 0.556789 0.029680 0.027485
0 0.692846 0.559543 0.028328 0.026379
0 0.491363 0.557988 0.025035 0.024238
0 0.095867 0.864062 0.038960 0.036119
0 0.379864 0.092054 0.047130 0.044947
0 0.407757 0.609653 0.025120 0.024422
0 0.680061 0.637409 0.025454 0.024782
0 0.438946 0.467696 0.024650 0.023591
0 0.671003 0.289773 0.033780 0.031651
0 0.177137 0.555347 0.035684 0.035287
0 0.987117 0.588736 0.025767 0.032039
0 0.752170 0.099474 0.051384 0.048427