0 0.161634 0.519068 0.171395 0.171071
0 0.568214 0.101583 0.244439 0.203146
0 0.302614 0.391797 0.054264 0.054404
0 0.179608 0.853552 0.053740 0.053161
0 0.909756 0.554373 0.038659 0.038920
0 0.941222 0.924663 0.039719 0.039406
0 0.980705 0.091356 0.038590 0.040869
0 0.239236 0.703685 0.043040 0.041934
0 0.707933 0.194996 0.066886 0.065380
0 0.022577 0.648368 0.044260 0.058731
0 0.026461 0.922451 0.037826 0.037534
0 0.738008 0.980868 0.034022 0.033794
0 0.967878 0.394713 0.064244 0.064808
0 0.612865 0.731323 0.038708 0.038884
0 0.831214 0.016224 0.053404 0.032449
0 0.099875 0.073649 0.056307 0.054151
0 0.315093 0.788834 0.040292 0.040284
0 0.173098 0.686884 0.030455 0.029309
0 0.589261 0.767579 0.028302 0.028460
0 0.819264 0.169586 0.030537 0.030371
0 0.220788 0.764936 0.030324 0.029538
0 0.189396 0.769837 0.034708 0.035170
0 0.057425 0.539680 0.031751 0.031042
0 0.791750 0.180832 0.030386 0.030759
0 0.340918 0.814762 0.032802 0.031395
0 0.288092 0.283401 0.072336 0.072334
0 0.224810 0.798175 0.041758 0.040455
0 0.196338 0.826493 0.032820 0.030743
0 0.037309 0.141718 0.074617 0.110318
0 0.406341 0.812192 0.036121 0.035731
0 0.069182 0.801311 0.047803 0.046508
0 0.975466 0.508751 0.023771 0.023872
0 0.987817 0.530811 0.023704 0.027140
0 0.477780 0.676167 0.025533 0.025478
0 0.704649 0.915602 0.050068 0.048693
0 0.895471 0.678833 0.023854 0.023977
0 0.266460 0.164059 0.030704 0.029810
0 0.350340 0.786172 0.033510 0.032616
0 0.958603 0.364180 0.035732 0.034882
0 0.742573 0.817994 0.247072 0.245254
0 0.114335 0.982605 0.030708 0.030848
0 0.961771 0.641430 0.026559 0.027081
0 0.754356 0.399085 0.046316 0.047131
0 0.962103 0.324364 0.024668 0.024917
0 0.777584 0.323082 0.028031 0.027873
0 0.772087 0.434284 0.024559 0.024504
0 0.889459 0.203955 0.025738 0.025398
0 0.037575 0.495065 0.068032 0.067486
0 0.135918 0.138731 0.041415 0.038922
0 0.993055 0.436561 0.013889 0.052799
0 0.495871 0.901860 0.149868 0.151057
0 0.716115 0.225337 0.032589 0.031824
0 0.275359 0.122730 0.025640 0.026385
0 0.024588 0.794972 0.045405 0.046067
0 0.530126 0.829345 0.025931 0.027149
0 0.226301 0.864927 0.035918 0.034223
0 0.682758 0.487228 0.178383 0.178944
0 0.137838 0.755727 0.058009 0.057207
0 0.074337 0.765879 0.028632 0.028836
0 0.435169 0.585604 0.024662 0.024758
0 0.557866 0.992057 0.023919 0.015885
0 0.562815 0.852854 0.026638 0.026944
0 0.755839 0.246148 0.049527 0.047545
0 0.768856 0.468542 0.034566 0.035005
0 0.051029 0.912299 0.041631 0.039201
0 0.587798 0.862638 0.029403 0.028714
0 0.156267 0.908759 0.039491 0.037407
0 0.507538 0.717057 0.029102 0.029656