0 0.419307 0.631390 0.045585 0.043546
0 0.698995 0.428979 0.038290 0.037650
0 0.532278 0.816704 0.031708 0.030889
0 0.157532 0.773712 0.028838 0.027219
0 0.717019 0.215018 0.064246 0.060968
0 0.735592 0.255161 0.038406 0.033497
0 0.123409 0.989272 0.035069 0.021404
0 0.405341 0.099518 0.031545 0.028348
0 0.665999 0.244891 0.035173 0.033454
0 0.739622 0.410795 0.026702 0.025792
0 0.544762 0.081440 0.027312 0.026271
0 0.273752 0.305505 0.102654 0.101197
0 0.022726 0.545839 0.040129 0.043386
0 0.725954 0.961590 0.055336 0.053016
0 0.730238 0.258667 0.031657 0.029054
0 0.833317 0.613245 0.026808 0.026126