0 0.690114 0.271052 0.067594 0.054294
0 0.862325 0.921655 0.275349 0.156691
0 0.662851 0.270314 0.473450 0.397323
0 0.464749 0.930540 0.223612 0.138919
0 0.310934 0.680862 0.074604 0.058574
0 0.472607 0.619609 0.097564 0.080821
0 0.810087 0.593936 0.035554 0.028883
0 0.299569 0.127589 0.400577 0.251006
0 0.659064 0.662370 0.042329 0.034325
0 0.043180 0.670396 0.072505 0.054846
0 0.356174 0.407635 0.044990 0.035500
0 0.223040 0.838734 0.032675 0.027281
0 0.119145 0.390817 0.038477 0.032190
0 0.135478 0.488598 0.035681 0.031188
0 0.125620 0.709457 0.033882 0.028052
0 0.355255 0.055800 0.050555 0.039102
0 0.490267 0.797291 0.038721 0.030255
0 0.154530 0.752751 0.036630 0.029777
0 0.177031 0.623887 0.032871 0.028067
0 0.297983 0.752389 0.033727 0.027676
0 0.197900 0.411684 0.034584 0.031187
0 0.396140 0.621652 0.106332 0.087941
0 0.945188 0.610435 0.042699 0.031985
0 0.522211 0.395032 0.035171 0.026973
0 0.307916 0.716664 0.034038 0.029294
0 0.981127 0.570370 0.037747 0.043725
0 0.323551 0.931928 0.056225 0.044870
0 0.076380 0.542979 0.039145 0.030407
0 0.543234 0.562762 0.035023 0.026867
0 0.452119 0.989644 0.032295 0.019823
0 0.022253 0.022651 0.044505 0.041123
0 0.145420 0.414655 0.033378 0.026175
0 0.388839 0.817215 0.034546 0.026646
0 0.675243 0.184223 0.396466 0.241528
0 0.794296 0.785811 0.046770 0.035645
0 0.080401 0.121729 0.050378 0.043970
0 0.613490 0.365274 0.052133 0.036974
0 0.008413 0.196903 0.016827 0.045357
0 0.964223 0.751966 0.071554 0.085594
0 0.408293 0.630533 0.032182 0.023430
0 0.868398 0.688268 0.038197 0.031502
0 0.503103 0.416879 0.034167 0.026427
0 0.864167 0.457673 0.029509 0.024716
0 0.405654 0.116266 0.031639 0.028076
0 0.235323 0.039917 0.039452 0.029696
0 0.554503 0.067371 0.088474 0.065878
0 0.421685 0.623176 0.146284 0.104133
0 0.251527 0.370918 0.037587 0.030437
0 0.551254 0.057501 0.099533 0.078382
0 0.651201 0.838284 0.272933 0.195927