0 0.948334 0.946119 0.101969 0.086530
0 0.148045 0.815704 0.108974 0.085475
0 0.674849 0.326732 0.371982 0.264176
0 0.763721 0.170086 0.053750 0.040699
0 0.438234 0.392301 0.044874 0.033137
0 0.915787 0.607965 0.048340 0.037819
0 0.219531 0.973822 0.080648 0.052242
0 0.075815 0.534913 0.093637 0.076503
0 0.899415 0.806692 0.041875 0.033008
0 0.538237 0.233739 0.100989 0.076040
0 0.046941 0.248935 0.048519 0.037082
0 0.201804 0.909350 0.054127 0.043142
0 0.805698 0.051247 0.083756 0.068711
0 0.696777 0.837977 0.051296 0.036784
0 0.391682 0.812608 0.041134 0.031015
0 0.864354 0.418631 0.167458 0.130462
0 0.974072 0.832734 0.051695 0.100981
0 0.142285 0.964830 0.046552 0.037764
0 0.082617 0.117728 0.041151 0.032266
0 0.978120 0.122521 0.037117 0.031156
0 0.635889 0.935984 0.049039 0.039944
0 0.250812 0.798827 0.039798 0.030899
0 0.033769 0.802547 0.044797 0.037832
0 0.428334 0.902606 0.036868 0.028459
0 0.984554 0.329427 0.030892 0.036137
0 0.990391 0.770209 0.019218 0.038646
0 0.515784 0.183472 0.033514 0.026698
0 0.892862 0.563513 0.212585 0.232705
0 0.290274 0.840752 0.035940 0.027982
0 0.836916 0.221045 0.035927 0.028908
0 0.955101 0.365774 0.033766 0.031773
0 0.247754 0.903762 0.048734 0.033608
0 0.859837 0.276900 0.033523 0.027156
0 0.533926 0.135451 0.032988 0.027357
0 0.786718 0.758701 0.028780 0.026189
0 0.365776 0.761553 0.032170 0.025378
0 0.359082 0.126976 0.040998 0.031556
0 0.373937 0.046907 0.155065 0.093814
0 0.403393 0.967518 0.032407 0.027294
0 0.124359 0.161761 0.048595 0.034879
0 0.565200 0.139244 0.091304 0.071113
0 0.898708 0.108956 0.202584 0.216330
0 0.325511 0.244829 0.368775 0.275892
0 0.643217 0.750039 0.031164 0.024281
0 0.325986 0.215188 0.036059 0.028497
0 0.350835 0.426613 0.030795 0.025061
0 0.016122 0.036639 0.029798 0.027125
0 0.668937 0.946366 0.036981 0.027161
0 0.248181 0.086139 0.131947 0.087189
0 0.262496 0.020759 0.096442 0.041362
0 0.335116 0.802649 0.031352 0.025434
0 0.955633 0.687483 0.088499 0.118542
0 0.228833 0.865700 0.029761 0.024415