0 0.442378 0.048151 0.052150 0.048229
0 0.441799 0.236483 0.046000 0.042896
0 0.059968 0.531366 0.032135 0.031185
0 0.850419 0.712541 0.034219 0.032533
0 0.897778 0.099090 0.047097 0.047535
0 0.799630 0.777029 0.045831 0.042414
0 0.943044 0.930981 0.040368 0.038579
0 0.749757 0.700783 0.042596 0.041662
0 0.323239 0.798388 0.059597 0.056915
0 0.575353 0.148744 0.027914 0.026586
0 0.503434 0.845631 0.034305 0.032745
0 0.850442 0.876554 0.069978 0.063877
0 0.948532 0.354341 0.029485 0.028898
0 0.799110 0.714334 0.030095 0.028101
0 0.230212 0.149651 0.044916 0.044533
0 0.293711 0.850428 0.057495 0.057861
0 0.508208 0.876301 0.035575 0.035672
0 0.762330 0.069848 0.052846 0.055976
0 0.532629 0.907046 0.048756 0.045840
0 0.780052 0.930189 0.026938 0.025383
0 0.759277 0.060592 0.047543 0.045928
0 0.290995 0.029988 0.029265 0.028250
0 0.518716 0.202765 0.057631 0.052529
0 0.888979 0.917765 0.048022 0.045724
0 0.753305 0.935495 0.026890 0.024800
0 0.991377 0.977735 0.017246 0.037927
0 0.959590 0.515260 0.033253 0.029193
0 0.371217 0.791300 0.043549 0.041648
0 0.513955 0.193201 0.061016 0.057162
0 0.891863 0.922546 0.038754 0.036911
0 0.180807 0.166587 0.031839 0.026136
0 0.702522 0.210964 0.029474 0.027757
0 0.820710 0.306358 0.026786 0.025857
0 0.355250 0.758725 0.026638 0.025147
0 0.967104 0.539491 0.032008 0.030266
0 0.877965 0.706070 0.026309 0.024994
0 0.091589 0.767772 0.035206 0.032722
0 0.984554 0.062810 0.030216 0.031855
0 0.795063 0.094344 0.030466 0.030945
0 0.013081 0.337800 0.024649 0.025931
0 0.234189 0.155769 0.038383 0.034645
0 0.539310 0.911636 0.043847 0.039312
0 0.829162 0.821557 0.027552 0.025109
0 0.521981 0.208860 0.050127 0.043096
0 0.922960 0.909210 0.029155 0.030338
0 0.898571 0.446514 0.025024 0.025597
0 0.495933 0.156381 0.026154 0.024321
0 0.292637 0.855888 0.048140 0.048210
0 0.765134 0.077245 0.049472 0.049532
0 0.815077 0.325490 0.023432 0.023244