0 0.085718 0.338944 0.083833 0.083177
0 0.636686 0.895510 0.052957 0.050137
0 0.855663 0.146553 0.286935 0.292021
0 0.425632 0.208343 0.048205 0.047759
0 0.393878 0.379495 0.036859 0.035772
0 0.390531 0.538346 0.054748 0.051469
0 0.021326 0.253484 0.040313 0.039161
0 0.846052 0.866177 0.032014 0.030798
0 0.977414 0.813285 0.045172 0.055435
0 0.792530 0.709609 0.043288 0.041993
0 0.954818 0.943318 0.037343 0.036742
0 0.048134 0.497452 0.096269 0.106173
0 0.637282 0.658000 0.032322 0.030888
0 0.381621 0.768610 0.036649 0.035088
0 0.535659 0.159112 0.038168 0.036983
0 0.151428 0.172209 0.032444 0.031973
0 0.407862 0.018418 0.038452 0.034944
0 0.557224 0.824297 0.033710 0.031038
0 0.158511 0.902572 0.033550 0.031384
0 0.585495 0.605858 0.030381 0.029437
0 0.429209 0.806400 0.069875 0.069277
0 0.731006 0.464686 0.137513 0.129887
0 0.821970 0.730952 0.030031 0.029441
0 0.313879 0.281352 0.044718 0.042965
0 0.865534 0.563554 0.038560 0.036572
0 0.835366 0.837444 0.033386 0.032966
0 0.760305 0.858222 0.028630 0.028062
0 0.869611 0.486353 0.150569 0.151919
0 0.057403 0.132121 0.036713 0.035091
0 0.530510 0.265710 0.030566 0.029477
0 0.045901 0.086065 0.035399 0.033333
0 0.716762 0.060118 0.030264 0.028586
0 0.399565 0.600857 0.040014 0.038971
0 0.713754 0.355840 0.036794 0.035832
0 0.186718 0.157059 0.333352 0.310609
0 0.860496 0.333602 0.044117 0.041598
0 0.478624 0.669385 0.043410 0.042760
0 0.410094 0.582730 0.036101 0.032650
0 0.077648 0.797841 0.050859 0.049874
0 0.719639 0.481420 0.030673 0.029545
0 0.783515 0.310706 0.104372 0.099790
0 0.151489 0.088553 0.025862 0.025905
0 0.862527 0.596539 0.028384 0.027977
0 0.209748 0.099045 0.030084 0.029303
0 0.262933 0.243043 0.024727 0.024446
0 0.273535 0.147916 0.025833 0.025398
0 0.476887 0.042422 0.026988 0.026690
0 0.573127 0.111502 0.040667 0.036919
0 0.214247 0.282192 0.055840 0.057057
0 0.170487 0.102047 0.023538 0.022976
0 0.358857 0.184398 0.026063 0.026530
0 0.587855 0.296968 0.027713 0.027202
0 0.315848 0.965681 0.033552 0.032391
0 0.922490 0.328105 0.042392 0.041780
0 0.974524 0.497943 0.047521 0.046542
0 0.988362 0.989492 0.022470 0.021016
0 0.493672 0.301972 0.026417 0.026397
0 0.119314 0.011172 0.028889 0.022301
0 0.515600 0.491948 0.027661 0.027913
0 0.858421 0.844653 0.025608 0.025450
0 0.024273 0.134065 0.019150 0.018646
0 0.093446 0.173619 0.037009 0.037602
0 0.383721 0.171336 0.065708 0.066623
0 0.474535 0.655642 0.031485 0.029131
0 0.775436 0.379760 0.078697 0.075157
0 0.810100 0.337014 0.034088 0.033596
0 0.300979 0.151731 0.026280 0.025923
0 0.469321 0.007844 0.030095 0.015689
0 0.623920 0.701003 0.025320 0.025171