0 0.118348 0.384899 0.186662 0.167115
0 0.237334 0.262291 0.211137 0.200172
0 0.777838 0.977644 0.072038 0.044713
0 0.430174 0.679078 0.045728 0.040563
0 0.441992 0.892054 0.054409 0.048353
0 0.601852 0.496769 0.048768 0.042265
0 0.492270 0.943265 0.041858 0.036908
0 0.603471 0.882895 0.050899 0.047533
0 0.960328 0.657619 0.042652 0.037848
0 0.223673 0.689526 0.035633 0.031793
0 0.851173 0.366138 0.038639 0.034513
0 0.611056 0.538519 0.036523 0.032706
0 0.770337 0.787360 0.033927 0.029907
0 0.746534 0.227218 0.035730 0.030085
0 0.539658 0.641845 0.060844 0.053790
0 0.573453 0.467279 0.042226 0.034104
0 0.881915 0.619423 0.138028 0.125730
0 0.302046 0.929176 0.034664 0.032243
0 0.667596 0.841829 0.116155 0.098791
0 0.496928 0.247110 0.035270 0.029099
0 0.956820 0.498476 0.086359 0.085292
0 0.223115 0.038192 0.052576 0.045656
0 0.678200 0.365539 0.067916 0.059144
0 0.335517 0.971695 0.117387 0.056422
0 0.230928 0.525848 0.067873 0.055544
0 0.919890 0.545340 0.121739 0.107041
0 0.946167 0.366762 0.052595 0.047503
0 0.207669 0.755945 0.030508 0.026817
0 0.382118 0.603165 0.031932 0.026456
0 0.396859 0.458419 0.164809 0.128789
0 0.509836 0.825903 0.033728 0.029832
0 0.081564 0.188870 0.163129 0.377740
0 0.744640 0.939083 0.053673 0.047728
0 0.093136 0.541439 0.186273 0.395820
0 0.370140 0.367683 0.137051 0.116054
0 0.518622 0.976992 0.029900 0.029097
0 0.618863 0.325785 0.090496 0.076501
0 0.424964 0.844958 0.033792 0.030119
0 0.880731 0.685124 0.048174 0.043063
0 0.430414 0.018959 0.062118 0.037238
0 0.392944 0.225014 0.118156 0.100091
0 0.707032 0.570402 0.068587 0.063677