0 0.410981 0.840381 0.057735 0.057294
0 0.834482 0.698238 0.050955 0.050238
0 0.393873 0.053034 0.033518 0.033414
0 0.331498 0.855443 0.041880 0.040116
0 0.880566 0.208533 0.057348 0.053757
0 0.420048 0.093394 0.031865 0.031320
0 0.190642 0.214143 0.029658 0.029055
0 0.899133 0.824024 0.026188 0.026274
0 0.429863 0.800515 0.033000 0.030511
0 0.843158 0.508689 0.026562 0.025353
0 0.451059 0.781385 0.026786 0.027238
0 0.928005 0.259589 0.028581 0.027339
0 0.400101 0.895540 0.027363 0.027441
0 0.534275 0.852407 0.027970 0.027361
0 0.484647 0.894919 0.027205 0.025736
0 0.496768 0.109275 0.069809 0.069105
0 0.351482 0.658398 0.025432 0.024982
0 0.211080 0.169333 0.038562 0.038518
0 0.558137 0.568730 0.097947 0.096169
0 0.695696 0.382135 0.023099 0.022782
0 0.147481 0.666178 0.026069 0.025456
0 0.066108 0.326120 0.023423 0.023523
0 0.356643 0.005722 0.023101 0.011444
0 0.034077 0.718299 0.067826 0.169515
0 0.891509 0.382838 0.023706 0.023544