0 0.802758 0.083754 0.070273 0.070719
0 0.178784 0.846654 0.057826 0.056644
0 0.298708 0.313567 0.101032 0.100473
0 0.875089 0.651901 0.050821 0.051323
0 0.386781 0.300465 0.035436 0.034610
0 0.135893 0.983575 0.085237 0.032850
0 0.580893 0.353083 0.038936 0.038669
0 0.504613 0.673657 0.032569 0.031085
0 0.797864 0.784528 0.064596 0.063231
0 0.011311 0.069600 0.022621 0.032896
0 0.676389 0.796003 0.029293 0.029424
0 0.761394 0.891249 0.024402 0.024184
0 0.392187 0.253495 0.030665 0.029576
0 0.586742 0.726923 0.046870 0.047046
0 0.171336 0.145496 0.024125 0.023917
0 0.736820 0.785020 0.028619 0.028158
0 0.099134 0.435929 0.035017 0.034225
0 0.961097 0.074669 0.027536 0.026710
0 0.024679 0.085852 0.023470 0.023715
0 0.171224 0.331376 0.050372 0.049261
0 0.543163 0.930368 0.032930 0.032137
0 0.255914 0.489717 0.040199 0.040409
0 0.065994 0.572642 0.036077 0.035984
0 0.807391 0.242198 0.059701 0.057049
0 0.728451 0.292305 0.037768 0.037958
0 0.149298 0.649172 0.029649 0.029930
0 0.534061 0.311381 0.049858 0.049527
0 0.677165 0.404618 0.042106 0.041700
0 0.174352 0.732871 0.028323 0.027620
0 0.981789 0.101100 0.030463 0.031597
0 0.085352 0.668027 0.042992 0.040738
0 0.453077 0.699885 0.024017 0.023984
0 0.939489 0.927346 0.025908 0.026155
0 0.738828 0.006394 0.028415 0.012787
0 0.282920 0.562945 0.045755 0.046290
0 0.017154 0.412409 0.033739 0.043046
0 0.667317 0.870896 0.026347 0.025763
0 0.461958 0.538878 0.090602 0.089090
0 0.014539 0.211461 0.028920 0.060982
0 0.037091 0.973393 0.027353 0.026675
0 0.437336 0.664649 0.024290 0.024586
0 0.515067 0.416024 0.044627 0.044466
0 0.469107 0.721216 0.043879 0.042125
0 0.395588 0.528835 0.048861 0.044516
0 0.398755 0.560399 0.055306 0.052158
0 0.993622 0.976801 0.012746 0.029028
0 0.908802 0.111002 0.048864 0.047316
0 0.958356 0.824896 0.028072 0.027840
0 0.910201 0.433473 0.024051 0.023941
0 0.849209 0.006126 0.026517 0.012252
0 0.230835 0.117586 0.019110 0.019148
0 0.561419 0.981033 0.042729 0.036739
0 0.937034 0.785446 0.073965 0.073225
0 0.013349 0.363061 0.026584 0.053723
0 0.033460 0.615616 0.066921 0.074027
0 0.578764 0.274357 0.044289 0.043154
0 0.542262 0.340900 0.043044 0.041962
0 0.376194 0.718510 0.023248 0.023044
0 0.224593 0.600872 0.025261 0.026124
0 0.234774 0.663072 0.027829 0.027395
0 0.339259 0.571070 0.070384 0.068921
0 0.587038 0.777592 0.047650 0.046616
0 0.624009 0.302847 0.030399 0.031262
0 0.269111 0.760544 0.023700 0.023919
0 0.387758 0.673118 0.025622 0.025002
0 0.722002 0.495527 0.038620 0.038820
0 0.084614 0.706479 0.057132 0.058084
0 0.187353 0.032931 0.021764 0.021305