0 0.771125 0.361745 0.100684 0.099350
0 0.798557 0.514122 0.063874 0.065649
0 0.622645 0.116072 0.035688 0.035598
0 0.586197 0.231306 0.053742 0.052304
0 0.684778 0.613778 0.045669 0.045610
0 0.534400 0.854114 0.067529 0.067914
0 0.093984 0.053910 0.031405 0.030824
0 0.079190 0.276512 0.033141 0.032496
0 0.337799 0.196776 0.041295 0.038926
0 0.776018 0.092390 0.051084 0.050546
0 0.238100 0.285312 0.042711 0.042528
0 0.365901 0.177670 0.030904 0.031499
0 0.038920 0.915381 0.077644 0.077968
0 0.526698 0.937189 0.043327 0.042693
0 0.095094 0.332902 0.049361 0.048377
0 0.886767 0.893974 0.050286 0.047804
0 0.549973 0.096408 0.037837 0.037354
0 0.731225 0.529811 0.046065 0.045737
0 0.180815 0.790676 0.034883 0.035159
0 0.052699 0.172375 0.033062 0.032931
0 0.487220 0.793220 0.075947 0.073802
0 0.850514 0.750203 0.041063 0.039858
0 0.865792 0.372079 0.061689 0.059214
0 0.034150 0.539311 0.026957 0.026608
0 0.310374 0.879053 0.030151 0.030651
0 0.643141 0.427488 0.038486 0.037754
0 0.869677 0.313951 0.048783 0.048075
0 0.017412 0.617739 0.034824 0.042824
0 0.477526 0.649904 0.031984 0.030673
0 0.346743 0.441997 0.036174 0.035359
0 0.561598 0.119485 0.027421 0.028332
0 0.692831 0.717850 0.031554 0.030985
0 0.420775 0.529754 0.028563 0.029000
0 0.804963 0.188780 0.029591 0.028918
0 0.509263 0.980690 0.044974 0.038338
0 0.871073 0.502162 0.046010 0.044482
0 0.235496 0.253464 0.028691 0.028114
0 0.684091 0.433581 0.033755 0.033504
0 0.589567 0.154774 0.064638 0.061966
0 0.736725 0.727084 0.033700 0.033828
0 0.938003 0.619835 0.059425 0.059300
0 0.364394 0.600887 0.025266 0.025044
0 0.825199 0.312930 0.037201 0.035669
0 0.826541 0.163746 0.026720 0.026727
0 0.546024 0.576875 0.028346 0.027668
0 0.460325 0.484058 0.025579 0.025304
0 0.199537 0.937754 0.027931 0.027827
0 0.356382 0.981937 0.038295 0.035254
0 0.735919 0.076903 0.028226 0.027591
0 0.449435 0.465615 0.022412 0.022181
0 0.904412 0.201060 0.033122 0.031310
0 0.052388 0.395460 0.023723 0.023762
0 0.518183 0.679931 0.036589 0.037667
0 0.820865 0.436319 0.030582 0.029349
0 0.008549 0.951714 0.017098 0.033610
0 0.215648 0.213648 0.024696 0.024945
0 0.687130 0.662425 0.032530 0.031752
0 0.449009 0.410416 0.030633 0.030743
0 0.043294 0.515479 0.022857 0.022341
0 0.681891 0.959883 0.026398 0.025937
0 0.154575 0.986129 0.028650 0.026788
0 0.591640 0.071794 0.023255 0.022626
0 0.470734 0.768826 0.034478 0.034597
0 0.424816 0.807360 0.047687 0.046891
0 0.215354 0.975291 0.075849 0.049418
0 0.662262 0.688543 0.031473 0.031311
0 0.295798 0.531783 0.024297 0.024063
0 0.735608 0.695842 0.023605 0.023512
0 0.719986 0.659815 0.031978 0.031157
0 0.006556 0.642434 0.012801 0.029022
0 0.281450 0.231109 0.025362 0.024958
0 0.154851 0.501356 0.029096 0.028579
0 0.343506 0.909764 0.028658 0.027673
0 0.363675 0.853701 0.026059 0.026688