0 0.598834 0.771450 0.046025 0.044747
0 0.413267 0.761714 0.037923 0.036544
0 0.234006 0.479586 0.049064 0.047441
0 0.355743 0.944292 0.031004 0.030351
0 0.227523 0.639683 0.031851 0.030797
0 0.349115 0.730908 0.035748 0.035114
0 0.021825 0.747588 0.040422 0.039233
0 0.717457 0.827033 0.030842 0.029786
0 0.554381 0.441396 0.031837 0.030409
0 0.479357 0.968117 0.037491 0.037085
0 0.583853 0.288118 0.037770 0.036412
0 0.416423 0.545354 0.031166 0.030396
0 0.648560 0.399600 0.031612 0.031338
0 0.807359 0.641340 0.033701 0.033129
0 0.672843 0.698725 0.034465 0.032917
0 0.647347 0.457002 0.027479 0.027282
0 0.950117 0.917255 0.028123 0.028164
0 0.438542 0.067043 0.029807 0.029587
0 0.722171 0.672728 0.078512 0.077509
0 0.468754 0.941406 0.029412 0.028468
0 0.299268 0.522966 0.028502 0.027820
0 0.287337 0.019475 0.028114 0.027107
0 0.415280 0.975589 0.030111 0.028951
0 0.175623 0.343605 0.029494 0.029740
0 0.674611 0.418518 0.028452 0.027643
0 0.188194 0.454558 0.054506 0.053319
0 0.752596 0.576003 0.024938 0.024556
0 0.905481 0.064088 0.058571 0.059095
0 0.267491 0.095706 0.034812 0.034436
0 0.688093 0.633806 0.031361 0.031431
0 0.309290 0.542515 0.023894 0.023132
0 0.923161 0.121690 0.056559 0.055193
0 0.086927 0.856240 0.027601 0.026375
0 0.909095 0.809230 0.024265 0.023396
0 0.410258 0.074137 0.030064 0.029439
0 0.923479 0.510260 0.030077 0.030539
0 0.225601 0.987838 0.055173 0.024231
0 0.100808 0.788039 0.048919 0.046969
0 0.411083 0.716323 0.023982 0.023447
0 0.132465 0.864822 0.107599 0.106115
0 0.279129 0.425235 0.024415 0.024076
0 0.038370 0.508952 0.025070 0.024563
0 0.382931 0.602818 0.026346 0.025751
0 0.906246 0.626999 0.035708 0.034866
0 0.868841 0.981249 0.043757 0.035741
0 0.860072 0.090347 0.035473 0.035638