0 0.856875 0.472647 0.060779 0.057754
0 0.822153 0.158102 0.073167 0.069796
0 0.628807 0.762055 0.034020 0.031982
0 0.701618 0.138678 0.037857 0.036971
0 0.231187 0.714192 0.032078 0.031182
0 0.793083 0.207150 0.044754 0.044136
0 0.990648 0.108210 0.018704 0.037833
0 0.403564 0.986741 0.038525 0.026351
0 0.821601 0.500113 0.033145 0.032064
0 0.952182 0.987906 0.041062 0.024033
0 0.687280 0.967447 0.028393 0.026840
0 0.647387 0.568002 0.027769 0.027307
0 0.670152 0.255548 0.032419 0.030549
0 0.895218 0.215356 0.035463 0.034250
0 0.964986 0.261007 0.055681 0.052257
0 0.848956 0.929129 0.036048 0.034933
0 0.549547 0.015001 0.024124 0.023279
0 0.105359 0.809531 0.021892 0.022735