0 0.826681 0.890061 0.041640 0.030769
0 0.815082 0.838661 0.051964 0.040051
0 0.924193 0.423134 0.038955 0.029606
0 0.213916 0.018917 0.037342 0.029223
0 0.119791 0.521713 0.037234 0.029686
0 0.784936 0.793097 0.038968 0.028238
0 0.664339 0.214190 0.035214 0.027799
0 0.345286 0.095142 0.032603 0.025586
0 0.618597 0.859408 0.037390 0.029666
0 0.984751 0.784933 0.030312 0.028007
0 0.668001 0.842116 0.032212 0.023411
0 0.495059 0.064395 0.029754 0.024066
0 0.497392 0.776304 0.079086 0.059176
0 0.574826 0.009995 0.033313 0.019435
0 0.509434 0.491842 0.029148 0.022709
0 0.086202 0.645010 0.025943 0.022035
0 0.253697 0.973472 0.024998 0.020680
0 0.047913 0.596394 0.030811 0.024633
0 0.116650 0.042215 0.034771 0.027201
0 0.418573 0.531008 0.026666 0.021992
0 0.803615 0.235080 0.047939 0.032417
0 0.992651 0.422041 0.014682 0.040560
0 0.823242 0.982765 0.027599 0.024291
0 0.700921 0.657047 0.234440 0.180877
0 0.980778 0.206401 0.022427 0.019530
0 0.964626 0.884279 0.070748 0.087089
0 0.764416 0.140471 0.024029 0.020882
0 0.417267 0.058361 0.028779 0.022859