0 0.786176 0.243012 0.056334 0.055350
0 0.525689 0.500483 0.054616 0.052976
0 0.456215 0.246514 0.057364 0.056888
0 0.766679 0.092035 0.027080 0.027423
0 0.976267 0.699643 0.026920 0.026271
0 0.941059 0.106556 0.023128 0.023839
0 0.559655 0.405575 0.032282 0.032003
0 0.252252 0.469651 0.029188 0.029172
0 0.117978 0.555546 0.027587 0.027524
0 0.317906 0.240423 0.026993 0.027162
0 0.646452 0.363241 0.023625 0.023318
0 0.529634 0.366623 0.025897 0.025347
0 0.568019 0.593934 0.114635 0.109930
0 0.261292 0.304336 0.031201 0.031585
0 0.605015 0.836118 0.042133 0.041003
0 0.914347 0.548650 0.028299 0.027812
0 0.535082 0.341206 0.021117 0.021384
0 0.549076 0.645829 0.027352 0.026842
0 0.915340 0.930319 0.031761 0.031260
0 0.862558 0.293939 0.039538 0.038847
0 0.834824 0.091272 0.027230 0.027281
0 0.333388 0.414023 0.025742 0.024946
0 0.586506 0.686327 0.022934 0.022596
0 0.129185 0.242528 0.083162 0.080845
0 0.416462 0.169660 0.017676 0.017683
0 0.447893 0.968176 0.093024 0.063647
0 0.381954 0.835883 0.065933 0.066393
0 0.673640 0.644136 0.118116 0.111568
0 0.155249 0.369729 0.066748 0.067305
0 0.726860 0.958728 0.031455 0.030334
0 0.250158 0.152680 0.026239 0.026107
0 0.938161 0.409313 0.024052 0.023679
0 0.404742 0.065755 0.074210 0.074741
0 0.077545 0.757234 0.047342 0.045724
0 0.215959 0.612334 0.027423 0.027407
0 0.804107 0.451365 0.029310 0.028437
0 0.685786 0.398732 0.092911 0.092076
0 0.603636 0.762303 0.095227 0.085836
0 0.362575 0.183351 0.018555 0.018335
0 0.797815 0.166861 0.065261 0.063332
0 0.796826 0.316939 0.091550 0.089389
0 0.761932 0.397772 0.046131 0.042929
0 0.868709 0.207996 0.049230 0.049554