0 0.189145 0.861659 0.047436 0.044226
0 0.198069 0.748854 0.059879 0.056048
0 0.300739 0.397960 0.158814 0.151462
0 0.152460 0.769552 0.050964 0.046558
0 0.959144 0.308407 0.035358 0.033707
0 0.876484 0.099652 0.053267 0.050339
0 0.227141 0.638218 0.059558 0.054628
0 0.798726 0.939655 0.043891 0.041547
0 0.431800 0.492846 0.050013 0.045653
0 0.787574 0.255612 0.039058 0.037178
0 0.169722 0.713036 0.036043 0.033055
0 0.825039 0.360987 0.033857 0.032004
0 0.145615 0.807662 0.061485 0.053684
0 0.815864 0.018501 0.062159 0.037002
0 0.048551 0.642069 0.070522 0.068710
0 0.846939 0.232188 0.062273 0.060438
0 0.239390 0.325729 0.043080 0.039881
0 0.384765 0.478707 0.047126 0.040979
0 0.487877 0.705752 0.053929 0.045688
0 0.314298 0.244953 0.032825 0.030072
0 0.080159 0.678364 0.034440 0.029081
0 0.079308 0.575908 0.033705 0.030453
0 0.226159 0.807242 0.036714 0.035115
0 0.771057 0.177733 0.045714 0.043530
0 0.076887 0.704998 0.030419 0.029741
0 0.617626 0.347958 0.036419 0.035477
0 0.299471 0.827911 0.110614 0.101491
0 0.074350 0.483894 0.147323 0.197603
0 0.456556 0.722937 0.032489 0.028950
0 0.435644 0.465257 0.034020 0.030519
0 0.783688 0.968269 0.027429 0.026498
0 0.288022 0.947038 0.123226 0.098670
0 0.896850 0.984999 0.060539 0.030001
0 0.007858 0.022525 0.015717 0.027124
0 0.356299 0.195820 0.025513 0.024080
0 0.539915 0.264651 0.037607 0.036499
0 0.690600 0.027635 0.057104 0.052457
0 0.644057 0.740035 0.030620 0.029261
0 0.129563 0.674427 0.026618 0.025362