0 0.950705 0.910931 0.053439 0.052213
0 0.216555 0.208025 0.048962 0.047907
0 0.626512 0.840937 0.035378 0.034628
0 0.234024 0.249369 0.041848 0.041948
0 0.511686 0.955072 0.041022 0.039448
0 0.926557 0.532210 0.030468 0.029723
0 0.628239 0.450184 0.029860 0.029096
0 0.408998 0.645397 0.030420 0.031078
0 0.092944 0.794030 0.040935 0.039561
0 0.610102 0.986702 0.032025 0.026595
0 0.279133 0.895001 0.028916 0.028279
0 0.375153 0.693661 0.029590 0.029675
0 0.170026 0.668436 0.050154 0.049182
0 0.653114 0.081103 0.035929 0.035264
0 0.207576 0.877511 0.035274 0.035201
0 0.211619 0.940222 0.032500 0.031992
0 0.264955 0.169422 0.037150 0.036233
0 0.833084 0.309440 0.023791 0.023695
0 0.846504 0.819224 0.027248 0.027081
0 0.477340 0.246583 0.029006 0.029203
0 0.622998 0.205954 0.038848 0.036508
0 0.463046 0.275979 0.029973 0.028582
0 0.139556 0.181048 0.025527 0.025521
0 0.087669 0.165533 0.029296 0.028380
0 0.872931 0.832907 0.031231 0.030812
0 0.310128 0.190299 0.029223 0.029056
0 0.073789 0.834615 0.032963 0.032456
0 0.845125 0.741301 0.024779 0.024882
0 0.959443 0.948328 0.025241 0.025031
0 0.203447 0.365949 0.023733 0.024311
0 0.258910 0.481476 0.025501 0.024926
0 0.117451 0.181420 0.026343 0.026783
0 0.519311 0.184611 0.028399 0.027466
0 0.007249 0.204436 0.014498 0.031861
0 0.452509 0.767958 0.025530 0.025246
0 0.437916 0.246841 0.031945 0.030566
0 0.519549 0.800654 0.026142 0.025232
0 0.156571 0.697334 0.052693 0.049677
0 0.569574 0.023643 0.046549 0.044937
0 0.605902 0.013280 0.027121 0.025653
0 0.148997 0.134580 0.029888 0.028915
0 0.233186 0.539072 0.024312 0.024166
0 0.022393 0.236288 0.029811 0.029643
0 0.036666 0.110397 0.023896 0.023602