0 0.650246 0.563556 0.169169 0.156610
0 0.675588 0.773033 0.345068 0.299731
0 0.962786 0.592856 0.049837 0.047045
0 0.877629 0.683616 0.136176 0.123440
0 0.053204 0.819400 0.034661 0.032332
0 0.853019 0.035088 0.032536 0.030602
0 0.357922 0.401176 0.030802 0.029536
0 0.859412 0.507107 0.031128 0.029558
0 0.037269 0.129982 0.030237 0.028464
0 0.596737 0.946257 0.037398 0.031020
0 0.854865 0.402713 0.034973 0.031772
0 0.368663 0.331836 0.028649 0.027027
0 0.940176 0.354503 0.027061 0.026013
0 0.081672 0.071881 0.036213 0.032996
0 0.103429 0.530206 0.033268 0.033426
0 0.118061 0.302752 0.025479 0.024332
0 0.920309 0.786866 0.128016 0.113211
0 0.079455 0.563279 0.029687 0.027230
0 0.086134 0.922655 0.057411 0.053195
0 0.093836 0.495814 0.034693 0.033425
0 0.969879 0.720654 0.059794 0.065543
0 0.096147 0.270697 0.023088 0.023032
0 0.978719 0.538293 0.042562 0.082574
0 0.288961 0.903781 0.338427 0.192438
0 0.979831 0.530448 0.040338 0.059729
0 0.957952 0.177412 0.031374 0.028512
0 0.676285 0.386289 0.025928 0.024477
0 0.551751 0.296776 0.026560 0.024898
0 0.109242 0.966713 0.124031 0.066575
0 0.275073 0.779510 0.026185 0.024518
0 0.297066 0.301724 0.022900 0.023176
0 0.986161 0.666647 0.025445 0.023071
0 0.305469 0.753203 0.025067 0.023620
0 0.766818 0.340975 0.023817 0.022891
0 0.768351 0.188649 0.083190 0.078607