0 0.204944 0.583514 0.091282 0.091354
0 0.404720 0.560439 0.032984 0.032109
0 0.545897 0.300658 0.045678 0.045979
0 0.936451 0.906359 0.073396 0.073170
0 0.981727 0.227205 0.033068 0.032619
0 0.405029 0.014202 0.037425 0.028208
0 0.153363 0.949040 0.033583 0.033294
0 0.944895 0.805871 0.030427 0.029423
0 0.929581 0.204632 0.028704 0.028430
0 0.254126 0.544022 0.037393 0.035863
0 0.450805 0.068927 0.031637 0.031481
0 0.686136 0.565193 0.057180 0.055482
0 0.493448 0.447523 0.028549 0.027746
0 0.355837 0.988934 0.031478 0.022131
0 0.770115 0.950305 0.096191 0.094101
0 0.931794 0.775286 0.057793 0.057985
0 0.952934 0.628689 0.031201 0.031557
0 0.008523 0.636257 0.016968 0.044875
0 0.679792 0.779989 0.093007 0.088972
0 0.266621 0.960223 0.054407 0.053572
0 0.645532 0.964762 0.089072 0.070477
0 0.575198 0.793614 0.040207 0.037593
0 0.465128 0.010587 0.040384 0.021174
0 0.096100 0.238149 0.029312 0.028734
0 0.110933 0.523295 0.033745 0.032048
0 0.256072 0.501704 0.033501 0.032493
0 0.940419 0.224480 0.025322 0.026085
0 0.628341 0.125782 0.026209 0.026124
0 0.222747 0.226879 0.046719 0.045488
0 0.415423 0.679149 0.066921 0.064132
0 0.270606 0.432161 0.035006 0.035453
0 0.731060 0.317854 0.024842 0.024586
0 0.286474 0.036100 0.035955 0.035277
0 0.691133 0.692203 0.246868 0.242235
0 0.529400 0.830152 0.076684 0.072683
0 0.869764 0.058160 0.061761 0.060698
0 0.835737 0.248362 0.024896 0.024921
0 0.510417 0.791706 0.067308 0.066121
0 0.498877 0.287337 0.060751 0.058626
0 0.430385 0.725356 0.070075 0.071911
0 0.970424 0.541361 0.059048 0.100712
0 0.574511 0.439330 0.027809 0.028163
0 0.409096 0.291121 0.087966 0.085941
0 0.026025 0.075377 0.026833 0.026547
0 0.087634 0.039808 0.075562 0.072843
0 0.069322 0.434686 0.054861 0.053625
0 0.672406 0.019141 0.062536 0.038281
0 0.226192 0.304330 0.025675 0.026038