0 0.637419 0.870464 0.153963 0.142215
0 0.725375 0.101759 0.319818 0.201864
0 0.955075 0.592952 0.089496 0.127186
0 0.815905 0.500370 0.083780 0.073080
0 0.667617 0.773714 0.053294 0.046471
0 0.976860 0.139334 0.046207 0.051474
0 0.547785 0.428647 0.043574 0.040476
0 0.060640 0.865847 0.036795 0.035793
0 0.409860 0.097670 0.095526 0.092460
0 0.701221 0.303543 0.050630 0.044710
0 0.392064 0.777458 0.056014 0.052193
0 0.510196 0.521734 0.040064 0.035863
0 0.839351 0.299708 0.045409 0.041071
0 0.651464 0.691949 0.056214 0.047963
0 0.066840 0.553137 0.034479 0.032110
0 0.021903 0.728777 0.043807 0.045170
0 0.266593 0.454604 0.034014 0.030792
0 0.256162 0.231021 0.455778 0.436993
0 0.771020 0.535047 0.042843 0.037073
0 0.140757 0.534638 0.050157 0.047225
0 0.185209 0.570134 0.036003 0.032552
0 0.556916 0.591331 0.034959 0.030753
0 0.072605 0.752170 0.069174 0.063399
0 0.318874 0.783211 0.055959 0.052388
0 0.605579 0.563182 0.039396 0.034159
0 0.941510 0.856947 0.041021 0.036579
0 0.897103 0.609596 0.040278 0.036954
0 0.477902 0.319558 0.066613 0.062232
0 0.936753 0.364941 0.125116 0.214840
0 0.145260 0.658024 0.040015 0.039655
0 0.651108 0.715420 0.034069 0.027621
0 0.836448 0.623314 0.042575 0.035714
0 0.701472 0.482658 0.079930 0.070668
0 0.560957 0.703606 0.148519 0.138920
0 0.342282 0.949884 0.033934 0.031725
0 0.064938 0.717112 0.046512 0.042926
0 0.954982 0.045806 0.026878 0.024977
0 0.375866 0.839087 0.058455 0.053249
0 0.425780 0.442541 0.161583 0.144865
0 0.625522 0.470185 0.030902 0.027437
0 0.761009 0.398670 0.250247 0.219226
0 0.007372 0.474621 0.014744 0.038306
0 0.066768 0.101217 0.037781 0.035618
0 0.968360 0.664732 0.057582 0.047686
0 0.058918 0.715502 0.037942 0.035697
0 0.775657 0.635876 0.033233 0.029495
0 0.914699 0.200122 0.169372 0.196002
0 0.481370 0.913143 0.257234 0.173713
0 0.072710 0.718175 0.055027 0.047933
0 0.451383 0.734964 0.050537 0.046598
0 0.515539 0.144994 0.121140 0.109361
0 0.321765 0.912716 0.040898 0.037698
0 0.252897 0.396886 0.027358 0.026890
0 0.490085 0.435990 0.028198 0.027551
0 0.718873 0.480090 0.116207 0.090524
0 0.292739 0.415786 0.028413 0.028378
0 0.321048 0.887226 0.024741 0.023708
0 0.122331 0.072895 0.096843 0.094388