0 0.743806 0.825211 0.041781 0.041597
0 0.604014 0.841001 0.049852 0.048658
0 0.765338 0.752173 0.045603 0.045311
0 0.282627 0.812196 0.035331 0.034558
0 0.405382 0.279021 0.036150 0.033336
0 0.440275 0.657333 0.043720 0.043234
0 0.835103 0.155863 0.040287 0.039356
0 0.950524 0.195719 0.047371 0.045835
0 0.460972 0.287603 0.038521 0.036676
0 0.664494 0.269870 0.049966 0.045594
0 0.980145 0.915143 0.028986 0.028471
0 0.678825 0.533743 0.036068 0.034713
0 0.488518 0.493094 0.034398 0.033328
0 0.142496 0.702476 0.033275 0.032238
0 0.976074 0.246883 0.030035 0.028316
0 0.381021 0.059463 0.036304 0.032359
0 0.983977 0.272115 0.032045 0.038928
0 0.444624 0.057686 0.045295 0.043859
0 0.986313 0.410500 0.027374 0.034619
0 0.930574 0.154542 0.040462 0.039707
0 0.346094 0.100800 0.040386 0.038246
0 0.749895 0.651127 0.029169 0.027464
0 0.367481 0.901838 0.029722 0.028992
0 0.391074 0.656140 0.032007 0.033134
0 0.476861 0.061643 0.075781 0.068426
0 0.339524 0.833295 0.027452 0.026960
0 0.964032 0.366430 0.033155 0.032856
0 0.589841 0.092651 0.033746 0.031367
0 0.429318 0.255096 0.034706 0.033457
0 0.664594 0.577556 0.028751 0.027705
0 0.411316 0.194424 0.053202 0.050325
0 0.700760 0.046751 0.037193 0.034868
0 0.438045 0.163724 0.034886 0.033725
0 0.281974 0.768791 0.026797 0.026476
0 0.779591 0.794129 0.039618 0.037471
0 0.500951 0.149679 0.032004 0.030545
0 0.234058 0.262658 0.041404 0.041824
0 0.605758 0.537146 0.029280 0.028249
0 0.554082 0.133564 0.030754 0.029309
0 0.200514 0.271540 0.025629 0.026261
0 0.316875 0.115503 0.030071 0.028100
0 0.225660 0.598763 0.034506 0.033358
0 0.494590 0.701153 0.028483 0.025438
0 0.637992 0.005540 0.035718 0.011034
0 0.855445 0.408298 0.030711 0.032515
0 0.849595 0.290094 0.032354 0.031064
0 0.277739 0.045571 0.043060 0.041521
0 0.908676 0.921510 0.026295 0.026013
0 0.460450 0.639704 0.023213 0.021542
0 0.640702 0.159202 0.028117 0.026559
0 0.830709 0.407305 0.030122 0.030514
0 0.574336 0.158141 0.043473 0.039731
0 0.286551 0.257643 0.040326 0.037969
0 0.446474 0.304860 0.033828 0.033422
0 0.590374 0.810394 0.028407 0.027760
0 0.273548 0.048724 0.035676 0.034575
0 0.460914 0.169320 0.044248 0.041433
0 0.356563 0.074605 0.023824 0.023008
0 0.342390 0.127929 0.026503 0.026353
0 0.800321 0.008019 0.029198 0.015982
0 0.400972 0.244817 0.025718 0.025758
0 0.290459 0.250455 0.039450 0.038851
0 0.437218 0.112687 0.026133 0.025193
0 0.789516 0.106516 0.027149 0.026213
0 0.803733 0.405698 0.026340 0.025266
0 0.271476 0.264073 0.027156 0.028154
0 0.877269 0.716532 0.026003 0.025443
0 0.408800 0.640700 0.026031 0.024818
0 0.401737 0.014835 0.027997 0.026630
0 0.281439 0.039768 0.042870 0.035831