0 0.876333 0.535065 0.085173 0.083331
0 0.662343 0.321687 0.078934 0.075502
0 0.674425 0.932308 0.077541 0.077465
0 0.597731 0.500948 0.070836 0.069722
0 0.340983 0.632779 0.049880 0.049277
0 0.694693 0.221869 0.263209 0.260958
0 0.779033 0.799216 0.054731 0.053804
0 0.805810 0.713514 0.062312 0.061011
0 0.814576 0.760908 0.036089 0.035440
0 0.682557 0.856073 0.043646 0.043596
0 0.690569 0.558684 0.042776 0.042408
0 0.439879 0.235072 0.035209 0.035631
0 0.887437 0.239918 0.033700 0.032491
0 0.890165 0.875981 0.045906 0.044455
0 0.787121 0.475562 0.048650 0.048435
0 0.790711 0.904289 0.040015 0.039716
0 0.855939 0.964706 0.036921 0.036357
0 0.947472 0.794596 0.065517 0.064728
0 0.084475 0.287126 0.039012 0.037553
0 0.565134 0.615475 0.037323 0.036715
0 0.414626 0.146681 0.035469 0.034584
0 0.847370 0.684781 0.045650 0.044758
0 0.946605 0.188692 0.037893 0.037730
0 0.535975 0.108745 0.155862 0.149829
0 0.831308 0.140474 0.044138 0.043404
0 0.369173 0.496475 0.030821 0.030072
0 0.352840 0.336349 0.038170 0.037123
0 0.656562 0.571807 0.031376 0.030023
0 0.646911 0.616875 0.035425 0.034930
0 0.794423 0.946894 0.031427 0.030851
0 0.172972 0.295149 0.345944 0.413532
0 0.327664 0.156520 0.046239 0.044127
0 0.956544 0.532350 0.028343 0.027814
0 0.515364 0.428928 0.028522 0.029438
0 0.460586 0.177437 0.088618 0.090713
0 0.449439 0.475699 0.033862 0.033006
0 0.540633 0.518262 0.031827 0.031316
0 0.641884 0.774123 0.090131 0.092117
0 0.377879 0.135346 0.077727 0.078242
0 0.984240 0.867457 0.031521 0.072388
0 0.785749 0.013215 0.028722 0.026431
0 0.452947 0.036859 0.186898 0.072953
0 0.147227 0.217489 0.033596 0.032629
0 0.724610 0.100369 0.028764 0.028641
0 0.731086 0.291999 0.035047 0.034127
0 0.916448 0.941061 0.031356 0.029471
0 0.622612 0.580838 0.035084 0.034730
0 0.878951 0.033917 0.033704 0.032220
0 0.750268 0.629264 0.033802 0.033581
0 0.235608 0.494071 0.029278 0.029579
0 0.061079 0.496775 0.119698 0.123509
0 0.179155 0.810710 0.358310 0.378579
0 0.189281 0.067716 0.027893 0.027474
0 0.628519 0.555574 0.028491 0.029416
0 0.247043 0.023692 0.091452 0.046604
0 0.357818 0.198999 0.031236 0.029813
0 0.371169 0.580621 0.027295 0.027598
0 0.104168 0.607002 0.208335 0.282677
0 0.498674 0.748358 0.025118 0.024313
0 0.950349 0.605626 0.024336 0.023900
0 0.460141 0.746013 0.028380 0.028715
0 0.149577 0.006348 0.033584 0.012696
0 0.322322 0.989648 0.035744 0.020704
0 0.447778 0.496836 0.030654 0.030023
0 0.744591 0.044158 0.024308 0.023648
0 0.968939 0.642058 0.039043 0.037519
0 0.709410 0.030248 0.023882 0.023911
0 0.722202 0.694380 0.034755 0.034953
0 0.980710 0.193432 0.025934 0.024808
0 0.032518 0.064379 0.042191 0.038665
0 0.731161 0.556377 0.035363 0.035401
0 0.993356 0.431196 0.013288 0.039738