0 0.639823 0.790665 0.193811 0.179694
0 0.228163 0.631426 0.313238 0.288196
0 0.886586 0.379585 0.208470 0.202191
0 0.378034 0.480349 0.043668 0.042408
0 0.054833 0.574019 0.037827 0.035528
0 0.378907 0.748302 0.032441 0.030778
0 0.511004 0.131363 0.054846 0.056350
0 0.269510 0.175067 0.154551 0.149907
0 0.471541 0.943129 0.037734 0.033650
0 0.134896 0.225670 0.092125 0.088643
0 0.149747 0.143149 0.087529 0.082728
0 0.723631 0.089903 0.098306 0.096477
0 0.200007 0.069083 0.122337 0.119556
0 0.305028 0.782790 0.029949 0.029346
0 0.072227 0.271040 0.031710 0.030868
0 0.017338 0.124810 0.034620 0.064097
0 0.700411 0.197667 0.213260 0.197286
0 0.067738 0.036073 0.031429 0.029325
0 0.715491 0.083683 0.115667 0.117547
0 0.785561 0.932078 0.032231 0.030177
0 0.823808 0.125560 0.032224 0.031074
0 0.884442 0.229870 0.030728 0.030606
0 0.063962 0.070080 0.040420 0.038500
0 0.264368 0.315968 0.027809 0.027685
0 0.694366 0.073785 0.159956 0.140190
0 0.109737 0.024081 0.126994 0.047536
0 0.411796 0.979703 0.033629 0.032835
0 0.855995 0.832078 0.132047 0.120317
0 0.089971 0.232409 0.179942 0.212059