0 0.646841 0.859841 0.122849 0.123493
0 0.086766 0.511313 0.030655 0.029526
0 0.411194 0.280702 0.029492 0.030138
0 0.400073 0.515574 0.027002 0.027185
0 0.573704 0.453260 0.058371 0.055539
0 0.520942 0.507293 0.041635 0.040202
0 0.296167 0.495059 0.038319 0.037303
0 0.583285 0.570588 0.046798 0.046024
0 0.398725 0.101210 0.100838 0.099428
0 0.621847 0.765184 0.062129 0.062540
0 0.329797 0.522603 0.030843 0.030230
0 0.698664 0.673733 0.050044 0.048157
0 0.677372 0.709361 0.034131 0.032997
0 0.409224 0.436841 0.026493 0.025516
0 0.602550 0.798865 0.031038 0.031647
0 0.375441 0.461289 0.048017 0.047628
0 0.701422 0.630591 0.040788 0.038598
0 0.611161 0.533376 0.045792 0.043081
0 0.505069 0.317181 0.050615 0.050506
0 0.328310 0.413888 0.028372 0.028860
0 0.558346 0.526070 0.053542 0.052938
0 0.556087 0.532719 0.047325 0.045828
0 0.666482 0.650681 0.025530 0.025569