0 0.843761 0.257839 0.050607 0.047761
0 0.202864 0.099576 0.105430 0.100929
0 0.293817 0.438176 0.051569 0.049902
0 0.064193 0.863431 0.039262 0.035680
0 0.928737 0.446190 0.029155 0.027916
0 0.172781 0.735080 0.031889 0.029925
0 0.492360 0.778793 0.035134 0.034510
0 0.614000 0.200705 0.028065 0.027427
0 0.130259 0.834717 0.031777 0.029456
0 0.958410 0.165348 0.053017 0.048452
0 0.270210 0.359002 0.064545 0.059326
0 0.212649 0.168682 0.046176 0.044796
0 0.261243 0.150728 0.044350 0.041261
0 0.912516 0.954185 0.035691 0.034514
0 0.848303 0.121768 0.033105 0.030842
0 0.211604 0.803444 0.028154 0.025962
0 0.139845 0.138421 0.040913 0.037196
0 0.818341 0.188826 0.054736 0.051572
0 0.282981 0.099152 0.025694 0.025186
0 0.218506 0.780002 0.025295 0.023510
0 0.270431 0.320695 0.032885 0.032885