0 0.583441 0.046212 0.126438 0.092046
0 0.163702 0.309568 0.060532 0.044852
0 0.327271 0.658346 0.039856 0.028617
0 0.979136 0.124121 0.041728 0.044493
0 0.157280 0.717089 0.047577 0.038121
0 0.156228 0.380290 0.034521 0.025623
0 0.676761 0.689259 0.039072 0.031381
0 0.130384 0.279286 0.036907 0.027632
0 0.455739 0.280235 0.076951 0.062376
0 0.037547 0.781475 0.040326 0.031133
0 0.037535 0.359092 0.035947 0.029058
0 0.805715 0.182863 0.049284 0.038982
0 0.562783 0.353917 0.049191 0.037744
0 0.515675 0.526595 0.044421 0.030785
0 0.516924 0.205489 0.082940 0.063803
0 0.185085 0.959826 0.043213 0.032132
0 0.381764 0.295549 0.091149 0.069771
0 0.878554 0.278611 0.060989 0.050483
0 0.770901 0.651071 0.041251 0.033584
0 0.902051 0.922525 0.030800 0.025965
0 0.476783 0.602325 0.043394 0.034849
0 0.969573 0.395366 0.054884 0.044348
0 0.171917 0.749927 0.047848 0.036970
0 0.971200 0.283925 0.032999 0.027781
0 0.411311 0.738109 0.031104 0.023404
0 0.953713 0.310660 0.030965 0.027122
0 0.465199 0.743552 0.030036 0.022997
0 0.022633 0.411927 0.040057 0.029994
0 0.970063 0.918557 0.059873 0.062424
0 0.132064 0.993476 0.035137 0.013042
0 0.865624 0.640988 0.031324 0.023210
0 0.511403 0.206421 0.076278 0.049813
0 0.995227 0.010434 0.009090 0.020185
0 0.674555 0.569303 0.120839 0.094916
0 0.528328 0.574619 0.079988 0.065190
0 0.178719 0.624652 0.031105 0.024391
0 0.407806 0.234362 0.068619 0.054093
0 0.189614 0.956874 0.039411 0.031446
0 0.857532 0.881090 0.033392 0.027474
0 0.147355 0.931260 0.030375 0.023298
0 0.203970 0.483168 0.029345 0.023875
0 0.911569 0.312763 0.042665 0.036514
0 0.649523 0.882614 0.043399 0.035362
0 0.604757 0.204805 0.048969 0.038987
0 0.519004 0.035087 0.039276 0.032509