0 0.301596 0.377039 0.058360 0.050898
0 0.887561 0.284873 0.044264 0.040028
0 0.548529 0.599780 0.058163 0.051550
0 0.917426 0.160561 0.041878 0.037151
0 0.582708 0.082070 0.040932 0.036049
0 0.092550 0.718949 0.032535 0.029012
0 0.591910 0.158670 0.029893 0.027515
0 0.563480 0.523451 0.032029 0.028845
0 0.113029 0.411672 0.028953 0.023815
0 0.658178 0.038066 0.035405 0.031057
0 0.165411 0.711332 0.028296 0.024951
0 0.544101 0.623006 0.027999 0.026492
0 0.653881 0.766036 0.026755 0.024990
0 0.354759 0.692652 0.026333 0.024192
0 0.830872 0.289113 0.027793 0.025324