0 0.740616 0.819606 0.079980 0.073800
0 0.444959 0.223863 0.057105 0.051000
0 0.958675 0.737865 0.079554 0.075618
0 0.241713 0.469842 0.056184 0.052987
0 0.205258 0.817296 0.320683 0.268773
0 0.372346 0.505832 0.067222 0.065238
0 0.535910 0.196041 0.048212 0.043495
0 0.305085 0.463765 0.063654 0.061517
0 0.780895 0.613155 0.030609 0.029977
0 0.137555 0.465454 0.050855 0.046463
0 0.276243 0.558414 0.104528 0.095390
0 0.785262 0.305036 0.165955 0.157134
0 0.173256 0.367598 0.184006 0.174706
0 0.521667 0.440606 0.173913 0.156003
0 0.653495 0.241618 0.170135 0.153431
0 0.897182 0.287954 0.031797 0.030355
0 0.198778 0.162445 0.046341 0.042773
0 0.404233 0.462744 0.045626 0.040902
0 0.032670 0.719571 0.065341 0.094305
0 0.942418 0.919603 0.058014 0.052490
0 0.712656 0.720704 0.047531 0.044952
0 0.874278 0.026645 0.041642 0.037490
0 0.388308 0.555020 0.039753 0.038288
0 0.374121 0.925493 0.037692 0.033629
0 0.798780 0.050616 0.034495 0.033594
0 0.603481 0.782128 0.042041 0.038383
0 0.853076 0.012128 0.064243 0.024255
0 0.608644 0.684136 0.043171 0.039106
0 0.231948 0.624474 0.045745 0.042790
0 0.194268 0.502910 0.059818 0.053905
0 0.187710 0.604510 0.061108 0.057432
0 0.293318 0.680313 0.030859 0.029151
0 0.021935 0.225664 0.041952 0.042306
0 0.507094 0.719939 0.032544 0.030436
0 0.484654 0.023273 0.063184 0.046545
0 0.506579 0.295395 0.033870 0.031664
0 0.731421 0.756204 0.035537 0.033856
0 0.439486 0.370515 0.039987 0.036280
0 0.919047 0.796992 0.028133 0.026488
0 0.775153 0.168858 0.026411 0.025624
0 0.386256 0.330706 0.054184 0.049378
0 0.255696 0.010108 0.029840 0.020216
0 0.095497 0.974352 0.070171 0.050196
0 0.174829 0.543017 0.097913 0.090040
0 0.397410 0.570097 0.071133 0.064888
0 0.361374 0.090959 0.056923 0.052663
0 0.930134 0.818930 0.037326 0.036690
0 0.978974 0.375536 0.042053 0.090857
0 0.725208 0.015083 0.045048 0.030165
0 0.563884 0.967997 0.035259 0.034268
0 0.321925 0.010822 0.063925 0.021644
0 0.959582 0.844277 0.032693 0.030666
0 0.595513 0.396038 0.030697 0.029252
0 0.190158 0.459149 0.045205 0.042121
0 0.215116 0.656718 0.070833 0.062302
0 0.898388 0.396216 0.023910 0.023507
0 0.647439 0.584545 0.048425 0.046708
0 0.532427 0.248121 0.056104 0.051008
0 0.269672 0.497476 0.040460 0.038845
0 0.146211 0.314504 0.139460 0.122413
0 0.534469 0.006184 0.047599 0.012369
0 0.008964 0.253754 0.017929 0.049600
0 0.183772 0.121460 0.054169 0.050713
0 0.197937 0.274003 0.028311 0.027074
0 0.346497 0.365347 0.060946 0.054546
0 0.664252 0.476876 0.137880 0.132531
0 0.337222 0.327305 0.035042 0.031585
0 0.379617 0.255849 0.091444 0.086148
0 0.582927 0.426920 0.046874 0.043530
0 0.044797 0.971935 0.032830 0.030125
0 0.137913 0.048957 0.074767 0.067601
0 0.974939 0.983105 0.028348 0.028030
0 0.944719 0.067268 0.031106 0.030835
0 0.995322 0.613382 0.009355 0.023368
0 0.032079 0.380662 0.034394 0.031971
0 0.142039 0.217147 0.040900 0.038467
0 0.416709 0.627445 0.029596 0.027986
0 0.666056 0.984039 0.037342 0.031792
0 0.156718 0.545239 0.064095 0.061425
0 0.268392 0.938899 0.261129 0.121969
0 0.807376 0.933131 0.037321 0.036749
0 0.953365 0.894621 0.037934 0.034088
0 0.016774 0.331051 0.033547 0.051590
0 0.578453 0.424222 0.059401 0.052062