0 0.327949 0.294113 0.070023 0.060623
0 0.816873 0.334783 0.062181 0.050028
0 0.515676 0.771221 0.321041 0.263183
0 0.255541 0.775215 0.153748 0.129008
0 0.203097 0.914333 0.143342 0.121340
0 0.507720 0.159901 0.032420 0.027025
0 0.430497 0.907200 0.090725 0.079574
0 0.330395 0.050589 0.032653 0.028085
0 0.164364 0.010155 0.037475 0.020309
0 0.297491 0.479083 0.030946 0.026107
0 0.096448 0.183751 0.032172 0.027576
0 0.903547 0.729322 0.049127 0.044544
0 0.986181 0.830962 0.027638 0.025772
0 0.731925 0.575974 0.051134 0.044534
0 0.268137 0.757842 0.032866 0.029800
0 0.209381 0.579396 0.027562 0.024839
0 0.482095 0.111468 0.024601 0.023133
0 0.311928 0.917578 0.088705 0.072633
0 0.120360 0.947304 0.125448 0.104269
0 0.266875 0.504453 0.025056 0.022637
0 0.978875 0.576924 0.038255 0.035693
0 0.706057 0.953038 0.029449 0.026830
0 0.051968 0.645239 0.103803 0.148797
0 0.079593 0.948551 0.061605 0.051732
0 0.793938 0.588716 0.050536 0.044648
0 0.781096 0.801944 0.052189 0.047460