0 0.694671 0.572914 0.340377 0.323356
0 0.649410 0.299937 0.071544 0.070323
0 0.885368 0.410759 0.050760 0.049850
0 0.736220 0.618535 0.079182 0.076106
0 0.886921 0.363317 0.068826 0.069505
0 0.976305 0.303209 0.038609 0.038816
0 0.285450 0.198348 0.045672 0.045663
0 0.495830 0.061825 0.049616 0.049977
0 0.224969 0.765148 0.072517 0.069919
0 0.096680 0.291933 0.039052 0.038914
0 0.943565 0.053948 0.031701 0.030897
0 0.925672 0.716934 0.045015 0.045481
0 0.314032 0.221349 0.037499 0.036987
0 0.135727 0.015940 0.027191 0.028082
0 0.443525 0.510788 0.032856 0.030628
0 0.333748 0.068656 0.030605 0.030169
0 0.211163 0.515835 0.041864 0.040325
0 0.866521 0.310937 0.042195 0.042782
0 0.985155 0.099217 0.029673 0.030116
0 0.237187 0.389158 0.030041 0.029534
0 0.887677 0.707354 0.031026 0.030683
0 0.660746 0.421051 0.064328 0.063346
0 0.122555 0.776815 0.030802 0.030447
0 0.843088 0.169839 0.029488 0.028600
0 0.722104 0.435906 0.032729 0.032741
0 0.207449 0.729533 0.044619 0.042299
0 0.088392 0.432555 0.042854 0.045276
0 0.593672 0.744198 0.033647 0.032981
0 0.493607 0.340672 0.029320 0.028627
0 0.073381 0.426091 0.064164 0.061768
0 0.305041 0.119376 0.040902 0.039553
0 0.811054 0.778913 0.031870 0.031729
0 0.611760 0.385637 0.066705 0.060933
0 0.473737 0.533064 0.163591 0.157030
0 0.350902 0.221541 0.030376 0.028856
0 0.527716 0.667109 0.032636 0.032101
0 0.056549 0.582016 0.053230 0.051405
0 0.602075 0.686882 0.030197 0.029166
0 0.882800 0.482554 0.027488 0.027244
0 0.139311 0.758560 0.035610 0.033326
0 0.122844 0.773564 0.036474 0.035617
0 0.772712 0.367105 0.164444 0.155742
0 0.436295 0.403761 0.060435 0.057872
0 0.878850 0.791491 0.036870 0.023208
0 0.990958 0.560783 0.017950 0.026664
0 0.591994 0.615806 0.028630 0.028305
0 0.223149 0.127684 0.154292 0.156909
0 0.960187 0.104717 0.025768 0.026531
0 0.846817 0.022832 0.024682 0.024816
0 0.599445 0.581116 0.030027 0.030153
0 0.116928 0.590697 0.061620 0.061813
0 0.335012 0.389275 0.133964 0.122865
0 0.833010 0.712095 0.033516 0.031737
0 0.591971 0.752454 0.029501 0.027670
0 0.659082 0.411117 0.050347 0.048813
0 0.055395 0.392824 0.036592 0.035016
0 0.403341 0.791900 0.026236 0.022253
0 0.129118 0.646516 0.034889 0.031996
0 0.302225 0.349083 0.032403 0.031833
0 0.973325 0.470568 0.053351 0.062329