0 0.059770 0.867614 0.119539 0.185407
0 0.732171 0.538013 0.278696 0.227271
0 0.307271 0.904379 0.229985 0.187381
0 0.933997 0.281377 0.129648 0.129352
0 0.079428 0.305890 0.100427 0.075706
0 0.041623 0.176399 0.073432 0.056443
0 0.379900 0.359755 0.268219 0.197737
0 0.618810 0.753994 0.043755 0.034041
0 0.134304 0.248722 0.064444 0.051518
0 0.203668 0.771678 0.048372 0.039784
0 0.125536 0.430440 0.131376 0.103436
0 0.241576 0.445676 0.103087 0.078709
0 0.162893 0.533147 0.243275 0.196695
0 0.131074 0.659478 0.116312 0.089967
0 0.308601 0.653035 0.062601 0.048171
0 0.083636 0.112421 0.053295 0.041256
0 0.158962 0.160138 0.048379 0.037633
0 0.235100 0.132900 0.045006 0.035044
0 0.068530 0.043519 0.061405 0.048000
0 0.444926 0.518463 0.305098 0.232162
0 0.980298 0.888020 0.039405 0.086000
0 0.025621 0.232876 0.050593 0.041325
0 0.719990 0.137376 0.112199 0.083162
0 0.556975 0.635924 0.149983 0.113953
0 0.211735 0.216330 0.115717 0.084129
0 0.443855 0.133279 0.109667 0.088946
0 0.022802 0.617984 0.045547 0.127614
0 0.549847 0.968589 0.202152 0.062822
0 0.043499 0.548111 0.041656 0.035018
0 0.428344 0.116547 0.069877 0.050931
0 0.296467 0.261905 0.089877 0.066296
0 0.481140 0.099466 0.040606 0.031569
0 0.134347 0.876115 0.033915 0.029423
0 0.449627 0.468014 0.051235 0.041817
0 0.047338 0.013648 0.040678 0.026130
0 0.957367 0.632174 0.078320 0.059866
0 0.030380 0.979205 0.059929 0.040809
0 0.866198 0.719792 0.261337 0.321387
0 0.408449 0.020602 0.043336 0.036618
0 0.920060 0.701102 0.035435 0.027888
0 0.817676 0.191121 0.103947 0.079700
0 0.198552 0.217622 0.096452 0.071350
0 0.610131 0.433824 0.115635 0.092466
0 0.873815 0.414692 0.143438 0.109248
0 0.123493 0.574981 0.115827 0.091201
0 0.709258 0.149279 0.088187 0.066887
0 0.511843 0.772078 0.278815 0.196415
0 0.102355 0.150968 0.052601 0.040950
0 0.009031 0.198012 0.017528 0.036169
0 0.918073 0.088030 0.106614 0.077808
0 0.859680 0.157137 0.061546 0.047931
0 0.029569 0.454675 0.056289 0.040437
0 0.381064 0.071549 0.067264 0.052571
0 0.240238 0.554306 0.110470 0.091317
0 0.654050 0.863494 0.121944 0.088405
0 0.569291 0.975448 0.222001 0.049104
0 0.855277 0.971227 0.055785 0.045106