0 0.954124 0.260310 0.091751 0.084692
0 0.107482 0.336832 0.214964 0.275214
0 0.468721 0.162278 0.080030 0.064026
0 0.042685 0.139218 0.085370 0.111576
0 0.585148 0.249981 0.122688 0.103135
0 0.081684 0.741471 0.163367 0.149433
0 0.090075 0.880676 0.067863 0.053619
0 0.325148 0.015896 0.045166 0.031791
0 0.799781 0.391290 0.048002 0.037202
0 0.506853 0.233945 0.053032 0.043828
0 0.962952 0.508058 0.045380 0.039120
0 0.377002 0.615535 0.036473 0.029991
0 0.196182 0.673261 0.041127 0.032315
0 0.620992 0.124826 0.068884 0.057590
0 0.764256 0.769289 0.053842 0.042821
0 0.890941 0.313463 0.052772 0.040108
0 0.766765 0.287323 0.058198 0.046338
0 0.377084 0.285721 0.041783 0.034263
0 0.276838 0.753553 0.033620 0.027344
0 0.981198 0.383060 0.037605 0.047483
0 0.471996 0.879644 0.360469 0.231105
0 0.725455 0.041474 0.044012 0.036087
0 0.729484 0.857495 0.048101 0.038194
0 0.355028 0.979445 0.081993 0.041110
0 0.096146 0.685339 0.052342 0.038850
0 0.650205 0.084430 0.034044 0.028175
0 0.813926 0.522478 0.035507 0.029166
0 0.978064 0.927886 0.043873 0.081455
0 0.112080 0.984859 0.055958 0.030282
0 0.286674 0.862580 0.082669 0.066082
0 0.591484 0.077191 0.044117 0.038112
0 0.360686 0.761508 0.040241 0.031414
0 0.859027 0.121055 0.277677 0.240588
0 0.625585 0.005527 0.029895 0.011054
0 0.574597 0.755763 0.083752 0.068399
0 0.659386 0.719022 0.093125 0.071328
0 0.455251 0.685734 0.032200 0.028166
0 0.931982 0.339530 0.040091 0.032418
0 0.807128 0.259605 0.035268 0.027799
0 0.411515 0.705567 0.029595 0.024125
0 0.835180 0.013052 0.045903 0.025516
0 0.149744 0.214579 0.030863 0.027462
0 0.761416 0.385680 0.030445 0.025671
0 0.672094 0.068988 0.076839 0.067594
0 0.483837 0.312477 0.066278 0.057140
0 0.786900 0.035915 0.032521 0.029261
0 0.549427 0.570749 0.028806 0.026012
0 0.837176 0.982269 0.101849 0.035054
0 0.028246 0.664575 0.050320 0.040107