0 0.814610 0.446841 0.287439 0.255784
0 0.775743 0.904769 0.272456 0.189263
0 0.163547 0.684833 0.098353 0.077851
0 0.040863 0.844874 0.042513 0.034462
0 0.960470 0.794745 0.033289 0.026022
0 0.619671 0.209294 0.036861 0.031010
0 0.902016 0.010016 0.059567 0.020033
0 0.971562 0.638670 0.035638 0.029914
0 0.455061 0.786610 0.035572 0.029601
0 0.103521 0.536342 0.036093 0.028598
0 0.518098 0.993921 0.047850 0.012157
0 0.517751 0.874012 0.043418 0.031656
0 0.795796 0.610852 0.034416 0.030481
0 0.122379 0.950162 0.118849 0.094312
0 0.269989 0.948869 0.041417 0.032801
0 0.073210 0.718055 0.035652 0.027542
0 0.769969 0.132895 0.031566 0.027599
0 0.424879 0.444257 0.154014 0.117414
0 0.468243 0.331895 0.035776 0.030096
0 0.035038 0.762477 0.036718 0.029654
0 0.971947 0.236384 0.056106 0.061483
0 0.040766 0.588355 0.030240 0.027155
0 0.026143 0.788532 0.033178 0.028052
0 0.225697 0.991298 0.029984 0.017404
0 0.875170 0.316600 0.028065 0.026435
0 0.984800 0.021347 0.030068 0.033322
0 0.396854 0.245553 0.090761 0.069944