0 0.831139 0.068613 0.167603 0.137136
0 0.581331 0.640820 0.040778 0.039699
0 0.707663 0.913382 0.057706 0.053841
0 0.421797 0.106656 0.035978 0.036054
0 0.945755 0.150304 0.031470 0.029298
0 0.308618 0.645143 0.071125 0.069365
0 0.361990 0.559716 0.075359 0.073630
0 0.152526 0.464677 0.028387 0.028199
0 0.755262 0.988347 0.037828 0.023102
0 0.117096 0.016998 0.052960 0.033996
0 0.240171 0.562049 0.103355 0.103058
0 0.655223 0.916140 0.033337 0.032430
0 0.892813 0.367001 0.054342 0.053585
0 0.684529 0.516401 0.039209 0.038330
0 0.891481 0.476021 0.204076 0.196982
0 0.462606 0.141524 0.090010 0.087519
0 0.087853 0.955836 0.092722 0.086734
0 0.476361 0.895216 0.039874 0.038648
0 0.510295 0.902651 0.027611 0.026755
0 0.861124 0.563781 0.277752 0.330131
0 0.291901 0.742020 0.122880 0.117625
0 0.622309 0.199383 0.069832 0.070898
0 0.490729 0.653484 0.057605 0.057045
0 0.704950 0.277675 0.155558 0.163196
0 0.976156 0.123722 0.046352 0.056520
0 0.642003 0.977174 0.026582 0.026733
0 0.876816 0.502808 0.239594 0.234568
0 0.645007 0.694798 0.068781 0.068951
0 0.460592 0.572335 0.027716 0.027806
0 0.943268 0.213051 0.032383 0.030701
0 0.816600 0.778326 0.051621 0.052532
0 0.513458 0.559833 0.028299 0.027145
0 0.394503 0.985803 0.049304 0.028394
0 0.920981 0.704370 0.089629 0.088400