0 0.210090 0.691457 0.196320 0.189844
0 0.789458 0.745582 0.421084 0.424790
0 0.377663 0.776838 0.034071 0.033655
0 0.375505 0.668691 0.150282 0.139182
0 0.208928 0.876185 0.052310 0.049725
0 0.847119 0.978829 0.059601 0.042342
0 0.559713 0.211754 0.522510 0.423507
0 0.073628 0.358189 0.035431 0.033347
0 0.279902 0.308837 0.037031 0.036700
0 0.102783 0.642366 0.027447 0.028300
0 0.272644 0.088352 0.032533 0.031954
0 0.618118 0.907272 0.031047 0.029457
0 0.012015 0.495995 0.024031 0.024962
0 0.619855 0.711331 0.045942 0.044826
0 0.025285 0.724920 0.050471 0.264656
0 0.556208 0.616038 0.028559 0.028594
0 0.191129 0.806131 0.043553 0.040958
0 0.525762 0.793381 0.205592 0.184532
0 0.506071 0.678961 0.109167 0.105908
0 0.015158 0.579522 0.026297 0.025690
0 0.058311 0.476954 0.029174 0.028204
0 0.614476 0.812582 0.036712 0.034607
0 0.509087 0.788140 0.166944 0.153751
0 0.955183 0.959855 0.027267 0.025646
0 0.628540 0.897576 0.034756 0.029420
0 0.985520 0.539852 0.028960 0.148128
0 0.347613 0.420286 0.027941 0.027230
0 0.124379 0.276162 0.034438 0.033162