0 0.730256 0.852803 0.285548 0.292069
0 0.961746 0.377158 0.074370 0.072964
0 0.970446 0.819368 0.059107 0.061129
0 0.562630 0.029805 0.133707 0.059351
0 0.931939 0.871080 0.032541 0.031739
0 0.631182 0.982372 0.033984 0.031566
0 0.921986 0.136808 0.086913 0.082649
0 0.818233 0.079134 0.087915 0.086221
0 0.646614 0.252595 0.033847 0.032289
0 0.966279 0.588881 0.037732 0.037457
0 0.848471 0.198430 0.032651 0.032003
0 0.685952 0.201262 0.046233 0.045234
0 0.122168 0.811660 0.186337 0.180445
0 0.597670 0.489431 0.069270 0.065841
0 0.986265 0.200482 0.027402 0.048047
0 0.434620 0.845568 0.078100 0.075247
0 0.990589 0.569800 0.018823 0.041245
0 0.975830 0.951300 0.045127 0.045645
0 0.865215 0.478513 0.082641 0.082941
0 0.201643 0.349704 0.028434 0.027876
0 0.129120 0.047882 0.100071 0.093965
0 0.054975 0.576814 0.068232 0.069307
0 0.238431 0.432115 0.055401 0.053815
0 0.649752 0.094480 0.053507 0.052111
0 0.045135 0.094359 0.090270 0.130527
0 0.142514 0.317734 0.048646 0.048471
0 0.445269 0.489531 0.031013 0.030358
0 0.771788 0.007471 0.041624 0.014942
0 0.149528 0.931046 0.209355 0.137909
0 0.992563 0.619209 0.014719 0.028462