0 0.648035 0.780494 0.047033 0.046299
0 0.228723 0.250136 0.060186 0.059432
0 0.119974 0.580828 0.040228 0.039224
0 0.357528 0.134354 0.063952 0.062818
0 0.306809 0.118915 0.038712 0.038793
0 0.164451 0.825864 0.032758 0.032051
0 0.268069 0.206512 0.063418 0.059763
0 0.285196 0.259346 0.061919 0.060460
0 0.230434 0.558192 0.033232 0.032721
0 0.062202 0.538395 0.123737 0.306345
0 0.080596 0.832622 0.031217 0.031213
0 0.320922 0.290944 0.043454 0.039708
0 0.147797 0.618812 0.028596 0.028311
0 0.371563 0.470696 0.034175 0.033959
0 0.022758 0.921559 0.038413 0.036929
0 0.581756 0.187091 0.044966 0.045145
0 0.327269 0.216697 0.055479 0.053723
0 0.176663 0.711204 0.029014 0.028123
0 0.232731 0.454036 0.027803 0.028153
0 0.300433 0.901185 0.042442 0.042472
0 0.321652 0.580327 0.026270 0.027266
0 0.364796 0.504724 0.031183 0.029473
0 0.111901 0.238670 0.032024 0.031246
0 0.085732 0.971362 0.030436 0.030651
0 0.329953 0.313776 0.046079 0.043636
0 0.035640 0.169241 0.033747 0.034464
0 0.518054 0.102156 0.081362 0.083476
0 0.064411 0.106961 0.127652 0.151545
0 0.380158 0.398095 0.045804 0.045576
0 0.400051 0.212400 0.038744 0.037139
0 0.299314 0.894957 0.038762 0.038727
0 0.157281 0.684648 0.027720 0.026900
0 0.380195 0.628927 0.025209 0.025061
0 0.519963 0.111181 0.068263 0.068090
0 0.826040 0.291910 0.048204 0.045025
0 0.397533 0.480887 0.028596 0.028322
0 0.175529 0.668105 0.025896 0.025967
0 0.260284 0.129140 0.044202 0.041325
0 0.328395 0.495089 0.037210 0.039041
0 0.324409 0.301739 0.049870 0.051155
0 0.183124 0.044805 0.021408 0.021684
0 0.563068 0.945626 0.096989 0.100105
0 0.536160 0.423721 0.047808 0.048745