0 0.202833 0.523375 0.231450 0.232396
0 0.175006 0.101720 0.035465 0.035434
0 0.877478 0.214866 0.071014 0.071898
0 0.625020 0.928557 0.076091 0.074486
0 0.511235 0.689871 0.090017 0.089068
0 0.282202 0.982692 0.042909 0.034616
0 0.388087 0.239328 0.039377 0.037918
0 0.865026 0.465544 0.032447 0.031436
0 0.732965 0.487553 0.033626 0.032241
0 0.915341 0.309085 0.033302 0.033316
0 0.118885 0.983159 0.046972 0.033455
0 0.339213 0.228549 0.031136 0.030244
0 0.453092 0.121698 0.035994 0.035699
0 0.064657 0.913914 0.033316 0.032229
0 0.371414 0.975226 0.038839 0.036812
0 0.819307 0.985519 0.083456 0.028962
0 0.639481 0.084088 0.386214 0.167475
0 0.750380 0.877909 0.031865 0.032292
0 0.599902 0.319746 0.043493 0.040370
0 0.176549 0.189287 0.353098 0.378573
0 0.750428 0.903920 0.028887 0.029460
0 0.235409 0.987556 0.032354 0.024887
0 0.973591 0.020115 0.025850 0.025306
0 0.922580 0.986831 0.059047 0.026324
0 0.490524 0.512345 0.028437 0.027898
0 0.798046 0.084812 0.026564 0.026413
0 0.226875 0.358100 0.026598 0.026037
0 0.735665 0.008353 0.025277 0.016705
0 0.685538 0.354492 0.027276 0.026564
0 0.877140 0.007968 0.030770 0.015937
0 0.636689 0.374709 0.025060 0.025101
0 0.896810 0.639788 0.196386 0.205341
0 0.625663 0.304486 0.023918 0.024143
0 0.445495 0.988917 0.030777 0.021537
0 0.702392 0.985809 0.023651 0.024729
0 0.476007 0.105839 0.027347 0.026059
0 0.064407 0.368976 0.023632 0.023553
0 0.292044 0.934528 0.072542 0.070125
0 0.399887 0.311866 0.031363 0.031668
0 0.738852 0.927809 0.025989 0.025264
0 0.878314 0.830339 0.025105 0.027071
0 0.125010 0.398501 0.028156 0.027457
0 0.754515 0.802015 0.029256 0.028767
0 0.444679 0.230510 0.026866 0.025921
0 0.451835 0.954522 0.025876 0.026415