0 0.187474 0.842966 0.079553 0.077310
0 0.025949 0.660396 0.029940 0.029630
0 0.358776 0.889035 0.024148 0.023497
0 0.953742 0.232065 0.050428 0.046737
0 0.579026 0.860553 0.362135 0.278895
0 0.734075 0.081103 0.048261 0.042561
0 0.829320 0.892777 0.057558 0.056194
0 0.263756 0.189178 0.038734 0.034723
0 0.061788 0.609149 0.032025 0.031047
0 0.178140 0.926170 0.040821 0.041511
0 0.171678 0.760551 0.100578 0.098165
0 0.195520 0.968598 0.061200 0.060188
0 0.011550 0.010441 0.023100 0.020881
0 0.639198 0.570162 0.025084 0.024315
0 0.461249 0.107300 0.024345 0.023846
0 0.326509 0.994284 0.021785 0.011431
0 0.348141 0.700154 0.077419 0.077224
0 0.928265 0.386022 0.028262 0.027436
0 0.051738 0.994276 0.022526 0.011035
0 0.585206 0.819644 0.021535 0.021179