0 0.140231 0.862937 0.048561 0.047797
0 0.938037 0.041640 0.054570 0.052807
0 0.045008 0.127131 0.032567 0.032331
0 0.301915 0.690204 0.034079 0.032613
0 0.078429 0.700247 0.040584 0.041048
0 0.495538 0.495914 0.045752 0.044350
0 0.025888 0.169529 0.031760 0.031733
0 0.539682 0.598754 0.033040 0.032375
0 0.098432 0.608207 0.037849 0.037052
0 0.108742 0.492389 0.031554 0.030918
0 0.602909 0.523551 0.037969 0.036672
0 0.603490 0.688327 0.031509 0.030323
0 0.299219 0.346408 0.029822 0.029119
0 0.289015 0.939195 0.029067 0.027856
0 0.124471 0.196218 0.026798 0.025981
0 0.761648 0.355444 0.033084 0.031734
0 0.443301 0.105443 0.032346 0.032260
0 0.528503 0.959822 0.044044 0.046825
0 0.042024 0.520084 0.028490 0.027849
0 0.527707 0.776304 0.025913 0.024671
0 0.159054 0.457695 0.026496 0.026115
0 0.401518 0.941224 0.035553 0.035240
0 0.177367 0.643325 0.027706 0.028141
0 0.325035 0.715994 0.025755 0.026277
0 0.524983 0.187818 0.028915 0.027459
0 0.047663 0.674563 0.039873 0.038865
0 0.216627 0.648800 0.028960 0.027888
0 0.804263 0.869545 0.065523 0.061157
0 0.853403 0.169927 0.027451 0.025940
0 0.212622 0.763394 0.026422 0.026153
0 0.990650 0.232309 0.018637 0.033718
0 0.581847 0.214991 0.030486 0.029260
0 0.474508 0.046639 0.033416 0.032775
0 0.504929 0.965736 0.060687 0.056860
0 0.970342 0.238032 0.029512 0.028300
0 0.138226 0.361683 0.023598 0.023090
0 0.322285 0.336306 0.026438 0.025680
0 0.256949 0.019337 0.025659 0.025500
0 0.646716 0.332060 0.026249 0.025412
0 0.358207 0.672458 0.024712 0.025345
0 0.283386 0.917336 0.026235 0.025842
0 0.224038 0.912653 0.027085 0.026423
0 0.448136 0.659295 0.023772 0.024314
0 0.817887 0.022144 0.032356 0.030542
0 0.240622 0.731651 0.039569 0.038122
0 0.007069 0.155621 0.013686 0.027115
0 0.786432 0.893630 0.028794 0.028347
0 0.098202 0.022831 0.035344 0.035579
0 0.586029 0.108670 0.025632 0.024766
0 0.117935 0.764343 0.025418 0.025405
0 0.496926 0.968807 0.046865 0.045850
0 0.228188 0.221604 0.026093 0.025748
0 0.419067 0.637544 0.023899 0.023461
0 0.587327 0.061172 0.026432 0.025677
0 0.983866 0.201751 0.028583 0.026731
0 0.064704 0.205669 0.024032 0.023970
0 0.619718 0.123208 0.025593 0.024001
0 0.241552 0.891388 0.024251 0.024998
0 0.114179 0.274574 0.024522 0.023208
0 0.128091 0.538987 0.023635 0.022907
0 0.349702 0.369184 0.026256 0.025778
0 0.813332 0.863784 0.048996 0.047838
0 0.502858 0.984762 0.035671 0.030137