0 0.166552 0.810145 0.124491 0.109974
0 0.113627 0.939608 0.179684 0.120784
0 0.556015 0.377815 0.044534 0.043382
0 0.485220 0.734660 0.051426 0.049247
0 0.267579 0.920915 0.077796 0.072178
0 0.219838 0.644910 0.084585 0.076293
0 0.297622 0.486474 0.038640 0.034382
0 0.025482 0.877681 0.041112 0.035544
0 0.093606 0.567633 0.104241 0.087977
0 0.511250 0.054723 0.031224 0.028670
0 0.136094 0.730591 0.072949 0.067122
0 0.464866 0.512891 0.278927 0.244299
0 0.627989 0.556994 0.033446 0.032690
0 0.417155 0.647141 0.076150 0.071873
0 0.305009 0.771100 0.092689 0.082368
0 0.652976 0.420345 0.036154 0.033557
0 0.432120 0.324030 0.039123 0.035156
0 0.239275 0.718324 0.142382 0.122970
0 0.254368 0.199386 0.107018 0.096669
0 0.655490 0.894866 0.103865 0.096558
0 0.785856 0.692408 0.062901 0.060468
0 0.438976 0.114468 0.378924 0.226187
0 0.365287 0.637931 0.030512 0.028733
0 0.581446 0.025169 0.031243 0.028529
0 0.599799 0.239668 0.028335 0.027605
0 0.869059 0.830957 0.045669 0.041368
0 0.118377 0.760336 0.038411 0.034085
0 0.592749 0.591888 0.030217 0.028772
0 0.171297 0.601918 0.056936 0.051707
0 0.062846 0.259741 0.124947 0.115688
0 0.858208 0.843668 0.280728 0.312664
0 0.705436 0.737704 0.149586 0.139591
0 0.896268 0.548423 0.030587 0.031179
0 0.145826 0.090042 0.247961 0.177731
0 0.987022 0.061866 0.025956 0.030998
0 0.056831 0.662262 0.089560 0.077991
0 0.167875 0.884223 0.039060 0.034513
0 0.713610 0.377555 0.352902 0.356412
0 0.337248 0.967731 0.058704 0.055148
0 0.953972 0.391481 0.033646 0.032682
0 0.712068 0.589871 0.028396 0.027869
0 0.935834 0.612270 0.128332 0.172599
0 0.742500 0.475485 0.129377 0.125057
0 0.214171 0.577888 0.044075 0.039373
0 0.743522 0.623305 0.067019 0.062551
0 0.383001 0.400948 0.029551 0.027459
0 0.377459 0.424881 0.034703 0.031584
0 0.079292 0.863237 0.069560 0.062478
0 0.994392 0.216519 0.011216 0.037045
0 0.588971 0.707841 0.040816 0.037743
0 0.863573 0.457328 0.024230 0.023785
0 0.644632 0.353709 0.028344 0.026654
0 0.110720 0.689677 0.035039 0.032657
0 0.286828 0.702237 0.059957 0.058281