0 0.394612 0.717889 0.083436 0.068787
0 0.574286 0.464146 0.072684 0.059699
0 0.211961 0.793161 0.092190 0.077929
0 0.152003 0.947862 0.109744 0.097030
0 0.030643 0.172006 0.060661 0.069593
0 0.408371 0.589932 0.077285 0.062487
0 0.119754 0.635782 0.072206 0.060506
0 0.099511 0.136624 0.065018 0.051981
0 0.893637 0.602868 0.063393 0.055928
0 0.140882 0.594844 0.043761 0.035278
0 0.343116 0.446537 0.053832 0.043974
0 0.408301 0.654665 0.090779 0.072956
0 0.269992 0.017720 0.044545 0.034088
0 0.565435 0.605813 0.039678 0.033089
0 0.683867 0.255039 0.177297 0.147435
0 0.903414 0.227497 0.038265 0.032496
0 0.427493 0.491545 0.033146 0.029236
0 0.587391 0.648377 0.036458 0.030863
0 0.710653 0.698743 0.046409 0.040815
0 0.110039 0.204446 0.061710 0.049920
0 0.345169 0.514977 0.048025 0.035466
0 0.323382 0.175940 0.072552 0.057199
0 0.866542 0.413225 0.264105 0.349431
0 0.398007 0.921582 0.065232 0.055774
0 0.343072 0.278791 0.122280 0.100646
0 0.724120 0.986154 0.079381 0.027692
0 0.288174 0.574414 0.105613 0.086135
0 0.355606 0.553230 0.072430 0.060489
0 0.334226 0.047883 0.036115 0.029672
0 0.423783 0.038343 0.058915 0.050438
0 0.357070 0.904028 0.048829 0.040834
0 0.067059 0.077600 0.061132 0.049430
0 0.662811 0.609874 0.032473 0.028590
0 0.287476 0.327726 0.068404 0.052946
0 0.752557 0.754942 0.050757 0.043618
0 0.571567 0.287826 0.035252 0.028659
0 0.684416 0.545442 0.058686 0.052170
0 0.458535 0.018718 0.084642 0.036316
0 0.087520 0.805031 0.116664 0.094253
0 0.209527 0.091711 0.099289 0.079896
0 0.471564 0.839205 0.054163 0.043440
0 0.229515 0.294053 0.081715 0.069114
0 0.790676 0.921068 0.036654 0.031895
0 0.391477 0.114924 0.046082 0.036758
0 0.386297 0.088777 0.092308 0.074103
0 0.301653 0.588311 0.071812 0.058698
0 0.659502 0.663004 0.082476 0.076075
0 0.476492 0.565688 0.028870 0.024765
0 0.465063 0.838009 0.066162 0.053764
0 0.019579 0.320138 0.039021 0.064048
0 0.426051 0.669704 0.080635 0.052298
0 0.438168 0.676471 0.055153 0.045497