0 0.655812 0.714799 0.163717 0.155835
0 0.480371 0.801183 0.053990 0.051862
0 0.986448 0.804425 0.027105 0.038543
0 0.862135 0.537639 0.044162 0.042709
0 0.492838 0.949170 0.043144 0.042931
0 0.903376 0.856793 0.040929 0.039981
0 0.132999 0.446605 0.039460 0.038308
0 0.823017 0.248500 0.317302 0.299673
0 0.987274 0.894194 0.025410 0.035513
0 0.449262 0.643383 0.038634 0.036817
0 0.869413 0.679324 0.035083 0.033577
0 0.263918 0.948610 0.036223 0.034824
0 0.772736 0.769948 0.038170 0.037992
0 0.730594 0.776442 0.042999 0.040991
0 0.747651 0.965227 0.042647 0.041592
0 0.918610 0.775752 0.031648 0.031760
0 0.598070 0.869201 0.051108 0.050488
0 0.988703 0.453819 0.022594 0.040502
0 0.904252 0.654063 0.038682 0.037556
0 0.942161 0.617372 0.034755 0.033198
0 0.585271 0.822765 0.035190 0.033574
0 0.973126 0.699364 0.031075 0.030193
0 0.871576 0.647366 0.032500 0.031761
0 0.456962 0.121770 0.079508 0.074593
0 0.512825 0.249500 0.126261 0.120473
0 0.943996 0.543119 0.034540 0.033463
0 0.738801 0.058190 0.097450 0.091918
0 0.718197 0.921836 0.032458 0.031409
0 0.267370 0.024698 0.042496 0.041622
0 0.738547 0.846996 0.034655 0.032980
0 0.863018 0.742840 0.028709 0.028141
0 0.600790 0.898329 0.033100 0.032195
0 0.992936 0.835417 0.014129 0.022234
0 0.422173 0.210228 0.029321 0.028705
0 0.122201 0.185320 0.244402 0.363736
0 0.970965 0.855853 0.023134 0.022824
0 0.311319 0.279822 0.043613 0.042742
0 0.686196 0.635416 0.023116 0.022310
0 0.552900 0.154761 0.077745 0.075561
0 0.529712 0.932882 0.049283 0.047538
0 0.530758 0.791974 0.027041 0.026631
0 0.230907 0.007690 0.050465 0.015249
0 0.820259 0.818518 0.026817 0.027187
0 0.854055 0.103809 0.033995 0.032869
0 0.499641 0.493122 0.047500 0.044091
0 0.747773 0.528017 0.170754 0.154749
0 0.653088 0.437412 0.085011 0.083354
0 0.098014 0.592432 0.027263 0.026454
0 0.991253 0.748730 0.017338 0.019701
0 0.912361 0.708010 0.068882 0.067810
0 0.629666 0.331882 0.053842 0.050901
0 0.600961 0.891311 0.041151 0.041785
0 0.260034 0.819123 0.142753 0.132803