0 0.659008 0.714325 0.279362 0.254421
0 0.951103 0.285892 0.076728 0.074771
0 0.833467 0.754227 0.094864 0.085862
0 0.258309 0.635751 0.064509 0.062741
0 0.607052 0.169813 0.089539 0.082042
0 0.557182 0.944206 0.113742 0.105698
0 0.138414 0.203824 0.133564 0.123697
0 0.220216 0.374569 0.055143 0.050586
0 0.486884 0.689944 0.046729 0.043181
0 0.139877 0.030963 0.061197 0.055243
0 0.831990 0.032501 0.038876 0.036633
0 0.912780 0.830860 0.105770 0.090985
0 0.077308 0.138512 0.053242 0.047705
0 0.885360 0.413156 0.052403 0.046011
0 0.933038 0.901263 0.092261 0.078794
0 0.741156 0.014340 0.036007 0.027867
0 0.016199 0.141395 0.032398 0.036837
0 0.985307 0.747042 0.029385 0.077682
0 0.397401 0.285480 0.084453 0.078435
0 0.249563 0.313601 0.042564 0.038873
0 0.635011 0.301278 0.035818 0.033821
0 0.348396 0.766822 0.062135 0.060485
0 0.582927 0.816634 0.055478 0.051320
0 0.974196 0.679623 0.051286 0.065735
0 0.314909 0.362525 0.036353 0.034308
0 0.365927 0.984846 0.099039 0.030309
0 0.325985 0.296804 0.049577 0.046737
0 0.318698 0.159935 0.036906 0.033293
0 0.139655 0.521066 0.048367 0.044331
0 0.080334 0.279872 0.046977 0.042408
0 0.065813 0.830850 0.131445 0.338301
0 0.530259 0.169689 0.040556 0.036190
0 0.861507 0.223130 0.031040 0.029705
0 0.343992 0.145076 0.031308 0.028841
0 0.978184 0.629500 0.043633 0.048403
0 0.783475 0.380942 0.031662 0.030545
0 0.756864 0.168806 0.035521 0.033712
0 0.486578 0.262272 0.061100 0.055373
0 0.499317 0.233376 0.074284 0.070611
0 0.008964 0.351113 0.017568 0.048656
0 0.383731 0.124283 0.053375 0.048573
0 0.048686 0.661615 0.096780 0.101669
0 0.443095 0.102329 0.067077 0.058519
0 0.184872 0.340212 0.030252 0.028208
0 0.442610 0.069048 0.071941 0.062496
0 0.492573 0.247246 0.079457 0.075485
0 0.260905 0.381402 0.030237 0.029108
0 0.225593 0.226540 0.057966 0.054483
0 0.396094 0.413708 0.031774 0.030269
0 0.378439 0.292805 0.028539 0.027647
0 0.805382 0.440163 0.028498 0.027938
0 0.183957 0.502104 0.038668 0.038236
0 0.930433 0.598632 0.074490 0.072322
0 0.030592 0.111366 0.055674 0.051303
0 0.942802 0.561699 0.071227 0.064924
0 0.933083 0.586216 0.081775 0.077372
0 0.424561 0.198614 0.043823 0.040050
0 0.190986 0.619835 0.024452 0.023868