0 0.765175 0.623475 0.068399 0.066018
0 0.874891 0.036225 0.069205 0.064743
0 0.887331 0.496735 0.054993 0.052348
0 0.030392 0.656211 0.057975 0.055018
0 0.236591 0.941327 0.225081 0.117345
0 0.019629 0.877969 0.037546 0.035163
0 0.969427 0.543112 0.029200 0.028193
0 0.154475 0.369937 0.032826 0.031472
0 0.058334 0.725975 0.034457 0.031304
0 0.159219 0.784311 0.029538 0.028007
0 0.115633 0.582756 0.032722 0.030657
0 0.023051 0.582911 0.026442 0.025739
0 0.066149 0.567452 0.030271 0.027785
0 0.199562 0.056564 0.048969 0.046828
0 0.181732 0.579392 0.049505 0.047560
0 0.091329 0.731722 0.026818 0.024726
0 0.182628 0.170392 0.048897 0.047092
0 0.213444 0.366368 0.239778 0.302985
0 0.388691 0.899733 0.025103 0.023874
0 0.260347 0.022895 0.126643 0.045790
0 0.239449 0.148300 0.039003 0.036736
0 0.207863 0.349433 0.025804 0.024449
0 0.332244 0.079100 0.030188 0.028449
0 0.815840 0.317901 0.025595 0.024572
0 0.020946 0.719340 0.026960 0.024885
0 0.079685 0.677935 0.029484 0.027226
0 0.160915 0.122895 0.050334 0.047640
0 0.014424 0.840585 0.028848 0.044007
0 0.057393 0.008630 0.037366 0.017260
0 0.707299 0.124935 0.022618 0.021281
0 0.851204 0.990012 0.032451 0.019647