0 0.815003 0.250848 0.048582 0.047271
0 0.510520 0.254116 0.040894 0.040000
0 0.792993 0.301967 0.050169 0.049929
0 0.455004 0.424663 0.223067 0.239594
0 0.506248 0.914524 0.034867 0.034360
0 0.040796 0.332971 0.044472 0.042920
0 0.075190 0.049451 0.045028 0.044441
0 0.866205 0.158147 0.042099 0.040732
0 0.500497 0.099778 0.034176 0.034225
0 0.774137 0.951846 0.041612 0.041817
0 0.625046 0.265155 0.031611 0.031193
0 0.082921 0.328931 0.036065 0.035524
0 0.071033 0.486504 0.040058 0.039972
0 0.984701 0.117541 0.030598 0.034105
0 0.520268 0.013006 0.030789 0.025679
0 0.635445 0.325426 0.185419 0.175468
0 0.607765 0.921932 0.030810 0.029211
0 0.924200 0.896700 0.086941 0.086649
0 0.846018 0.368251 0.039143 0.038436
0 0.971215 0.148545 0.031671 0.030508
0 0.087529 0.786705 0.031440 0.031024
0 0.447430 0.592842 0.031556 0.031011
0 0.571136 0.693243 0.031622 0.030843
0 0.979848 0.264154 0.038457 0.038875
0 0.233376 0.016169 0.056273 0.030811
0 0.791210 0.221314 0.029598 0.029032
0 0.725464 0.546291 0.029347 0.029287
0 0.286439 0.432808 0.148483 0.140777
0 0.953005 0.384138 0.032919 0.032209
0 0.529818 0.203405 0.056805 0.054016
0 0.041205 0.528133 0.040790 0.040526
0 0.966727 0.765875 0.036453 0.035479
0 0.180747 0.078127 0.031460 0.031429
0 0.652383 0.769069 0.152890 0.146891
0 0.392744 0.929646 0.027785 0.027801
0 0.149553 0.639708 0.034154 0.034437
0 0.497863 0.053545 0.030020 0.030924
0 0.293538 0.035402 0.031286 0.029492
0 0.607368 0.404270 0.042608 0.041741
0 0.154946 0.503013 0.138929 0.144854
0 0.605039 0.426337 0.028222 0.027711
0 0.821824 0.610538 0.030906 0.030318
0 0.063000 0.126420 0.030957 0.031245
0 0.182748 0.365069 0.037973 0.036507
0 0.554248 0.116359 0.035583 0.035126
0 0.100200 0.114906 0.044828 0.043708
0 0.287558 0.738046 0.032224 0.032129
0 0.601560 0.059827 0.087258 0.088851
0 0.767967 0.170089 0.029411 0.028554
0 0.907103 0.433591 0.029325 0.027926
0 0.806296 0.540793 0.028589 0.027901
0 0.379690 0.615430 0.026686 0.026721
0 0.615555 0.639399 0.028231 0.027752
0 0.892965 0.135781 0.027987 0.027372
0 0.085132 0.460782 0.035561 0.035822
0 0.313488 0.491293 0.028034 0.028995
0 0.652438 0.672597 0.035660 0.035323
0 0.456127 0.010083 0.046287 0.020166
0 0.203344 0.549938 0.030960 0.030014
0 0.811745 0.011322 0.092423 0.022644
0 0.247894 0.047458 0.041114 0.039723
0 0.894144 0.099657 0.025935 0.025322
0 0.554006 0.233780 0.024355 0.024719
0 0.658413 0.206001 0.026089 0.025558
0 0.362060 0.323036 0.043514 0.042886
0 0.819081 0.171593 0.029180 0.027622
0 0.711691 0.181173 0.035480 0.034343
0 0.700292 0.135049 0.029953 0.029813
0 0.128440 0.426712 0.032774 0.031431
0 0.315270 0.053851 0.029547 0.029061
0 0.858411 0.310471 0.025117 0.024779
0 0.741191 0.792489 0.026328 0.026766
0 0.725098 0.025409 0.037528 0.036694
0 0.056944 0.436947 0.030606 0.028883
0 0.754100 0.478036 0.064556 0.063011
0 0.128972 0.420265 0.038468 0.040967
0 0.815086 0.684700 0.025375 0.024799
0 0.104075 0.439833 0.027924 0.027504
0 0.616166 0.497997 0.124825 0.123274
0 0.893198 0.746073 0.029562 0.028850
0 0.781120 0.491311 0.024697 0.023932
0 0.087989 0.744518 0.025092 0.024955
0 0.030327 0.034987 0.036381 0.035641
0 0.220739 0.032447 0.031559 0.030800
0 0.040606 0.226524 0.034603 0.034831
0 0.035747 0.490069 0.035489 0.034338