0 0.657179 0.296868 0.230267 0.187884
0 0.251916 0.406190 0.070767 0.055565
0 0.720133 0.483584 0.070694 0.057322
0 0.403118 0.323152 0.046806 0.035627
0 0.646781 0.555420 0.074857 0.054968
0 0.885721 0.045212 0.049813 0.041861
0 0.599610 0.702747 0.041685 0.030666
0 0.643625 0.517753 0.055838 0.037704
0 0.645450 0.849073 0.035746 0.027820
0 0.047039 0.613481 0.039421 0.032498
0 0.238510 0.207879 0.032753 0.026083
0 0.979134 0.570953 0.028999 0.022799
0 0.396550 0.930825 0.028620 0.023074
0 0.871503 0.747131 0.255626 0.258314
0 0.491761 0.488887 0.032379 0.024409
0 0.736156 0.763914 0.030292 0.023322
0 0.274624 0.208201 0.042050 0.033347
0 0.981443 0.507182 0.023619 0.021439
0 0.907117 0.991171 0.023182 0.017069