0 0.214667 0.291285 0.086872 0.067112
0 0.554047 0.939571 0.047670 0.037199
0 0.961519 0.019145 0.053355 0.037589
0 0.383697 0.983965 0.030189 0.026408
0 0.283315 0.933855 0.041121 0.030024
0 0.117565 0.184754 0.042635 0.036447
0 0.144306 0.609578 0.033535 0.027234
0 0.419660 0.783932 0.032151 0.025644
0 0.307641 0.144625 0.060811 0.050042
0 0.462594 0.242762 0.169675 0.137496
0 0.358839 0.023738 0.039695 0.030359
0 0.711835 0.109591 0.032146 0.027630
0 0.212799 0.491648 0.095823 0.074623
0 0.169089 0.412889 0.031915 0.026460
0 0.475183 0.989513 0.030773 0.020209
0 0.736303 0.506312 0.026626 0.024009
0 0.431402 0.925430 0.028424 0.024026