0 0.300500 0.773334 0.053730 0.043543
0 0.824423 0.404915 0.036076 0.034592
0 0.770149 0.456978 0.036315 0.034775
0 0.558101 0.717598 0.034422 0.030506
0 0.390747 0.290841 0.034097 0.030732
0 0.249998 0.912713 0.032555 0.028642
0 0.380220 0.151492 0.026278 0.024802
0 0.987017 0.755011 0.025794 0.039811
0 0.916045 0.879276 0.167909 0.232786
0 0.866544 0.556507 0.029836 0.028072
0 0.871671 0.125288 0.038824 0.033679
0 0.442777 0.230323 0.039959 0.035000
0 0.585350 0.141444 0.031490 0.027751
0 0.149170 0.026783 0.033478 0.029392
0 0.912761 0.979214 0.024108 0.023356
0 0.355497 0.580283 0.031900 0.028399
0 0.220204 0.707940 0.027794 0.023948
0 0.388996 0.981554 0.036800 0.032729
0 0.835048 0.885820 0.034809 0.030127
0 0.816547 0.066733 0.124997 0.114672
0 0.702503 0.108036 0.027237 0.025360
0 0.703888 0.854837 0.052436 0.046240
0 0.551753 0.833317 0.025878 0.023247
0 0.401639 0.106426 0.050262 0.043400
0 0.868111 0.303307 0.033863 0.032560
0 0.888037 0.384657 0.029713 0.027505