0 0.943870 0.952938 0.108786 0.094124
0 0.490127 0.789350 0.059720 0.056181
0 0.610587 0.602719 0.062804 0.060362
0 0.592480 0.278436 0.101606 0.098485
0 0.469048 0.635640 0.076355 0.074504
0 0.393427 0.483754 0.095138 0.086765
0 0.616402 0.814195 0.119900 0.107895
0 0.736707 0.160308 0.038651 0.035782
0 0.524867 0.228512 0.105098 0.100263
0 0.204774 0.883524 0.127475 0.120773
0 0.947128 0.841084 0.044137 0.040367
0 0.157887 0.246992 0.315774 0.327857
0 0.452751 0.265123 0.070283 0.069271
0 0.312184 0.850601 0.107813 0.095972
0 0.563405 0.462240 0.043513 0.042071
0 0.271341 0.744131 0.063351 0.060736
0 0.305028 0.055087 0.063300 0.060256
0 0.093813 0.273350 0.055853 0.051748
0 0.298165 0.706186 0.060679 0.057825
0 0.155511 0.432011 0.030863 0.030192
0 0.592756 0.205298 0.036953 0.035343
0 0.130710 0.500957 0.052786 0.048069
0 0.485105 0.421164 0.033853 0.033189
0 0.026512 0.238304 0.028804 0.029943
0 0.174064 0.329370 0.025723 0.026264
0 0.190457 0.673255 0.088370 0.086495
0 0.603796 0.099721 0.040082 0.039586
0 0.427361 0.091460 0.064381 0.061610
0 0.602660 0.471093 0.038298 0.036295
0 0.371426 0.974010 0.086178 0.051980
0 0.358495 0.427545 0.032712 0.029375
0 0.618414 0.146513 0.037948 0.036423
0 0.329229 0.950418 0.037303 0.034077
0 0.771872 0.484635 0.032152 0.031374
0 0.869089 0.624450 0.035203 0.033319
0 0.613277 0.365648 0.096682 0.095084
0 0.904679 0.526899 0.035965 0.033517
0 0.581490 0.037450 0.181188 0.074900
0 0.147453 0.091557 0.286442 0.182219
0 0.893058 0.265001 0.041238 0.039232
0 0.979935 0.208355 0.040130 0.055487
0 0.950715 0.898605 0.060755 0.057773
0 0.868772 0.211027 0.029538 0.028092
0 0.533587 0.897786 0.088667 0.079456
0 0.948603 0.251534 0.061790 0.056690
0 0.113115 0.739392 0.204998 0.189413
0 0.883153 0.565504 0.042745 0.038672
0 0.985615 0.137938 0.028770 0.097691
0 0.130976 0.637256 0.049077 0.046981
0 0.970832 0.110250 0.029692 0.028815
0 0.274015 0.395914 0.027514 0.026898
0 0.684506 0.191363 0.087611 0.083480
0 0.879733 0.703555 0.027392 0.026192
0 0.925797 0.554250 0.031810 0.030374
0 0.643346 0.207630 0.025607 0.024883
0 0.977440 0.703583 0.045076 0.097299
0 0.945262 0.581733 0.029260 0.027032
0 0.973873 0.498238 0.044271 0.039533
0 0.816592 0.047720 0.061085 0.053980
0 0.398300 0.279379 0.029353 0.028829
0 0.019277 0.637107 0.038554 0.104373
0 0.254549 0.950335 0.034236 0.031589
0 0.030048 0.753614 0.033876 0.032349
0 0.654001 0.141422 0.027723 0.026418
0 0.253073 0.577714 0.076178 0.069329
0 0.642272 0.434515 0.026487 0.025276
0 0.145493 0.936393 0.053450 0.048566
0 0.420674 0.330694 0.028267 0.029898
0 0.853631 0.642515 0.079070 0.077639
0 0.460116 0.853702 0.059118 0.055069
0 0.837662 0.810053 0.045984 0.046053
0 0.869845 0.409718 0.100507 0.093503
0 0.922296 0.703691 0.075029 0.072153
0 0.303444 0.786030 0.056870 0.053643
0 0.244058 0.797127 0.060760 0.058554
0 0.399087 0.009944 0.063602 0.019887
0 0.721565 0.074591 0.032557 0.029855
0 0.040515 0.497481 0.027092 0.027311
0 0.441918 0.979218 0.047412 0.040193
0 0.588604 0.702358 0.041434 0.040620
0 0.233354 0.654840 0.080979 0.078537
0 0.527442 0.772084 0.037458 0.036166