0 0.179333 0.274102 0.182042 0.171199
0 0.693256 0.500409 0.139223 0.127256
0 0.831692 0.317055 0.091683 0.084488
0 0.714073 0.649574 0.052677 0.050389
0 0.930715 0.337072 0.054745 0.050106
0 0.647353 0.217390 0.041484 0.039428
0 0.046141 0.751731 0.090514 0.249231
0 0.760801 0.240005 0.045407 0.043797
0 0.361961 0.424315 0.035153 0.031608
0 0.427250 0.428760 0.058079 0.054260
0 0.035579 0.220243 0.065710 0.060977
0 0.861354 0.028707 0.054825 0.051887
0 0.985392 0.433812 0.029215 0.033032
0 0.477691 0.421184 0.033837 0.032243
0 0.018747 0.493135 0.037493 0.102609
0 0.436433 0.530933 0.055510 0.052075
0 0.288062 0.113239 0.478933 0.226479
0 0.560127 0.329345 0.129910 0.128164
0 0.677822 0.022602 0.094175 0.045203
0 0.652126 0.846854 0.037339 0.034667
0 0.699517 0.158645 0.057700 0.053850
0 0.732571 0.888095 0.033770 0.029945
0 0.210117 0.222436 0.071439 0.067418
0 0.269636 0.118076 0.029871 0.029837
0 0.638637 0.958833 0.108632 0.079983
0 0.795502 0.012861 0.031007 0.025721
0 0.278031 0.487755 0.098434 0.089345
0 0.337203 0.733918 0.674407 0.532165
0 0.756713 0.271880 0.113076 0.104046
0 0.484283 0.365101 0.028281 0.027051
0 0.708379 0.012785 0.034459 0.025492
0 0.166151 0.733434 0.029788 0.027601
0 0.413466 0.461232 0.031846 0.029620
0 0.705802 0.161999 0.047554 0.042876
0 0.696331 0.152396 0.067374 0.063361
0 0.939326 0.615497 0.028899 0.026241
0 0.970705 0.790924 0.058590 0.265604
0 0.676566 0.047345 0.054409 0.052046
0 0.885710 0.172110 0.075135 0.067868