0 0.747615 0.676173 0.266007 0.263573
0 0.353587 0.725610 0.112004 0.109076
0 0.794221 0.281593 0.149749 0.140213
0 0.083008 0.623194 0.165866 0.268600
0 0.620907 0.436240 0.180724 0.165457
0 0.442236 0.897519 0.045135 0.043341
0 0.689400 0.487689 0.040363 0.038320
0 0.825784 0.935230 0.036177 0.034878
0 0.593599 0.649065 0.045055 0.044028
0 0.515665 0.612292 0.125346 0.125915
0 0.896762 0.434435 0.043309 0.041092
0 0.328257 0.401718 0.083327 0.078651
0 0.036858 0.569821 0.036897 0.035844
0 0.758480 0.378147 0.033235 0.031232
0 0.125490 0.060367 0.030506 0.028945
0 0.260648 0.615194 0.185858 0.184069
0 0.088470 0.961362 0.094429 0.077276
0 0.891128 0.804422 0.027870 0.027256
0 0.429680 0.063216 0.033137 0.031319
0 0.451056 0.037993 0.036030 0.033406
0 0.206534 0.603266 0.038430 0.037430
0 0.930783 0.474091 0.069212 0.069228
0 0.762363 0.827188 0.031464 0.030840
0 0.718557 0.433878 0.042968 0.040567
0 0.237087 0.508556 0.055870 0.051790
0 0.654402 0.195555 0.032236 0.030614
0 0.047255 0.530842 0.040748 0.038065
0 0.576801 0.534737 0.058670 0.056917
0 0.569048 0.244925 0.032268 0.030197
0 0.352288 0.837253 0.041571 0.037401
0 0.370005 0.496936 0.030238 0.028824
0 0.107634 0.339214 0.215268 0.367264
0 0.617669 0.549073 0.027983 0.027435
0 0.005771 0.866414 0.011542 0.061726
0 0.406799 0.785700 0.104312 0.097627
0 0.239503 0.832263 0.207511 0.223310
0 0.954886 0.345223 0.089148 0.172532
0 0.352897 0.375632 0.027802 0.025988
0 0.146643 0.558475 0.039021 0.037450
0 0.774146 0.559613 0.061037 0.057486
0 0.368443 0.654092 0.026995 0.026077
0 0.202354 0.836632 0.284549 0.265979
0 0.077738 0.088692 0.038713 0.036289
0 0.362602 0.440033 0.032345 0.031915
0 0.008191 0.561014 0.016381 0.036464
0 0.419534 0.779315 0.075859 0.073608
0 0.967147 0.610763 0.052710 0.049819
0 0.270528 0.066161 0.030726 0.029393
0 0.262715 0.710587 0.060320 0.058208
0 0.200227 0.409605 0.085024 0.078609
0 0.254113 0.385642 0.053532 0.046363
0 0.172529 0.458566 0.171583 0.166812