0 0.122817 0.162903 0.138572 0.129746
0 0.613700 0.208504 0.222210 0.215591
0 0.341893 0.276149 0.061858 0.060186
0 0.806254 0.526445 0.074574 0.073707
0 0.118246 0.311523 0.060260 0.057350
0 0.604587 0.319481 0.058191 0.056261
0 0.320874 0.751122 0.087185 0.081079
0 0.898987 0.217017 0.059687 0.058695
0 0.690493 0.028140 0.087442 0.056169
0 0.902609 0.952865 0.046722 0.045185
0 0.462333 0.723999 0.038765 0.035263
0 0.256686 0.924171 0.056227 0.052506
0 0.080582 0.243394 0.055589 0.049468
0 0.658632 0.817800 0.048261 0.045472
0 0.679960 0.085788 0.030733 0.029377
0 0.684402 0.115688 0.031593 0.029762
0 0.266031 0.714731 0.056963 0.053874
0 0.464355 0.487581 0.044677 0.043203
0 0.912693 0.628527 0.110055 0.105597
0 0.549991 0.326431 0.043827 0.041349
0 0.806636 0.026301 0.183496 0.052601
0 0.316125 0.045533 0.042549 0.040178
0 0.335855 0.937880 0.036095 0.033938
0 0.161247 0.839926 0.055731 0.052234
0 0.621627 0.479099 0.090332 0.090050
0 0.744296 0.056856 0.036718 0.035853
0 0.266882 0.154134 0.067141 0.062472
0 0.055476 0.758629 0.032909 0.031842
0 0.715461 0.795938 0.069217 0.066421
0 0.779675 0.229239 0.038581 0.037747
0 0.852655 0.508352 0.293990 0.303778
0 0.640996 0.226481 0.027089 0.027101
0 0.617785 0.690362 0.028740 0.027666
0 0.374679 0.939410 0.034318 0.032506
0 0.395906 0.277452 0.030223 0.029259
0 0.871037 0.328148 0.151753 0.153886
0 0.063368 0.021899 0.052097 0.043541
0 0.371568 0.701369 0.029069 0.027816
0 0.612979 0.457364 0.058916 0.058239
0 0.448836 0.356197 0.027159 0.027317
0 0.555493 0.478237 0.027588 0.026443
0 0.323128 0.990023 0.029941 0.019724
0 0.598067 0.074710 0.045370 0.043234
0 0.140273 0.404470 0.027188 0.025723
0 0.592426 0.746811 0.046902 0.047674
0 0.047368 0.493617 0.094607 0.186429
0 0.178171 0.735923 0.038139 0.036285
0 0.136703 0.525621 0.085318 0.082973
0 0.626354 0.490019 0.073873 0.069528
0 0.223288 0.865633 0.047970 0.043687
0 0.341805 0.704169 0.032342 0.031853
0 0.159791 0.800802 0.028290 0.026641
0 0.560554 0.727462 0.038544 0.036862
0 0.129974 0.039454 0.041506 0.035949
0 0.498105 0.949381 0.028862 0.028132
0 0.227701 0.863710 0.038639 0.037048
0 0.856191 0.044430 0.022803 0.022175
0 0.413841 0.765581 0.025173 0.024891
0 0.664167 0.623756 0.218648 0.204227
0 0.047185 0.811027 0.072643 0.072665
0 0.844270 0.709875 0.111503 0.105338