0 0.720243 0.619548 0.072635 0.059113
0 0.198681 0.280461 0.045761 0.036294
0 0.634381 0.581027 0.048505 0.038627
0 0.656105 0.219345 0.047656 0.037924
0 0.266999 0.341840 0.043705 0.037098
0 0.499394 0.486873 0.038316 0.032726
0 0.361711 0.622801 0.079095 0.060731
0 0.696554 0.536701 0.033806 0.028688
0 0.753558 0.062817 0.035769 0.028417
0 0.432705 0.978285 0.053017 0.041748
0 0.574070 0.448945 0.033919 0.027157
0 0.104173 0.706225 0.034611 0.028138
0 0.010128 0.231579 0.020256 0.041217
0 0.638211 0.740308 0.041611 0.032332
0 0.382727 0.130788 0.520901 0.261438
0 0.680532 0.375869 0.037731 0.029971
0 0.926329 0.870084 0.046869 0.038765
0 0.943952 0.808163 0.041794 0.034295
0 0.082573 0.037140 0.165145 0.074281
0 0.939159 0.056020 0.029134 0.023584
0 0.802528 0.637800 0.091919 0.076995
0 0.897214 0.916629 0.048796 0.038037
0 0.129949 0.963678 0.030429 0.026960
0 0.573344 0.253368 0.121298 0.097902
0 0.658163 0.334012 0.034639 0.028780
0 0.594959 0.918274 0.040565 0.031807
0 0.685793 0.098300 0.040145 0.031511
0 0.244857 0.980613 0.086027 0.038775
0 0.874204 0.144271 0.026991 0.021538
0 0.056771 0.869170 0.068038 0.059928
0 0.994040 0.935787 0.011919 0.048432
0 0.941448 0.131622 0.116595 0.137347
0 0.747539 0.023790 0.084185 0.047581
0 0.352723 0.098972 0.031008 0.024828