0 0.984257 0.912597 0.031485 0.031967
0 0.964229 0.709835 0.040561 0.039843
0 0.085715 0.253151 0.035177 0.034036
0 0.224627 0.766513 0.051715 0.050490
0 0.546573 0.350733 0.045797 0.044480
0 0.668688 0.008281 0.039403 0.016561
0 0.974231 0.797969 0.029006 0.028354
0 0.353332 0.095216 0.033702 0.032086
0 0.748463 0.437731 0.029729 0.029024
0 0.293524 0.406525 0.045544 0.043637
0 0.098221 0.474054 0.051153 0.050873
0 0.278587 0.373283 0.047063 0.046536
0 0.461937 0.916995 0.074854 0.074327
0 0.050195 0.654303 0.100391 0.106264
0 0.488830 0.486097 0.025929 0.026190
0 0.181661 0.426226 0.043532 0.042571
0 0.564544 0.879229 0.134760 0.130791
0 0.319961 0.175147 0.095390 0.096093
0 0.257406 0.328092 0.056377 0.054298
0 0.475686 0.845666 0.066273 0.064721
0 0.066855 0.847032 0.034901 0.035225
0 0.219357 0.861801 0.084961 0.085697
0 0.862854 0.647679 0.032869 0.031768
0 0.257339 0.959924 0.083095 0.077154
0 0.338015 0.547261 0.062472 0.061711
0 0.844097 0.537045 0.025428 0.025636
0 0.946470 0.684985 0.024763 0.025006
0 0.342137 0.659972 0.066774 0.065281
0 0.275538 0.797923 0.050059 0.049950
0 0.168649 0.939417 0.033702 0.033124
0 0.459225 0.646206 0.034603 0.034630
0 0.064947 0.421814 0.075253 0.077311
0 0.860587 0.716241 0.033857 0.033204
0 0.398930 0.978728 0.045282 0.041855
0 0.199601 0.875460 0.129690 0.119588
0 0.376691 0.919927 0.102186 0.094814
0 0.245992 0.476794 0.054449 0.051984
0 0.869037 0.860430 0.030910 0.028808
0 0.191622 0.972616 0.062244 0.052359
0 0.163745 0.048074 0.129681 0.096149
0 0.232750 0.283634 0.052767 0.052501
0 0.346911 0.981663 0.082843 0.036675
0 0.340473 0.195791 0.041918 0.042752
0 0.187196 0.874916 0.155293 0.143568
0 0.019016 0.454317 0.038033 0.070283
0 0.990304 0.137578 0.019392 0.089745
0 0.187237 0.118534 0.048526 0.045925
0 0.406427 0.971937 0.063990 0.050671
0 0.584755 0.404900 0.022380 0.022195
0 0.448542 0.806321 0.076669 0.072379
0 0.077612 0.554704 0.140788 0.142109
0 0.148286 0.358114 0.090594 0.086764
0 0.263247 0.248797 0.057180 0.053965
0 0.059500 0.338349 0.024393 0.023091
0 0.152764 0.289185 0.069977 0.068994