0 0.707962 0.888381 0.172947 0.127852
0 0.299521 0.104418 0.214468 0.170311
0 0.054749 0.259489 0.109497 0.100549
0 0.135084 0.502276 0.094873 0.071056
0 0.589755 0.918774 0.063582 0.049695
0 0.616194 0.229788 0.169475 0.138061
0 0.584578 0.083243 0.233884 0.160911
0 0.775651 0.050677 0.172447 0.101355
0 0.090303 0.950804 0.049859 0.038350
0 0.426563 0.237315 0.042495 0.034366
0 0.776566 0.272207 0.217246 0.182255
0 0.066043 0.799072 0.052702 0.041912
0 0.630540 0.634140 0.057475 0.044034
0 0.054159 0.144014 0.051434 0.042428
0 0.835263 0.514822 0.176404 0.166849
0 0.055419 0.315184 0.061537 0.048487
0 0.898112 0.056822 0.067225 0.055010
0 0.969122 0.174823 0.061631 0.074319
0 0.116868 0.311314 0.056630 0.046390
0 0.055414 0.895907 0.041585 0.031863
0 0.768050 0.983635 0.151167 0.032468
0 0.250574 0.317407 0.043904 0.036222
0 0.328166 0.331056 0.039577 0.031296
0 0.889270 0.872136 0.090051 0.066634
0 0.691595 0.143515 0.032645 0.027157
0 0.981135 0.350424 0.028290 0.024601
0 0.946908 0.517370 0.064181 0.053344
0 0.984579 0.328062 0.030842 0.034301
0 0.966998 0.899493 0.064452 0.101379
0 0.976511 0.989151 0.045562 0.021698
0 0.513658 0.011871 0.118469 0.023742
0 0.993033 0.153251 0.013935 0.038993
0 0.236879 0.489080 0.031510 0.025853
0 0.920093 0.016685 0.146017 0.033369
0 0.526495 0.572608 0.040393 0.032350
0 0.364026 0.319559 0.081491 0.059253
0 0.835838 0.174613 0.215186 0.185031
0 0.051561 0.041781 0.102991 0.083562
0 0.851988 0.291762 0.090418 0.068706