0 0.412560 0.884688 0.068310 0.055113
0 0.237831 0.304980 0.159775 0.123121
0 0.244319 0.546818 0.233136 0.186138
0 0.886202 0.591095 0.225873 0.206501
0 0.274290 0.149686 0.066137 0.049303
0 0.706034 0.158404 0.045740 0.035294
0 0.242323 0.171748 0.179249 0.149420
0 0.112756 0.459679 0.131407 0.104142
0 0.747220 0.535661 0.054622 0.044741
0 0.937670 0.042589 0.039754 0.031174
0 0.517070 0.216482 0.141093 0.115544
0 0.041544 0.342185 0.083088 0.075873
0 0.709205 0.766897 0.030973 0.025719
0 0.842439 0.745610 0.042349 0.037611
0 0.908660 0.315173 0.036086 0.031947
0 0.508561 0.702698 0.034582 0.026665
0 0.232682 0.821045 0.052098 0.042722
0 0.602162 0.022898 0.029010 0.024349
0 0.357022 0.780577 0.039860 0.032165
0 0.753859 0.310982 0.028671 0.024518
0 0.013800 0.532858 0.027359 0.041949
0 0.526687 0.950529 0.036513 0.030909
0 0.516450 0.137382 0.028453 0.023734
0 0.199237 0.412208 0.044399 0.033927
0 0.258701 0.416086 0.081824 0.063401
0 0.322007 0.690094 0.060589 0.039399
0 0.043717 0.523157 0.028384 0.025135
0 0.875958 0.388241 0.238740 0.220028
0 0.850168 0.903261 0.028250 0.027920
0 0.250795 0.402242 0.056184 0.038340
0 0.050208 0.706873 0.036517 0.031612
0 0.015855 0.525660 0.030872 0.051092
0 0.923218 0.281986 0.047241 0.035281