0 0.750399 0.256511 0.223174 0.204315
0 0.203698 0.371573 0.179267 0.163123
0 0.143164 0.811470 0.067614 0.065973
0 0.756732 0.773579 0.095565 0.082922
0 0.184336 0.706626 0.056473 0.054398
0 0.092701 0.476269 0.102203 0.097074
0 0.350969 0.497499 0.049780 0.045908
0 0.042627 0.017620 0.049513 0.035240
0 0.369515 0.715102 0.059456 0.055211
0 0.025962 0.053499 0.051923 0.053964
0 0.362985 0.076219 0.053603 0.047995
0 0.398343 0.307135 0.060838 0.053570
0 0.865518 0.433487 0.069093 0.063617
0 0.564152 0.645560 0.064956 0.057572
0 0.962650 0.275796 0.035781 0.033760
0 0.019874 0.476844 0.039748 0.048811
0 0.040684 0.821896 0.081367 0.088314
0 0.227217 0.064301 0.182823 0.125788
0 0.924047 0.518343 0.150333 0.138764
0 0.213882 0.776880 0.051741 0.048395
0 0.887469 0.649907 0.107980 0.091659
0 0.636888 0.371451 0.046674 0.041467
0 0.906182 0.395738 0.065131 0.059808
0 0.327899 0.565036 0.100043 0.088610
0 0.162975 0.600978 0.041411 0.038714
0 0.126427 0.957499 0.033982 0.032639
0 0.324906 0.929036 0.056305 0.051683
0 0.452894 0.452275 0.205185 0.187316
0 0.652510 0.535202 0.075489 0.064530
0 0.268841 0.063933 0.045776 0.044036
0 0.439669 0.007624 0.044523 0.014745
0 0.519417 0.486712 0.044796 0.039320
0 0.381615 0.345907 0.038114 0.034884
0 0.203152 0.544779 0.039359 0.038362
0 0.979675 0.238838 0.040464 0.058284
0 0.597686 0.223088 0.088914 0.083602
0 0.306428 0.483915 0.029982 0.027213
0 0.358811 0.962290 0.048546 0.044930
0 0.211024 0.211921 0.033399 0.030036
0 0.932479 0.705773 0.060995 0.053834
0 0.776408 0.978524 0.051124 0.041318
0 0.915177 0.153812 0.038563 0.034387
0 0.464633 0.666497 0.036015 0.030872
0 0.682990 0.946916 0.038753 0.032499
0 0.631907 0.116634 0.028887 0.027248
0 0.340961 0.441594 0.057934 0.053300
0 0.038789 0.114184 0.059380 0.055885
0 0.318562 0.977364 0.043854 0.039996
0 0.838437 0.786027 0.037933 0.032099
0 0.038978 0.918290 0.076939 0.073900
0 0.455532 0.244548 0.053781 0.048504
0 0.136259 0.272311 0.033316 0.029977
0 0.084929 0.864365 0.027756 0.025978
0 0.727349 0.883647 0.062877 0.056038
0 0.661626 0.440244 0.035483 0.033243
0 0.251220 0.547966 0.057427 0.052937
0 0.464135 0.813787 0.040448 0.036532
0 0.106090 0.875167 0.074063 0.073218
0 0.769214 0.013599 0.113992 0.027198
0 0.809568 0.516659 0.100275 0.083849
0 0.299542 0.179254 0.045447 0.043632
0 0.565769 0.455351 0.052645 0.046393
0 0.476816 0.367753 0.035937 0.034590
0 0.956783 0.607813 0.086434 0.075366
0 0.332243 0.391766 0.034809 0.031500
0 0.212652 0.960983 0.071001 0.068495
0 0.947711 0.313034 0.032941 0.030387
0 0.829323 0.537494 0.042767 0.039935
0 0.882928 0.130206 0.036606 0.034773
0 0.036900 0.923607 0.065696 0.060474
0 0.708419 0.515893 0.046154 0.041343
0 0.403695 0.151629 0.049558 0.044397
0 0.404891 0.585096 0.047773 0.043397
0 0.204767 0.964425 0.094774 0.070321
0 0.925694 0.177006 0.033448 0.031430
0 0.656942 0.480242 0.038677 0.035001
0 0.771937 0.523992 0.040417 0.033864
0 0.833500 0.043469 0.096069 0.084215
0 0.361972 0.673354 0.034369 0.032497
0 0.779215 0.014285 0.081691 0.028570
0 0.822238 0.558731 0.088246 0.073574
0 0.592342 0.590650 0.059612 0.049923
0 0.620509 0.880997 0.045305 0.037033
0 0.940688 0.363571 0.042785 0.040528
0 0.578043 0.397845 0.031701 0.030382
0 0.940048 0.956303 0.118237 0.086941
0 0.407202 0.578078 0.051187 0.046147
0 0.826143 0.370864 0.090827 0.083350
0 0.656382 0.166357 0.086177 0.080259
0 0.935960 0.973731 0.120696 0.052537
0 0.984719 0.720521 0.030562 0.061469
0 0.403266 0.592951 0.040625 0.034589
0 0.272950 0.019882 0.058075 0.039686