0 0.776857 0.751308 0.090863 0.087189
0 0.670614 0.981044 0.053133 0.037913
0 0.598216 0.729729 0.047390 0.045425
0 0.608751 0.650527 0.037110 0.035513
0 0.052583 0.431776 0.048482 0.048396
0 0.735384 0.310567 0.033056 0.031396
0 0.103336 0.660616 0.046112 0.043563
0 0.485557 0.921104 0.052503 0.049613
0 0.021706 0.361164 0.042848 0.055687
0 0.252816 0.858472 0.039029 0.036963
0 0.867275 0.336990 0.032934 0.031724
0 0.376060 0.991759 0.040463 0.016305
0 0.033992 0.493630 0.042723 0.040676
0 0.664044 0.544372 0.026133 0.025100
0 0.390167 0.823660 0.035472 0.031642
0 0.639682 0.390195 0.027118 0.025828
0 0.481193 0.666692 0.037450 0.036690
0 0.007407 0.716911 0.014815 0.029215
0 0.691387 0.822564 0.033393 0.031895
0 0.559326 0.831365 0.024472 0.022999
0 0.384230 0.824781 0.044348 0.037833
0 0.285186 0.985900 0.026247 0.024305
0 0.734765 0.816311 0.038462 0.037164
0 0.510582 0.656503 0.029843 0.028382
0 0.118605 0.754517 0.024611 0.023984
0 0.023816 0.580855 0.047632 0.063480
0 0.828052 0.690316 0.022951 0.022194
0 0.007751 0.417299 0.015413 0.034760