0 0.797815 0.404295 0.072617 0.068061
0 0.104474 0.200657 0.056855 0.052950
0 0.334145 0.438130 0.036791 0.035544
0 0.775198 0.639195 0.051622 0.046652
0 0.716652 0.546285 0.040502 0.037386
0 0.111711 0.818776 0.033047 0.032007
0 0.115011 0.417021 0.043394 0.039547
0 0.588600 0.517722 0.050340 0.046729
0 0.161888 0.629301 0.037255 0.035782
0 0.969857 0.961239 0.050889 0.047497
0 0.340521 0.483157 0.034588 0.032911
0 0.683708 0.946231 0.118008 0.104096
0 0.621933 0.669524 0.036597 0.034623
0 0.535102 0.285701 0.036538 0.034742
0 0.315710 0.743698 0.044035 0.040624
0 0.273587 0.775821 0.165553 0.162398
0 0.352688 0.130295 0.042937 0.039848
0 0.176509 0.590017 0.029931 0.028258
0 0.134974 0.651720 0.033058 0.032339
0 0.952328 0.058322 0.095344 0.099092
0 0.410133 0.698277 0.030528 0.029472
0 0.143793 0.090382 0.155378 0.133771
0 0.793617 0.745539 0.030033 0.026720
0 0.779133 0.791154 0.123176 0.108971
0 0.365602 0.064219 0.362081 0.128196
0 0.458420 0.118924 0.030615 0.029261
0 0.922136 0.940702 0.058628 0.049964
0 0.244086 0.768797 0.027531 0.026215
0 0.259266 0.228695 0.083086 0.078290
0 0.267684 0.793828 0.146302 0.127703
0 0.283967 0.359627 0.067302 0.062948
0 0.886505 0.216549 0.194353 0.178007
0 0.278850 0.739064 0.158937 0.151037
0 0.973962 0.423410 0.052077 0.088239
0 0.369499 0.377204 0.031666 0.031533
0 0.417149 0.795999 0.052899 0.049152
0 0.213768 0.007361 0.039569 0.014723
0 0.986902 0.181726 0.026196 0.044327
0 0.849347 0.195516 0.029227 0.027183
0 0.763319 0.095463 0.182065 0.161158
0 0.899815 0.811859 0.138070 0.134821
0 0.370648 0.731350 0.025787 0.022583
0 0.460674 0.579967 0.029396 0.029431
0 0.893104 0.249299 0.211594 0.216570
0 0.273302 0.990912 0.026023 0.018015
0 0.985819 0.177484 0.028362 0.059877
0 0.885888 0.965168 0.206887 0.069665
0 0.954348 0.042706 0.074197 0.073002
0 0.153796 0.108850 0.175527 0.163282