0 0.310188 0.393252 0.197142 0.167079
0 0.579390 0.479930 0.067286 0.056346
0 0.621877 0.551276 0.049391 0.038971
0 0.493014 0.862074 0.297352 0.238730
0 0.453071 0.436032 0.059231 0.047411
0 0.569752 0.364530 0.059944 0.046604
0 0.358947 0.511869 0.104618 0.080517
0 0.048406 0.144695 0.077690 0.062480
0 0.881767 0.734657 0.108869 0.092521
0 0.649548 0.794114 0.067377 0.054241
0 0.796963 0.361638 0.406074 0.357763
0 0.301930 0.716852 0.338731 0.280324
0 0.210686 0.208607 0.040717 0.033866
0 0.906185 0.050460 0.187631 0.100919
0 0.447101 0.013444 0.043491 0.025716
0 0.493013 0.384394 0.041411 0.035845
0 0.363583 0.586091 0.074821 0.060654
0 0.401059 0.235071 0.032644 0.028751
0 0.461059 0.251966 0.323612 0.273182
0 0.146976 0.514530 0.291737 0.289156
0 0.783533 0.950664 0.044085 0.036236
0 0.178030 0.184877 0.032584 0.028567
0 0.653841 0.633193 0.061776 0.050347
0 0.045338 0.376948 0.048594 0.039826
0 0.919659 0.535483 0.033765 0.026890
0 0.109413 0.123530 0.033436 0.028698
0 0.610637 0.597158 0.044107 0.036611
0 0.571102 0.652641 0.089163 0.071716
0 0.036937 0.267770 0.073874 0.220288
0 0.654375 0.080296 0.064744 0.051846
0 0.754562 0.816462 0.034618 0.029143
0 0.639049 0.197394 0.064798 0.054577
0 0.546734 0.014700 0.033566 0.026913
0 0.009954 0.076444 0.019908 0.032701
0 0.088197 0.432413 0.063073 0.047841
0 0.972196 0.666031 0.041581 0.033327
0 0.201952 0.171971 0.049389 0.039107
0 0.278589 0.093849 0.209133 0.171566
0 0.909666 0.923502 0.179511 0.152995
0 0.564262 0.658464 0.077158 0.057628
0 0.973252 0.755444 0.053496 0.091413
0 0.791752 0.088970 0.111654 0.085607
0 0.216537 0.932038 0.392745 0.134512
0 0.716100 0.534197 0.035770 0.029007
0 0.987572 0.856442 0.024856 0.081897
0 0.652127 0.989624 0.035021 0.020408
0 0.593771 0.641472 0.058613 0.045248
0 0.605907 0.273218 0.031839 0.026892
0 0.401272 0.556981 0.047601 0.037396
0 0.364518 0.224638 0.033716 0.029266
0 0.330746 0.622609 0.034506 0.029715
0 0.764472 0.854722 0.038531 0.031177
0 0.862595 0.107898 0.032155 0.025068
0 0.600467 0.644987 0.047277 0.035572
0 0.613776 0.309283 0.030273 0.024021
0 0.325618 0.033117 0.029677 0.025606
0 0.245237 0.109596 0.025438 0.023049
0 0.773463 0.165167 0.049935 0.039671
0 0.957356 0.703300 0.063147 0.050158