0 0.839938 0.069073 0.116049 0.107081
0 0.088982 0.809338 0.049138 0.043837
0 0.528638 0.522159 0.381239 0.341566
0 0.939246 0.126091 0.033418 0.030490
0 0.254525 0.144260 0.033112 0.029485
0 0.095159 0.326263 0.190317 0.266650
0 0.865554 0.137262 0.044488 0.040666
0 0.919719 0.596810 0.160015 0.166848
0 0.243684 0.760767 0.487368 0.478467
0 0.455675 0.461098 0.029188 0.027332
0 0.254997 0.441405 0.027524 0.023551
0 0.180134 0.064578 0.030437 0.029106
0 0.487107 0.036706 0.035067 0.032491
0 0.985082 0.987622 0.029837 0.024755
0 0.704415 0.791160 0.588792 0.417679
0 0.932550 0.993282 0.039578 0.013350