0 0.897737 0.200045 0.201882 0.203329
0 0.587179 0.135868 0.093624 0.093161
0 0.414948 0.779399 0.134010 0.137688
0 0.728479 0.855654 0.108245 0.104422
0 0.249414 0.538100 0.068102 0.067527
0 0.098005 0.162071 0.056660 0.057753
0 0.334841 0.863014 0.101979 0.100891
0 0.074580 0.033532 0.105144 0.067065
0 0.288386 0.959118 0.061959 0.060703
0 0.160253 0.584980 0.047309 0.046889
0 0.278422 0.231364 0.041936 0.041205
0 0.189952 0.361917 0.061805 0.061831
0 0.125219 0.829065 0.043544 0.041385
0 0.431348 0.231919 0.053706 0.052382
0 0.161572 0.268783 0.050330 0.051237
0 0.549146 0.554914 0.042953 0.041535
0 0.908813 0.556175 0.044486 0.042753
0 0.023443 0.159565 0.046885 0.062899
0 0.894106 0.670940 0.036147 0.036277
0 0.812508 0.584938 0.034000 0.033225
0 0.339157 0.216340 0.031493 0.031554
0 0.938473 0.390399 0.047292 0.044800
0 0.384279 0.161943 0.145229 0.139993
0 0.704188 0.041596 0.031873 0.030896
0 0.688242 0.904259 0.032087 0.032397
0 0.032730 0.196251 0.032742 0.032700
0 0.575284 0.596886 0.058818 0.057360
0 0.910459 0.411993 0.041144 0.040549
0 0.058300 0.158762 0.026834 0.026871
0 0.909360 0.910474 0.094344 0.093106
0 0.211190 0.470830 0.040622 0.040224
0 0.709044 0.691746 0.110068 0.106482
0 0.464864 0.853039 0.045228 0.044468
0 0.064722 0.635514 0.040675 0.040243
0 0.386921 0.300107 0.030924 0.030572
0 0.576627 0.682046 0.133567 0.129032
0 0.042611 0.332169 0.032044 0.033017
0 0.658811 0.920304 0.040666 0.038334
0 0.154840 0.926093 0.044362 0.045460
0 0.467098 0.971180 0.033871 0.032684
0 0.538869 0.781570 0.065121 0.063022
0 0.147118 0.789854 0.030291 0.029320
0 0.109847 0.922746 0.026466 0.026592
0 0.663717 0.327653 0.043454 0.042711
0 0.055474 0.809785 0.027862 0.027884
0 0.299479 0.060442 0.172100 0.116789
0 0.009257 0.297706 0.018065 0.071474
0 0.308876 0.639991 0.140701 0.133191
0 0.147519 0.737623 0.030728 0.029951
0 0.503415 0.586961 0.085688 0.082697
0 0.985918 0.722217 0.028164 0.037294
0 0.130270 0.417088 0.031138 0.030203
0 0.005804 0.754607 0.011446 0.037528
0 0.265096 0.741605 0.105332 0.106172
0 0.188183 0.770826 0.055755 0.055547
0 0.056953 0.955473 0.110878 0.089054
0 0.598561 0.548622 0.055717 0.056336
0 0.133550 0.197631 0.040464 0.039969
0 0.199844 0.948034 0.023651 0.023448
0 0.990860 0.451760 0.018279 0.035519
0 0.602929 0.442775 0.066444 0.065102
0 0.732391 0.137499 0.135573 0.137639
0 0.405953 0.586691 0.050667 0.049743
0 0.073408 0.119252 0.030092 0.030543
0 0.757739 0.116778 0.185846 0.179477
0 0.941548 0.043377 0.116903 0.086753