0 0.277352 0.939409 0.079553 0.078553
0 0.185080 0.286477 0.370160 0.384501
0 0.436737 0.082326 0.042451 0.039598
0 0.380472 0.839344 0.041023 0.040947
0 0.574233 0.881162 0.225139 0.225781
0 0.047695 0.798637 0.093733 0.209338
0 0.257150 0.673678 0.035452 0.035100
0 0.653855 0.452868 0.064005 0.063258
0 0.803083 0.750371 0.101707 0.099093
0 0.642498 0.111628 0.363348 0.220555
0 0.427382 0.541144 0.054651 0.055901
0 0.717118 0.739149 0.043579 0.041827
0 0.545220 0.974684 0.092019 0.050632
0 0.742598 0.551819 0.044704 0.043832
0 0.979270 0.570167 0.033010 0.032168
0 0.805469 0.655503 0.040007 0.038897
0 0.801388 0.367465 0.073454 0.074251
0 0.750241 0.792799 0.036010 0.035236
0 0.969506 0.984556 0.033455 0.028913
0 0.875826 0.898524 0.222248 0.202952
0 0.903041 0.587468 0.030490 0.029698
0 0.393397 0.752902 0.030384 0.029891
0 0.727581 0.933538 0.236900 0.132924
0 0.733858 0.638811 0.032351 0.031793
0 0.769374 0.677942 0.038155 0.036803
0 0.639910 0.511163 0.060210 0.060246
0 0.677311 0.395211 0.042505 0.039939
0 0.673415 0.427387 0.049075 0.049109
0 0.895738 0.355332 0.205840 0.388786
0 0.461006 0.699006 0.030216 0.029078
0 0.080687 0.525141 0.030726 0.029614
0 0.537845 0.870342 0.028090 0.028260
0 0.475907 0.340810 0.029507 0.029439
0 0.327589 0.046080 0.026931 0.026006
0 0.049271 0.606991 0.029987 0.030054
0 0.397705 0.374949 0.032146 0.030911
0 0.555421 0.628821 0.026947 0.026635
0 0.830906 0.841629 0.142775 0.134825
0 0.983096 0.527724 0.032386 0.032118
0 0.107123 0.119293 0.192518 0.179968
0 0.560699 0.293354 0.034560 0.032803
0 0.691176 0.370692 0.041642 0.039557
0 0.116354 0.069193 0.038368 0.038434
0 0.951362 0.125177 0.047038 0.045152
0 0.583291 0.007819 0.044846 0.015638
0 0.560823 0.298383 0.037860 0.039290
0 0.055325 0.537881 0.026039 0.026101
0 0.901471 0.902188 0.174003 0.174904
0 0.800877 0.244038 0.043036 0.045708