0 0.603183 0.942872 0.171753 0.114256
0 0.472847 0.682993 0.104450 0.092437
0 0.304015 0.274700 0.055845 0.053269
0 0.939712 0.123543 0.048846 0.040985
0 0.665060 0.036482 0.071036 0.066445
0 0.638229 0.233864 0.046956 0.040023
0 0.274393 0.885418 0.060612 0.054691
0 0.207481 0.691781 0.155396 0.149255
0 0.396635 0.357085 0.047968 0.044648
0 0.373353 0.811045 0.038149 0.036097
0 0.979383 0.261670 0.038595 0.035916
0 0.459131 0.772292 0.038564 0.034052
0 0.952960 0.393366 0.065463 0.060254
0 0.908528 0.368464 0.067862 0.063160
0 0.220374 0.277994 0.037297 0.034275
0 0.872848 0.427168 0.090934 0.080194
0 0.647623 0.310491 0.037746 0.034105
0 0.839328 0.503905 0.074385 0.064395
0 0.060758 0.444211 0.049126 0.047065
0 0.741932 0.356038 0.036180 0.032818
0 0.011558 0.755514 0.023116 0.045250
0 0.249564 0.839419 0.031911 0.030863
0 0.569303 0.497366 0.057374 0.052990
0 0.983433 0.895584 0.033133 0.039806
0 0.426316 0.813435 0.031229 0.029575
0 0.321529 0.866532 0.032140 0.030179
0 0.077793 0.142095 0.043505 0.039690
0 0.272616 0.081825 0.034443 0.032580
0 0.283382 0.403392 0.033306 0.031412
0 0.291096 0.744137 0.037034 0.033835
0 0.159737 0.522567 0.042513 0.037533
0 0.393620 0.479636 0.073405 0.066534
0 0.297044 0.322756 0.034486 0.032781
0 0.431498 0.249157 0.061603 0.058628
0 0.547575 0.781258 0.035099 0.032338
0 0.761163 0.171677 0.039802 0.034631
0 0.739199 0.261452 0.037569 0.033596
0 0.443716 0.906481 0.031344 0.029515
0 0.902264 0.072792 0.041156 0.036427
0 0.985871 0.985632 0.028257 0.028395
0 0.973938 0.761609 0.052124 0.149249
0 0.011829 0.804378 0.023659 0.047319
0 0.313553 0.644983 0.031365 0.027836
0 0.946889 0.486009 0.100371 0.085679
0 0.407264 0.153159 0.057622 0.052624
0 0.477625 0.989942 0.040485 0.019779
0 0.310755 0.719117 0.028940 0.026331
0 0.241938 0.149729 0.038121 0.035292
0 0.889263 0.859403 0.030404 0.028624
0 0.396256 0.051398 0.039561 0.037351
0 0.738717 0.629708 0.032362 0.028671
0 0.588901 0.289677 0.027549 0.026437
0 0.916047 0.764092 0.051153 0.046658
0 0.307787 0.538953 0.045097 0.044294
0 0.378204 0.694571 0.058406 0.055118
0 0.395343 0.277870 0.033032 0.030626
0 0.924236 0.986218 0.068553 0.027325
0 0.369413 0.242553 0.050267 0.045732
0 0.768300 0.053429 0.041730 0.039081
0 0.611223 0.387494 0.092913 0.084232
0 0.663044 0.576081 0.030904 0.028820
0 0.108962 0.879418 0.045850 0.043915
0 0.928560 0.643325 0.140810 0.164304
0 0.755446 0.128306 0.034719 0.031970
0 0.028975 0.868061 0.057050 0.127763
0 0.950571 0.680728 0.096426 0.091458
0 0.354659 0.264477 0.044510 0.041840
0 0.059082 0.308452 0.027525 0.025944
0 0.158166 0.526738 0.053938 0.048649
0 0.611703 0.431602 0.041455 0.038431
0 0.516833 0.118905 0.153893 0.138293
0 0.989961 0.417825 0.020079 0.069473
0 0.677678 0.327073 0.037461 0.034661
0 0.124583 0.636342 0.050832 0.046229