0 0.856538 0.222169 0.257427 0.208416
0 0.820638 0.065760 0.258936 0.131519
0 0.570577 0.263628 0.225984 0.186880
0 0.832661 0.319963 0.057041 0.044097
0 0.823847 0.781461 0.062427 0.049241
0 0.364896 0.674957 0.037098 0.030497
0 0.927681 0.880313 0.143951 0.147666
0 0.184450 0.492836 0.159573 0.129628
0 0.199568 0.278951 0.045283 0.034670
0 0.522153 0.750450 0.482561 0.484900
0 0.485540 0.434202 0.039400 0.032671
0 0.050056 0.785587 0.100020 0.295092
0 0.448337 0.761110 0.639634 0.477780
0 0.307077 0.304580 0.042458 0.034638
0 0.700018 0.124610 0.093339 0.073049
0 0.637926 0.539249 0.038444 0.029089
0 0.908375 0.380819 0.029776 0.024971
0 0.528524 0.036413 0.137972 0.072487
0 0.175124 0.260853 0.031916 0.026599