0 0.617968 0.042405 0.065513 0.058252
0 0.711046 0.713285 0.063697 0.052707
0 0.340264 0.908465 0.044290 0.038737
0 0.234095 0.215243 0.037584 0.032816
0 0.413776 0.986341 0.042157 0.027183
0 0.878509 0.946326 0.104321 0.086115
0 0.367624 0.259595 0.042669 0.036032
0 0.857550 0.231437 0.039992 0.036231
0 0.905973 0.761675 0.120188 0.094447
0 0.878972 0.988047 0.050784 0.023906
0 0.263170 0.782763 0.026596 0.024892
0 0.962641 0.955574 0.074718 0.087700
0 0.939514 0.893734 0.072562 0.056009
0 0.266220 0.327070 0.032189 0.030049
0 0.733804 0.982115 0.030992 0.025656
0 0.268813 0.052351 0.032263 0.027274
0 0.912522 0.039659 0.174957 0.078093
0 0.554981 0.251461 0.030299 0.028441