0 0.349784 0.567867 0.298286 0.263744
0 0.032104 0.765253 0.062896 0.056146
0 0.381210 0.578030 0.075171 0.062942
0 0.847325 0.190278 0.040087 0.035244
0 0.228046 0.975597 0.088612 0.048806
0 0.342883 0.511019 0.045602 0.035793
0 0.486658 0.257414 0.113413 0.094760
0 0.835826 0.364230 0.034626 0.029846
0 0.924280 0.128929 0.041741 0.034926
0 0.070501 0.893922 0.084801 0.067450
0 0.052414 0.499292 0.035465 0.029000
0 0.258345 0.847353 0.123168 0.104654
0 0.885548 0.379199 0.035080 0.027190
0 0.993028 0.280261 0.013869 0.058696
0 0.714547 0.651754 0.111661 0.097832
0 0.166382 0.323669 0.083641 0.068691
0 0.470973 0.383680 0.175963 0.154235
0 0.071062 0.590981 0.044881 0.035285
0 0.474728 0.718910 0.073059 0.069783
0 0.885506 0.883589 0.074949 0.064205
0 0.828646 0.947526 0.135043 0.104056
0 0.955211 0.071700 0.087481 0.072486
0 0.678078 0.958945 0.129040 0.082111
0 0.253933 0.701697 0.058927 0.046893
0 0.737494 0.883633 0.130088 0.112023
0 0.821333 0.763323 0.035308 0.030677
0 0.658461 0.122128 0.038727 0.029588
0 0.408745 0.909210 0.050426 0.046528
0 0.489359 0.370791 0.148060 0.112794
0 0.990423 0.283217 0.019133 0.061958
0 0.862966 0.470630 0.174991 0.141705