0 0.783134 0.567809 0.044840 0.043567
0 0.502120 0.837636 0.040824 0.040793
0 0.705859 0.870629 0.041020 0.040353
0 0.914016 0.489532 0.116063 0.112850
0 0.193223 0.224711 0.066159 0.065543
0 0.273306 0.673482 0.044270 0.042629
0 0.124671 0.719033 0.043260 0.040326
0 0.760342 0.946344 0.032961 0.032130
0 0.292943 0.766733 0.035535 0.034367
0 0.527638 0.958145 0.035970 0.036749
0 0.288864 0.712653 0.034196 0.032501
0 0.045364 0.891032 0.088716 0.217373
0 0.771610 0.675092 0.054601 0.054071
0 0.225935 0.354363 0.070189 0.068943
0 0.869285 0.051667 0.113124 0.103024
0 0.630096 0.076196 0.256055 0.152114
0 0.748709 0.351820 0.030478 0.029099
0 0.637227 0.560211 0.030340 0.029836
0 0.744086 0.976233 0.041157 0.038480
0 0.436972 0.584612 0.050766 0.049129
0 0.985389 0.299693 0.029221 0.041000
0 0.758004 0.503758 0.060504 0.058778
0 0.346430 0.978438 0.033826 0.032386
0 0.578570 0.957967 0.027927 0.027494
0 0.319584 0.740787 0.029719 0.029576
0 0.594205 0.621828 0.091170 0.091154
0 0.235990 0.030943 0.074155 0.061283
0 0.417991 0.748090 0.037654 0.037785
0 0.450421 0.534304 0.091409 0.087391
0 0.083903 0.336498 0.167807 0.299962
0 0.011625 0.064657 0.023250 0.030251
0 0.855357 0.159563 0.067933 0.059771
0 0.335000 0.681924 0.031075 0.031481
0 0.661412 0.774597 0.334557 0.298037
0 0.836814 0.419386 0.063081 0.058701
0 0.800707 0.619739 0.059325 0.059311
0 0.690505 0.182404 0.072495 0.069002
0 0.492796 0.598515 0.028753 0.027919
0 0.699326 0.423343 0.035490 0.034098
0 0.822454 0.423076 0.035299 0.034114
0 0.830861 0.490498 0.038478 0.037158
0 0.818572 0.423068 0.028254 0.028332
0 0.538499 0.445668 0.159201 0.152103
0 0.979166 0.321131 0.041668 0.090102
0 0.752004 0.251755 0.111166 0.105555
0 0.676278 0.521542 0.029263 0.028862
0 0.648090 0.698026 0.025922 0.024833
0 0.130421 0.527683 0.031634 0.031598
0 0.423139 0.752785 0.042767 0.040768
0 0.333424 0.952555 0.038180 0.038081
0 0.215134 0.467739 0.025949 0.025436
0 0.659356 0.478030 0.094978 0.091436
0 0.566357 0.576699 0.026461 0.026175
0 0.688287 0.654968 0.109111 0.104232
0 0.144892 0.068116 0.141016 0.127922
0 0.554114 0.946505 0.028073 0.027776
0 0.781037 0.458964 0.066744 0.067151
0 0.149905 0.503183 0.299811 0.318762
0 0.959095 0.588640 0.081809 0.083262
0 0.499276 0.639203 0.024914 0.025159
0 0.639649 0.782394 0.026790 0.026820
0 0.282158 0.962643 0.046711 0.045633
0 0.797787 0.688075 0.022046 0.022098
0 0.986317 0.053389 0.027366 0.038182
0 0.733068 0.704025 0.034214 0.033372
0 0.419484 0.675556 0.024742 0.025013
0 0.402020 0.449109 0.058582 0.056241
0 0.827984 0.420361 0.048425 0.044113
0 0.393444 0.636985 0.067047 0.067392
0 0.386174 0.599542 0.025481 0.025251