0 0.077122 0.287369 0.151804 0.159165
0 0.954812 0.457604 0.062439 0.058424
0 0.903024 0.161386 0.047938 0.046956
0 0.931705 0.073152 0.048516 0.047686
0 0.427376 0.854482 0.205852 0.182641
0 0.945239 0.279886 0.076362 0.074551
0 0.482589 0.427278 0.106816 0.094643
0 0.728944 0.017166 0.074969 0.034332
0 0.943202 0.532165 0.104399 0.100614
0 0.917633 0.592702 0.062643 0.059643
0 0.435722 0.696467 0.050361 0.046212
0 0.874715 0.856372 0.083494 0.076719
0 0.863708 0.526256 0.098524 0.097622
0 0.268845 0.514448 0.066101 0.060028
0 0.961318 0.134769 0.053967 0.053468
0 0.145947 0.788339 0.122667 0.108825
0 0.769805 0.456252 0.034713 0.033122
0 0.914260 0.372053 0.027205 0.026933
0 0.222109 0.413175 0.042056 0.037357
0 0.190084 0.057742 0.050961 0.044820
0 0.973834 0.089455 0.032538 0.031743
0 0.687149 0.061738 0.100763 0.094833
0 0.622398 0.644313 0.107915 0.097611
0 0.592404 0.171840 0.051418 0.045583
0 0.851189 0.765007 0.044169 0.041496
0 0.382235 0.595303 0.167193 0.141953
0 0.726221 0.175356 0.032358 0.031510
0 0.066415 0.574149 0.038418 0.035378
0 0.490690 0.130216 0.093129 0.085104
0 0.197965 0.302144 0.039421 0.035054
0 0.883774 0.065654 0.045576 0.045474
0 0.755641 0.221467 0.115722 0.111972
0 0.223710 0.248384 0.109820 0.100288
0 0.571236 0.044766 0.240925 0.089532
0 0.550629 0.564690 0.052450 0.045467
0 0.572483 0.365946 0.116792 0.107968
0 0.363828 0.500323 0.074300 0.064392
0 0.019746 0.519084 0.032903 0.031986
0 0.577173 0.502942 0.173688 0.160466
0 0.339768 0.933371 0.202404 0.133258
0 0.279434 0.446272 0.102559 0.084515
0 0.408107 0.454582 0.054125 0.046869
0 0.178613 0.586965 0.037168 0.033578
0 0.402785 0.160577 0.039246 0.033703
0 0.147638 0.547982 0.039435 0.036109
0 0.761630 0.537837 0.060386 0.060183
0 0.682109 0.387257 0.050595 0.046536
0 0.367246 0.926287 0.030563 0.028250
0 0.781446 0.836525 0.117805 0.106630
0 0.457862 0.497581 0.061708 0.055861
0 0.085361 0.167058 0.087140 0.082046
0 0.990298 0.716980 0.018855 0.031882
0 0.788494 0.244878 0.038757 0.036928
0 0.539526 0.296339 0.111542 0.094037
0 0.116354 0.869593 0.099077 0.086872
0 0.312171 0.333925 0.127691 0.112360
0 0.307882 0.135687 0.040779 0.036746
0 0.324525 0.249120 0.094157 0.083224
0 0.591317 0.705327 0.059372 0.054612
0 0.504234 0.962782 0.145186 0.074436
0 0.426986 0.339700 0.124428 0.103549
0 0.208256 0.375167 0.085135 0.074739
0 0.797835 0.510895 0.049872 0.048193
0 0.305492 0.751123 0.059099 0.051546
0 0.038377 0.912774 0.076754 0.108980
0 0.987642 0.397074 0.020145 0.020517
0 0.573711 0.175170 0.094432 0.085824
0 0.847595 0.928605 0.184005 0.136523
0 0.594201 0.458331 0.100718 0.089245
0 0.498182 0.617496 0.073357 0.066527
0 0.954882 0.779747 0.028598 0.027830
0 0.639386 0.962168 0.051849 0.046445
0 0.636223 0.208206 0.074693 0.068420
0 0.738795 0.518618 0.071322 0.068547
0 0.167012 0.476596 0.126957 0.104696
0 0.983620 0.591682 0.032672 0.089275
0 0.952017 0.843212 0.095967 0.128625
0 0.333267 0.340003 0.037224 0.032127
0 0.639450 0.955095 0.057653 0.052523
0 0.039120 0.835634 0.078239 0.092954
0 0.328864 0.739229 0.123901 0.113196
0 0.778004 0.173483 0.063686 0.062512
0 0.442347 0.103665 0.075957 0.063092
0 0.821282 0.931972 0.130644 0.119403
0 0.177075 0.330606 0.048137 0.044297
0 0.729398 0.788121 0.040104 0.035227
0 0.400617 0.419937 0.033294 0.028050
0 0.547842 0.306722 0.082295 0.072344
0 0.037567 0.960827 0.075135 0.077433
0 0.758686 0.632809 0.062642 0.058542
0 0.560736 0.009533 0.040542 0.018865
0 0.066124 0.800859 0.044801 0.041986
0 0.987820 0.039439 0.024360 0.030147
0 0.619907 0.765970 0.070835 0.063842
0 0.285898 0.163423 0.042451 0.039237
0 0.487682 0.769808 0.056458 0.049599
0 0.826501 0.106740 0.024463 0.023851
0 0.134083 0.399380 0.067949 0.062875
0 0.007507 0.023856 0.013736 0.047712
0 0.730549 0.770796 0.066209 0.063988
0 0.324721 0.378774 0.040341 0.035753
0 0.659096 0.094466 0.085404 0.079114
0 0.823656 0.467681 0.050028 0.048435
0 0.577312 0.916714 0.046564 0.043267
0 0.872475 0.265392 0.067428 0.067153
0 0.238696 0.180608 0.055146 0.049188
0 0.857246 0.084817 0.106538 0.105945
0 0.414700 0.736181 0.064956 0.054397
0 0.747154 0.106828 0.113921 0.103542
0 0.588301 0.136619 0.027225 0.025638
0 0.310916 0.490659 0.037109 0.032320
0 0.642612 0.947766 0.061399 0.055983
0 0.793949 0.038181 0.062878 0.056346
0 0.194310 0.327450 0.083499 0.059302