0 0.526203 0.629203 0.126915 0.110286
0 0.817950 0.228791 0.055953 0.046914
0 0.595091 0.545792 0.044079 0.038730
0 0.967650 0.424973 0.049168 0.041182
0 0.908986 0.501522 0.048967 0.041987
0 0.652861 0.397158 0.052843 0.041350
0 0.309876 0.636571 0.048633 0.041047
0 0.462841 0.177952 0.034672 0.029723
0 0.071211 0.415819 0.047302 0.041216
0 0.989240 0.164624 0.020980 0.032209
0 0.026188 0.391319 0.052376 0.090982
0 0.735200 0.397772 0.034608 0.028489
0 0.677590 0.311958 0.038690 0.033015
0 0.743712 0.124940 0.035865 0.030638
0 0.753196 0.246763 0.030993 0.028161
0 0.919967 0.380287 0.036251 0.030928
0 0.731121 0.047908 0.049414 0.040759
0 0.984814 0.008937 0.030372 0.017874
0 0.608790 0.386018 0.042761 0.034335
0 0.760747 0.723426 0.047263 0.041937
0 0.533421 0.752833 0.043779 0.038586
0 0.227244 0.985575 0.028515 0.025733
0 0.908218 0.101056 0.032428 0.028685
0 0.725504 0.048864 0.041180 0.034651
0 0.021521 0.645676 0.040850 0.037605
0 0.194992 0.636759 0.052705 0.043957
0 0.341607 0.425533 0.081632 0.064152
0 0.171438 0.514882 0.034900 0.029957
0 0.614089 0.210543 0.034094 0.030326
0 0.751107 0.822218 0.046187 0.039618
0 0.990075 0.136279 0.019827 0.027479
0 0.164884 0.601310 0.047166 0.041386
0 0.565785 0.889370 0.037666 0.031952