0 0.605277 0.468818 0.060789 0.045926
0 0.357888 0.765361 0.241872 0.185318
0 0.555212 0.888992 0.055200 0.040731
0 0.451636 0.447828 0.049363 0.037797
0 0.903059 0.642096 0.043799 0.033838
0 0.076803 0.281328 0.051604 0.037365
0 0.141793 0.031370 0.243201 0.062739
0 0.727613 0.487030 0.051049 0.038703
0 0.180797 0.234322 0.047950 0.031920
0 0.460110 0.570994 0.047444 0.035869
0 0.765124 0.243661 0.040228 0.030911
0 0.576109 0.936815 0.039338 0.029359
0 0.887255 0.749232 0.056372 0.042295
0 0.638807 0.799546 0.040034 0.030591
0 0.462864 0.686907 0.059310 0.043970
0 0.570019 0.637553 0.052984 0.035672
0 0.945460 0.235224 0.050229 0.035161
0 0.914951 0.162640 0.052121 0.039964
0 0.824590 0.383720 0.040337 0.026798
0 0.312612 0.410527 0.072581 0.053878
0 0.761301 0.307198 0.038512 0.028031
0 0.900239 0.856022 0.063174 0.046058
0 0.491983 0.608930 0.070687 0.052690
0 0.585024 0.303147 0.041932 0.032773
0 0.625601 0.099610 0.037632 0.027518
0 0.576933 0.585459 0.048617 0.036437
0 0.950212 0.558902 0.044844 0.031244
0 0.106247 0.435932 0.161713 0.133669
0 0.250408 0.288194 0.041240 0.032852
0 0.445378 0.935054 0.051585 0.036046
0 0.813613 0.754779 0.031903 0.026233
0 0.634228 0.066767 0.034729 0.027611
0 0.746464 0.355392 0.121735 0.096780
0 0.792953 0.778041 0.110333 0.086712
0 0.511943 0.689863 0.146782 0.110002
0 0.419990 0.247780 0.126376 0.092535
0 0.045301 0.403626 0.036770 0.026613
0 0.716379 0.086794 0.035657 0.029128
0 0.622551 0.727375 0.099167 0.074014
0 0.469054 0.615856 0.115760 0.077137
0 0.469252 0.538572 0.038209 0.026569
0 0.317906 0.074096 0.036362 0.027495
0 0.406140 0.333239 0.036357 0.026184
0 0.512562 0.278660 0.068704 0.049599
0 0.703896 0.166196 0.032280 0.024676
0 0.879501 0.551370 0.033729 0.025666
0 0.499113 0.674038 0.185102 0.133557
0 0.762167 0.694569 0.034715 0.025568
0 0.471467 0.484422 0.040705 0.029750
0 0.987047 0.227734 0.025907 0.036634
0 0.753837 0.621935 0.341305 0.259644
0 0.978939 0.034099 0.042121 0.060688
0 0.462977 0.980193 0.035655 0.030045
0 0.269467 0.006454 0.028723 0.012786
0 0.657639 0.244849 0.072464 0.050147
0 0.218366 0.569791 0.426973 0.317683
0 0.798036 0.287408 0.031543 0.025265
0 0.226830 0.103762 0.028941 0.024094
0 0.188008 0.352291 0.058107 0.040930
0 0.386312 0.991159 0.029859 0.017682
0 0.435223 0.177003 0.064830 0.047464
0 0.982858 0.028202 0.034284 0.047536
0 0.054291 0.655507 0.048013 0.034912
0 0.016882 0.635620 0.033763 0.111755
0 0.636351 0.502418 0.076318 0.061126
0 0.630297 0.013035 0.062323 0.026070