0 0.345113 0.846558 0.328569 0.302287
0 0.896340 0.650847 0.109259 0.102658
0 0.085509 0.284141 0.171018 0.242157
0 0.332288 0.092674 0.057881 0.055854
0 0.821891 0.732720 0.049441 0.046867
0 0.123729 0.839332 0.121904 0.116499
0 0.637718 0.077810 0.039579 0.038144
0 0.047598 0.035731 0.037708 0.035128
0 0.583260 0.217633 0.045933 0.043286
0 0.748824 0.275054 0.051913 0.048087
0 0.581639 0.095087 0.037916 0.036269
0 0.274666 0.037491 0.180070 0.074981
0 0.054315 0.726000 0.031930 0.030161
0 0.008017 0.557691 0.016035 0.046048
0 0.033389 0.862410 0.065617 0.070209
0 0.504939 0.563308 0.071859 0.068223
0 0.787598 0.348718 0.029883 0.028336
0 0.440667 0.531455 0.039879 0.037465
0 0.126719 0.132152 0.041316 0.040869
0 0.798108 0.219213 0.134306 0.132898
0 0.730134 0.352337 0.071750 0.064352
0 0.581511 0.473491 0.046633 0.043709
0 0.551087 0.855392 0.027925 0.026659
0 0.287324 0.355957 0.082187 0.078029
0 0.036614 0.854003 0.073229 0.091028
0 0.240019 0.218418 0.077839 0.075125
0 0.508654 0.272475 0.120424 0.112042
0 0.542432 0.054125 0.058353 0.055792
0 0.897643 0.400416 0.045943 0.041989