0 0.444266 0.783710 0.116861 0.094265
0 0.046014 0.564205 0.092027 0.084757
0 0.648339 0.377738 0.053236 0.041520
0 0.939659 0.393731 0.096208 0.078304
0 0.779070 0.528726 0.056261 0.046020
0 0.479278 0.018835 0.059913 0.037329
0 0.378063 0.754365 0.090631 0.074373
0 0.394143 0.159337 0.337348 0.278772
0 0.931759 0.617997 0.054445 0.046208
0 0.856342 0.229515 0.074332 0.060769
0 0.825869 0.860740 0.058214 0.049307
0 0.066051 0.450211 0.130540 0.151700
0 0.977359 0.848561 0.036201 0.031430
0 0.473551 0.381228 0.111621 0.086893
0 0.490798 0.479430 0.038192 0.030392
0 0.771086 0.146838 0.044337 0.034230
0 0.474764 0.897887 0.042899 0.036796
0 0.420827 0.683762 0.041435 0.033191
0 0.115590 0.611568 0.064540 0.051025
0 0.329198 0.646561 0.060542 0.047157
0 0.617874 0.172797 0.078337 0.058251
0 0.329965 0.592179 0.041282 0.034520
0 0.941215 0.662878 0.076143 0.057005
0 0.965223 0.666577 0.033220 0.029014
0 0.624519 0.071078 0.076313 0.061986
0 0.018816 0.126995 0.037632 0.032185
0 0.479910 0.048878 0.034126 0.028171
0 0.594535 0.456247 0.054844 0.045079
0 0.568363 0.197654 0.046369 0.037780
0 0.595019 0.122154 0.065631 0.055980
0 0.349562 0.627796 0.060071 0.046113
0 0.986732 0.425013 0.026535 0.084009
0 0.623082 0.166806 0.093636 0.068958
0 0.341512 0.632745 0.072561 0.055402
0 0.875928 0.585616 0.053824 0.046501
0 0.192432 0.896811 0.166941 0.141576
0 0.541180 0.075341 0.066066 0.052303
0 0.541842 0.353073 0.050995 0.041626
0 0.510915 0.990133 0.050671 0.019471
0 0.773457 0.710923 0.050335 0.043718
0 0.971613 0.591257 0.056775 0.071830
0 0.715402 0.757541 0.054351 0.045566
0 0.764995 0.780092 0.045511 0.036596
0 0.783546 0.904901 0.272991 0.189982
0 0.607356 0.868308 0.126406 0.111629
0 0.649959 0.151175 0.061591 0.050657
0 0.598014 0.021054 0.243354 0.042108
0 0.173626 0.662196 0.044031 0.035350
0 0.580445 0.026121 0.296768 0.052241
0 0.063273 0.615469 0.035029 0.028288
0 0.946355 0.279819 0.071812 0.056813
0 0.890919 0.887025 0.041547 0.033125
0 0.635304 0.158805 0.096165 0.065712