0 0.898643 0.670026 0.036576 0.035995
0 0.375141 0.242181 0.066946 0.066296
0 0.027090 0.269244 0.040499 0.038647
0 0.567830 0.963701 0.039531 0.037963
0 0.269298 0.433518 0.040407 0.039627
0 0.313577 0.702816 0.029930 0.030191
0 0.071968 0.868603 0.050372 0.049133
0 0.282675 0.602755 0.036200 0.035299
0 0.711836 0.947790 0.050986 0.050740
0 0.313808 0.320982 0.031619 0.031285
0 0.253988 0.187264 0.035971 0.036349
0 0.098328 0.476716 0.036683 0.036196
0 0.247000 0.224065 0.039366 0.039559
0 0.807808 0.604926 0.235258 0.216801
0 0.270633 0.293203 0.041750 0.043587
0 0.859256 0.538708 0.042689 0.042529
0 0.497295 0.886152 0.330235 0.227576
0 0.937330 0.765598 0.116492 0.115581
0 0.459115 0.452610 0.032885 0.032976
0 0.275722 0.300520 0.033738 0.034378
0 0.189213 0.920752 0.360354 0.158495
0 0.249354 0.263326 0.033118 0.033909
0 0.821643 0.969284 0.029340 0.028344
0 0.534002 0.725007 0.071389 0.071361
0 0.416918 0.971560 0.069715 0.056355
0 0.278510 0.202997 0.025298 0.025577
0 0.035403 0.136963 0.037237 0.035245
0 0.108534 0.103199 0.028055 0.027223
0 0.075124 0.169924 0.024703 0.023674
0 0.846560 0.233242 0.026387 0.025828
0 0.755154 0.198885 0.489693 0.397770
0 0.170424 0.758543 0.045217 0.043723
0 0.937995 0.050807 0.086257 0.087383
0 0.554196 0.475683 0.028514 0.027806
0 0.692544 0.794035 0.029122 0.027602
0 0.161520 0.149665 0.027701 0.028163
0 0.965464 0.136369 0.069073 0.074616
0 0.332959 0.883659 0.071683 0.071618
0 0.969357 0.190696 0.038987 0.042384