0 0.832147 0.262894 0.214513 0.217992
0 0.831737 0.112971 0.219103 0.217314
0 0.526793 0.383506 0.099429 0.097663
0 0.066774 0.437618 0.098881 0.098322
0 0.123296 0.285106 0.058549 0.057443
0 0.139731 0.239281 0.052686 0.052473
0 0.328979 0.803033 0.401180 0.373465
0 0.151810 0.118930 0.246600 0.233126
0 0.081489 0.363971 0.060116 0.059837
0 0.661117 0.083073 0.044888 0.043314
0 0.919583 0.827718 0.038483 0.037605
0 0.383806 0.339812 0.029412 0.029404
0 0.674503 0.553840 0.103892 0.105667
0 0.836111 0.903596 0.040797 0.039451
0 0.071511 0.889366 0.043066 0.043826
0 0.128688 0.630330 0.037279 0.037535
0 0.629159 0.604072 0.091282 0.089353
0 0.212638 0.370721 0.088085 0.088780
0 0.087638 0.830489 0.035039 0.035270
0 0.815752 0.649101 0.040486 0.039430
0 0.055264 0.294397 0.041531 0.041886
0 0.242075 0.461035 0.032486 0.031984
0 0.900049 0.655084 0.046607 0.045118
0 0.618410 0.092335 0.036570 0.036233
0 0.935488 0.906814 0.028286 0.028523
0 0.852575 0.673516 0.051588 0.051229
0 0.586401 0.132627 0.034404 0.034628
0 0.021744 0.281891 0.038840 0.038742
0 0.254979 0.588545 0.028482 0.027908
0 0.962813 0.280197 0.060426 0.058911
0 0.048770 0.180366 0.031550 0.031870
0 0.911581 0.886698 0.037115 0.037323
0 0.315678 0.604427 0.046785 0.045774
0 0.050810 0.251860 0.029515 0.029131
0 0.645000 0.817623 0.033659 0.034066
0 0.778247 0.809525 0.032997 0.032999
0 0.731200 0.032764 0.042505 0.040647
0 0.328747 0.051979 0.032747 0.032682
0 0.961990 0.751604 0.049504 0.047316
0 0.695211 0.391658 0.035675 0.036458
0 0.181543 0.242753 0.025432 0.025580
0 0.323350 0.012910 0.031385 0.025075
0 0.210099 0.393185 0.055920 0.056101
0 0.502477 0.554087 0.058491 0.055845
0 0.850709 0.530784 0.049791 0.048609
0 0.682972 0.830625 0.047221 0.046022
0 0.196526 0.309469 0.030920 0.030409
0 0.048649 0.344409 0.025957 0.026524
0 0.956322 0.525594 0.059339 0.057745
0 0.353746 0.742872 0.028614 0.028367
0 0.306768 0.935424 0.027782 0.027693
0 0.051015 0.118911 0.027335 0.027716
0 0.440844 0.489407 0.074311 0.074167
0 0.186638 0.428712 0.029989 0.030503
0 0.105710 0.491730 0.026126 0.026043
0 0.027853 0.118074 0.025071 0.025016
0 0.575215 0.108284 0.028817 0.028549
0 0.119444 0.466702 0.027510 0.028375
0 0.166312 0.790070 0.030134 0.029889
0 0.437646 0.993404 0.036397 0.012632
0 0.368552 0.413811 0.058225 0.054868
0 0.016212 0.320767 0.028441 0.030302
0 0.724110 0.836862 0.027242 0.026875
0 0.706729 0.899943 0.027407 0.026239
0 0.301737 0.028838 0.028156 0.028145
0 0.731888 0.989779 0.043477 0.020442
0 0.213126 0.925521 0.032866 0.031809
0 0.374806 0.413736 0.048601 0.045450
0 0.767219 0.991848 0.029354 0.016304
0 0.097088 0.942424 0.038827 0.038362
0 0.420630 0.576200 0.025348 0.025044
0 0.461406 0.340620 0.022220 0.021858
0 0.381306 0.415761 0.035002 0.035478
0 0.011514 0.735672 0.022291 0.025802
0 0.617329 0.368443 0.026460 0.025316
0 0.011388 0.254186 0.022426 0.045208
0 0.007399 0.308886 0.013513 0.027643
0 0.227034 0.217812 0.021659 0.021481
0 0.029214 0.356553 0.023113 0.023520
0 0.006042 0.785254 0.012083 0.034764
0 0.464784 0.659775 0.025513 0.025422