0 0.413437 0.102739 0.078195 0.073661
0 0.675325 0.145773 0.081295 0.077337
0 0.471086 0.682855 0.049279 0.041975
0 0.319687 0.253311 0.049154 0.042856
0 0.335577 0.978393 0.076788 0.043213
0 0.499200 0.717755 0.053744 0.047825
0 0.334893 0.341077 0.050684 0.047425
0 0.065028 0.901027 0.057690 0.052829
0 0.300695 0.161197 0.040064 0.036666
0 0.704799 0.948696 0.035370 0.031600
0 0.339136 0.416553 0.042601 0.038785
0 0.076127 0.726496 0.045306 0.042629
0 0.777412 0.724606 0.036525 0.031324
0 0.626204 0.917079 0.058461 0.051471
0 0.377760 0.397128 0.040780 0.035473
0 0.958709 0.606757 0.028906 0.027081
0 0.596841 0.026076 0.072922 0.051760
0 0.429513 0.843203 0.031215 0.028298
0 0.396146 0.585373 0.032078 0.028875
0 0.235380 0.071297 0.032029 0.028567
0 0.458283 0.874265 0.027574 0.025923
0 0.448048 0.587076 0.040968 0.035499
0 0.658688 0.838480 0.029666 0.027298
0 0.293409 0.614655 0.032641 0.028816
0 0.421313 0.413045 0.027032 0.024131
0 0.703949 0.984905 0.028452 0.024613
0 0.907701 0.424943 0.029097 0.026927
0 0.957036 0.908021 0.025008 0.023219
0 0.737276 0.291863 0.030648 0.029182
0 0.848722 0.541818 0.046802 0.045520
0 0.430736 0.562536 0.029129 0.027857
0 0.255114 0.871367 0.028302 0.026147
0 0.215973 0.058418 0.159859 0.116835
0 0.023938 0.753576 0.026930 0.025511
0 0.356504 0.257154 0.024710 0.021753
0 0.558509 0.083025 0.059898 0.052281
0 0.419476 0.584687 0.022523 0.021654
0 0.053996 0.048537 0.107640 0.097075
0 0.685116 0.571374 0.028034 0.025142
0 0.122829 0.653069 0.029604 0.027287
0 0.712316 0.660833 0.028599 0.025173
0 0.182156 0.408424 0.023963 0.023434
0 0.903553 0.994651 0.028268 0.010698
0 0.586004 0.828598 0.027834 0.023964
0 0.388772 0.853265 0.025356 0.024026
0 0.262161 0.661953 0.024869 0.024199
0 0.568425 0.363875 0.030581 0.028273
0 0.490879 0.610104 0.027357 0.025002
0 0.314091 0.877897 0.037387 0.035870
0 0.472281 0.751077 0.030095 0.027577
0 0.399032 0.873288 0.027315 0.024348
0 0.625739 0.806856 0.192562 0.171588