0 0.945432 0.464029 0.079394 0.060144
0 0.930631 0.642566 0.136647 0.216343
0 0.828746 0.354947 0.058804 0.043893
0 0.034602 0.849793 0.054694 0.046798
0 0.190311 0.683310 0.038774 0.032613
0 0.955988 0.385495 0.043842 0.034336
0 0.077545 0.297680 0.060975 0.048399
0 0.365040 0.217048 0.047263 0.037754
0 0.795617 0.907407 0.074619 0.061212
0 0.446574 0.931328 0.079516 0.064357
0 0.850255 0.185262 0.299490 0.269018
0 0.819105 0.391781 0.046857 0.032343
0 0.164735 0.862502 0.035664 0.029407
0 0.637520 0.669438 0.042054 0.034127
0 0.065477 0.930167 0.089925 0.069041
0 0.905212 0.339592 0.037396 0.029640
0 0.452366 0.788492 0.040903 0.034105
0 0.856990 0.135202 0.039801 0.030464
0 0.326441 0.954250 0.058067 0.045746
0 0.843937 0.011177 0.070327 0.022255
0 0.280561 0.795097 0.033546 0.026059
0 0.312276 0.945730 0.035108 0.028079
0 0.134867 0.835113 0.044837 0.037474
0 0.492311 0.969635 0.049215 0.039906
0 0.893945 0.140262 0.033440 0.028319
0 0.740766 0.492706 0.037645 0.030723
0 0.286099 0.246620 0.080826 0.060380
0 0.531581 0.484728 0.034873 0.028579
0 0.028670 0.743065 0.056914 0.246745
0 0.827828 0.593933 0.087452 0.069319
0 0.202238 0.992695 0.028846 0.014610
0 0.758369 0.180499 0.046159 0.037196
0 0.703014 0.581255 0.085392 0.066883
0 0.716410 0.393529 0.127048 0.096062
0 0.050509 0.141780 0.101018 0.120101
0 0.436558 0.077800 0.092185 0.090697
0 0.319424 0.947437 0.047471 0.032365
0 0.850614 0.661522 0.043266 0.033621