0 0.187340 0.405016 0.037881 0.037776
0 0.159008 0.385288 0.041697 0.041754
0 0.753773 0.733080 0.037642 0.037105
0 0.369777 0.174772 0.036039 0.035279
0 0.776210 0.376692 0.035103 0.035452
0 0.782199 0.306970 0.038948 0.038650
0 0.985902 0.632234 0.027709 0.046370
0 0.252659 0.791480 0.028063 0.028261
0 0.744959 0.653206 0.035814 0.036605
0 0.982853 0.812019 0.034151 0.040952
0 0.120896 0.862708 0.160698 0.152275
0 0.731368 0.381744 0.034644 0.034262
0 0.564741 0.072948 0.031609 0.032244
0 0.562016 0.154300 0.048839 0.047919
0 0.775090 0.171052 0.034716 0.034416
0 0.968747 0.663289 0.033654 0.033814
0 0.795199 0.209168 0.036063 0.036166
0 0.166572 0.049123 0.119720 0.096992
0 0.911182 0.210587 0.071749 0.073590
0 0.691881 0.020177 0.056179 0.040354
0 0.719218 0.122184 0.048259 0.048392
0 0.015960 0.461239 0.031920 0.049398
0 0.946713 0.455121 0.062918 0.063290
0 0.787891 0.588036 0.075886 0.076655
0 0.501781 0.519550 0.052483 0.051486
0 0.049885 0.574519 0.099770 0.100242
0 0.619360 0.466001 0.027543 0.027644
0 0.251282 0.876550 0.106561 0.100879
0 0.100548 0.122538 0.025736 0.025439
0 0.340280 0.688242 0.025295 0.025241
0 0.697245 0.024356 0.047088 0.039428
0 0.323927 0.221836 0.068778 0.071862
0 0.808656 0.537146 0.029154 0.029026
0 0.912289 0.287493 0.091090 0.089023
0 0.303545 0.777246 0.135704 0.137766
0 0.530182 0.270409 0.111715 0.115697
0 0.992571 0.669240 0.014857 0.038414
0 0.430482 0.231866 0.095240 0.093049
0 0.470560 0.069648 0.103933 0.102768
0 0.508980 0.489557 0.049770 0.047380
0 0.987122 0.597980 0.025756 0.027611
0 0.590463 0.761474 0.026134 0.026209
0 0.440500 0.150863 0.030024 0.028514
0 0.232224 0.563527 0.156564 0.159837
0 0.551738 0.189330 0.049321 0.048709
0 0.170123 0.135656 0.064807 0.062446
0 0.983152 0.577849 0.024423 0.023921