0 0.585442 0.210131 0.084575 0.062543
0 0.724413 0.328093 0.065442 0.047980
0 0.262100 0.088452 0.076548 0.056000
0 0.015588 0.249501 0.030716 0.040423
0 0.272794 0.156703 0.063437 0.044974
0 0.170745 0.652797 0.054784 0.037701
0 0.180845 0.457446 0.090249 0.065305
0 0.529141 0.606159 0.051849 0.039534
0 0.341934 0.744381 0.050258 0.036830
0 0.626916 0.237312 0.049000 0.036746
0 0.571577 0.379575 0.051641 0.040615
0 0.819200 0.303301 0.049888 0.037152
0 0.224946 0.780829 0.091229 0.041828
0 0.979378 0.394067 0.041244 0.060526
0 0.690722 0.044219 0.124454 0.088439
0 0.677462 0.180592 0.035540 0.029442
0 0.638241 0.362598 0.040163 0.033314
0 0.766733 0.285398 0.047669 0.033888
0 0.810642 0.341476 0.053554 0.040097
0 0.780977 0.364696 0.038933 0.026349
0 0.166817 0.502217 0.059484 0.045628
0 0.818812 0.250821 0.037664 0.027248
0 0.068111 0.579026 0.135226 0.122849
0 0.393366 0.567273 0.097286 0.075411
0 0.292021 0.751958 0.038988 0.029076
0 0.506129 0.772479 0.091190 0.060566
0 0.028063 0.044036 0.056125 0.076630
0 0.216363 0.138107 0.040555 0.030275
0 0.418607 0.223377 0.045533 0.031858
0 0.335272 0.148897 0.069025 0.045613
0 0.736425 0.383136 0.033987 0.027026
0 0.434192 0.683231 0.038083 0.027260
0 0.598512 0.314599 0.184120 0.145999
0 0.903271 0.507069 0.031364 0.025696
0 0.444293 0.275002 0.041978 0.032401
0 0.526371 0.136864 0.033539 0.026868
0 0.439549 0.642768 0.053611 0.036971
0 0.610358 0.162628 0.032692 0.024059
0 0.558631 0.129341 0.030425 0.025060