0 0.108560 0.318850 0.047853 0.035541
0 0.235064 0.468444 0.057849 0.043222
0 0.318757 0.599277 0.045438 0.031562
0 0.259387 0.707578 0.063871 0.045452
0 0.714100 0.395686 0.036321 0.025899
0 0.667785 0.301919 0.050447 0.035611
0 0.209264 0.397761 0.049520 0.036882
0 0.981819 0.324418 0.036361 0.035392
0 0.774329 0.339527 0.052868 0.038208
0 0.607406 0.579364 0.041625 0.026453
0 0.573397 0.479127 0.036363 0.027761
0 0.143256 0.595909 0.041521 0.032078
0 0.392282 0.492552 0.033006 0.024680
0 0.901334 0.386622 0.049316 0.038332
0 0.691150 0.284622 0.031968 0.024207
0 0.254019 0.103568 0.041681 0.029648
0 0.768686 0.023165 0.117136 0.046329
0 0.458608 0.275164 0.053743 0.038441
0 0.194069 0.059498 0.038644 0.027741
0 0.239913 0.128065 0.033403 0.025717
0 0.310798 0.266144 0.040986 0.032799
0 0.300975 0.233427 0.038197 0.027081
0 0.448605 0.039774 0.050093 0.037120
0 0.936798 0.244014 0.030647 0.022683
0 0.631504 0.687731 0.110616 0.082446
0 0.630988 0.052999 0.030132 0.023031
0 0.301330 0.749948 0.157736 0.104791
0 0.234014 0.374642 0.028857 0.023768
0 0.246213 0.079970 0.113854 0.086208
0 0.153324 0.558023 0.085964 0.059728
0 0.862616 0.788335 0.066596 0.026611
0 0.253185 0.393464 0.028443 0.022644
0 0.180502 0.023148 0.091880 0.045878
0 0.005784 0.495066 0.011568 0.028421
0 0.891735 0.125202 0.036114 0.026574
0 0.829473 0.523620 0.040177 0.029638