0 0.345189 0.785098 0.089404 0.070399
0 0.095750 0.544635 0.064045 0.044215
0 0.096203 0.297760 0.060986 0.046734
0 0.372283 0.977021 0.086135 0.045957
0 0.453885 0.748274 0.052473 0.042218
0 0.895099 0.937447 0.041528 0.031772
0 0.846521 0.806668 0.061115 0.047158
0 0.139110 0.190136 0.039862 0.029987
0 0.905534 0.821460 0.069306 0.053815
0 0.804479 0.466531 0.047479 0.038034
0 0.273827 0.416886 0.038776 0.029696
0 0.199227 0.471058 0.039393 0.029979
0 0.577304 0.403066 0.043608 0.033151
0 0.974092 0.513954 0.051733 0.066003
0 0.736390 0.670996 0.036471 0.026688
0 0.182747 0.551186 0.040503 0.029774
0 0.281918 0.829415 0.042594 0.031321
0 0.947759 0.953805 0.059247 0.042559
0 0.615900 0.810530 0.042390 0.033227
0 0.223296 0.037754 0.031064 0.025433
0 0.741400 0.547526 0.071554 0.052325
0 0.751009 0.124937 0.036355 0.031032
0 0.895791 0.502700 0.032320 0.027281
0 0.611633 0.775726 0.035453 0.027914
0 0.678019 0.943139 0.041023 0.031911
0 0.731939 0.013023 0.037263 0.026035
0 0.014119 0.964347 0.028239 0.030742
0 0.893999 0.968694 0.046739 0.037553
0 0.367405 0.962750 0.031166 0.025250
0 0.779684 0.822177 0.039396 0.030496
0 0.084201 0.196751 0.033707 0.025568
0 0.898130 0.333471 0.072276 0.051141
0 0.946705 0.431727 0.103150 0.091595
0 0.858774 0.946389 0.038827 0.027735
0 0.020694 0.846431 0.041387 0.079526
0 0.837165 0.300736 0.081022 0.057972
0 0.550227 0.934209 0.058228 0.044177