0 0.056857 0.772455 0.066054 0.065583
0 0.466012 0.225300 0.136592 0.130376
0 0.694098 0.084949 0.121957 0.112306
0 0.820010 0.956341 0.052691 0.048995
0 0.225353 0.507664 0.047056 0.045569
0 0.073364 0.958495 0.034411 0.034582
0 0.858449 0.094821 0.109064 0.100415
0 0.904991 0.446354 0.045474 0.039688
0 0.912728 0.180860 0.110237 0.097561
0 0.271274 0.071703 0.040802 0.040450
0 0.734000 0.936826 0.053766 0.049328
0 0.565184 0.775370 0.042492 0.040618
0 0.869761 0.617049 0.059050 0.051601
0 0.074680 0.420391 0.149361 0.282287
0 0.674957 0.156123 0.049341 0.046852
0 0.744642 0.865968 0.056808 0.053792
0 0.773840 0.515701 0.138832 0.127010
0 0.772859 0.750465 0.063659 0.055456
0 0.588492 0.108213 0.060235 0.056147
0 0.342220 0.897171 0.326968 0.205658
0 0.585091 0.976342 0.147912 0.047316
0 0.654797 0.029539 0.144045 0.059077
0 0.885893 0.951067 0.073094 0.072216
0 0.305259 0.746079 0.241506 0.245573
0 0.855933 0.258526 0.046777 0.040133
0 0.177177 0.669298 0.064094 0.064035
0 0.620453 0.143143 0.072077 0.066941
0 0.054698 0.980496 0.027500 0.026560
0 0.333698 0.206628 0.036188 0.035853
0 0.594167 0.785460 0.110986 0.109417
0 0.287502 0.234975 0.032710 0.031406
0 0.686331 0.984728 0.032040 0.028066
0 0.100311 0.825272 0.028308 0.027694
0 0.892989 0.928426 0.059398 0.052151
0 0.119136 0.892326 0.026387 0.025994
0 0.337174 0.177899 0.033107 0.033147
0 0.014561 0.176464 0.029122 0.114498
0 0.677471 0.363214 0.109777 0.101697
0 0.018427 0.913660 0.036174 0.047950
0 0.763073 0.907471 0.025476 0.025082
0 0.095766 0.870495 0.025926 0.026104
0 0.602364 0.920817 0.207685 0.158366
0 0.904330 0.734660 0.057589 0.055269
0 0.688258 0.398119 0.163777 0.149773
0 0.574336 0.356741 0.063967 0.058177