0 0.338921 0.395571 0.038170 0.037396
0 0.091385 0.194814 0.057527 0.057381
0 0.415052 0.166025 0.045703 0.044659
0 0.784931 0.075948 0.028596 0.027192
0 0.448043 0.442822 0.040705 0.038323
0 0.270358 0.485412 0.032244 0.029802
0 0.618044 0.248325 0.029283 0.028098
0 0.661291 0.263060 0.030031 0.027541
0 0.371999 0.574114 0.028185 0.025946
0 0.421165 0.124246 0.040028 0.037547
0 0.646083 0.370606 0.028149 0.027637
0 0.687715 0.520988 0.046427 0.044837
0 0.560674 0.379470 0.030280 0.028952
0 0.199349 0.644271 0.033933 0.032237
0 0.851909 0.880316 0.026905 0.024932
0 0.395959 0.360438 0.027987 0.026676
0 0.893596 0.483830 0.027798 0.026244
0 0.193842 0.676488 0.029977 0.028062
0 0.153088 0.696910 0.040446 0.039192
0 0.628287 0.486866 0.027188 0.025824
0 0.191054 0.619711 0.030251 0.029628
0 0.575186 0.295648 0.029715 0.030537
0 0.994248 0.941417 0.011439 0.057903
0 0.528781 0.466506 0.025639 0.024902
0 0.850871 0.041524 0.027633 0.027217
0 0.547310 0.553631 0.030097 0.030850
0 0.772524 0.831368 0.034586 0.035416
0 0.111565 0.263348 0.027892 0.026661
0 0.126395 0.705292 0.035354 0.034815
0 0.428693 0.206429 0.045363 0.042145
0 0.859764 0.082360 0.030019 0.028499
0 0.593095 0.060719 0.026425 0.026528
0 0.271430 0.539367 0.029848 0.029479
0 0.097027 0.222696 0.041720 0.039373
0 0.042265 0.338407 0.024488 0.023965
0 0.642825 0.243035 0.024842 0.024132