0 0.972091 0.423034 0.036302 0.028071
0 0.101868 0.974333 0.109269 0.051255
0 0.194221 0.554659 0.039510 0.030382
0 0.943846 0.450214 0.034967 0.026125
0 0.201008 0.933139 0.060099 0.041320
0 0.034837 0.349749 0.069674 0.068051
0 0.322832 0.143976 0.034623 0.025143
0 0.415941 0.969724 0.027791 0.024744
0 0.049547 0.654246 0.097881 0.097240
0 0.132786 0.725301 0.061425 0.047867
0 0.125865 0.263634 0.033014 0.025177
0 0.122044 0.783049 0.077000 0.049091
0 0.272905 0.990308 0.064315 0.019384
0 0.942858 0.405138 0.031272 0.024505
0 0.206514 0.930484 0.051010 0.034283
0 0.214777 0.869154 0.051258 0.041436