0 0.037225 0.940452 0.054160 0.049111
0 0.874165 0.633727 0.050298 0.047271
0 0.180922 0.617578 0.175219 0.163818
0 0.755909 0.163168 0.262351 0.266423
0 0.324180 0.784809 0.043385 0.039228
0 0.257301 0.126395 0.084828 0.080894
0 0.547150 0.830446 0.057865 0.052110
0 0.401653 0.713113 0.045093 0.040436
0 0.317902 0.078608 0.151929 0.144865
0 0.251132 0.567823 0.031564 0.031072
0 0.776010 0.772668 0.031648 0.030924
0 0.795298 0.401780 0.032384 0.030052
0 0.428983 0.341746 0.034276 0.033147
0 0.246068 0.635332 0.031521 0.029326
0 0.033297 0.281417 0.031545 0.029863
0 0.486344 0.679014 0.033036 0.029931
0 0.094838 0.443705 0.175096 0.156811
0 0.546125 0.952781 0.036728 0.033007
0 0.019207 0.712778 0.028612 0.027521
0 0.888595 0.950995 0.068262 0.062523
0 0.564223 0.918769 0.043579 0.037580
0 0.742489 0.685780 0.043471 0.041483
0 0.466541 0.177838 0.030638 0.029275
0 0.470008 0.649751 0.035086 0.032093
0 0.635486 0.322061 0.032250 0.029922
0 0.013421 0.861580 0.025045 0.024919
0 0.806391 0.428240 0.032026 0.030870
0 0.986450 0.592276 0.027086 0.031177
0 0.828019 0.974705 0.081624 0.050591
0 0.091544 0.156881 0.032090 0.029425
0 0.407475 0.757316 0.048711 0.047370
0 0.429637 0.129977 0.033673 0.032837
0 0.607519 0.962224 0.042450 0.035092
0 0.530741 0.772794 0.050217 0.046070
0 0.077894 0.458583 0.143028 0.125130
0 0.980425 0.569360 0.034097 0.031379
0 0.440615 0.755188 0.214813 0.195661
0 0.114037 0.397501 0.120293 0.105070
0 0.630123 0.873817 0.068439 0.060372
0 0.573324 0.053240 0.283530 0.106479
0 0.506933 0.486948 0.028275 0.028061
0 0.518905 0.803966 0.030920 0.027620
0 0.414933 0.057478 0.045923 0.041050
0 0.906530 0.579481 0.035531 0.035446
0 0.608356 0.983832 0.098009 0.032337
0 0.653045 0.869395 0.030935 0.030784
0 0.962755 0.210255 0.074490 0.094941
0 0.981356 0.549933 0.031740 0.030548
0 0.177131 0.194596 0.151903 0.130769
0 0.170178 0.983869 0.053917 0.031888
0 0.156502 0.185131 0.120760 0.103314
0 0.140666 0.179316 0.089284 0.089354