0 0.534266 0.069059 0.137604 0.130287
0 0.491265 0.804381 0.023882 0.024357
0 0.851687 0.419651 0.029124 0.029017
0 0.390265 0.831874 0.027740 0.028230
0 0.787868 0.468198 0.032230 0.032601
0 0.010683 0.121798 0.020745 0.030856
0 0.402174 0.211403 0.024430 0.024037
0 0.814822 0.327415 0.138535 0.142001
0 0.951151 0.194812 0.034176 0.034315
0 0.485615 0.621757 0.031149 0.030895
0 0.217660 0.190936 0.034790 0.034633
0 0.377519 0.579441 0.027368 0.027447
0 0.373926 0.345754 0.062508 0.062208
0 0.566993 0.600985 0.022176 0.022259
0 0.347704 0.801814 0.022083 0.022216
0 0.849320 0.044163 0.053524 0.052533
0 0.915055 0.461389 0.036128 0.034875
0 0.228175 0.700341 0.022818 0.023177
0 0.963526 0.499999 0.024470 0.024409
0 0.229345 0.631816 0.030852 0.030868
0 0.210343 0.491584 0.249170 0.256857
0 0.160049 0.585520 0.074653 0.073293
0 0.800277 0.174629 0.046043 0.045662
0 0.585968 0.921078 0.038227 0.037962
0 0.445540 0.609421 0.037939 0.037484
0 0.313293 0.778730 0.019746 0.019268
0 0.480784 0.772134 0.028940 0.029716
0 0.643732 0.984655 0.035543 0.030289
0 0.576004 0.654716 0.019327 0.019414
0 0.898540 0.089028 0.042848 0.045510
0 0.516195 0.976799 0.026773 0.026859
0 0.779045 0.131124 0.025924 0.025186
0 0.903062 0.076676 0.031526 0.027565
0 0.657379 0.763614 0.034519 0.032884
0 0.967317 0.208527 0.020501 0.021872
0 0.844927 0.130198 0.065829 0.066508
0 0.728712 0.827474 0.036070 0.036692
0 0.985182 0.632510 0.028508 0.030083
0 0.223431 0.529603 0.022238 0.022559
0 0.926076 0.218096 0.147849 0.175779
0 0.095012 0.861482 0.049373 0.047172
0 0.440605 0.307238 0.024832 0.024505
0 0.333717 0.291855 0.017554 0.017369
0 0.756092 0.104399 0.030346 0.030223
0 0.649594 0.807817 0.026101 0.025149
0 0.794409 0.174271 0.036261 0.037889
0 0.972033 0.276060 0.028646 0.028923
0 0.050214 0.530328 0.099906 0.251138
0 0.377808 0.193343 0.031490 0.031586