0 0.400038 0.555327 0.046406 0.035640
0 0.067923 0.742413 0.065593 0.057472
0 0.603280 0.471247 0.049422 0.039231
0 0.949905 0.284823 0.052441 0.038073
0 0.610319 0.497336 0.115445 0.088797
0 0.844328 0.306816 0.065476 0.048703
0 0.075627 0.289316 0.081339 0.067893
0 0.383020 0.971225 0.035596 0.031511
0 0.147887 0.619677 0.037048 0.031037
0 0.109523 0.715993 0.043255 0.037094
0 0.734989 0.434540 0.044670 0.036031
0 0.118796 0.153482 0.033831 0.028233
0 0.738248 0.327880 0.070410 0.052734
0 0.882194 0.043045 0.109119 0.081070
0 0.127233 0.145049 0.040546 0.030169
0 0.013064 0.211352 0.026128 0.039481
0 0.615851 0.155649 0.162153 0.134345
0 0.853514 0.652384 0.032330 0.026616
0 0.646814 0.105562 0.095229 0.069324
0 0.687940 0.649192 0.036980 0.031005
0 0.897480 0.037318 0.128989 0.073342
0 0.316622 0.895246 0.069951 0.068274
0 0.907851 0.617193 0.032266 0.026831
0 0.792531 0.370525 0.063971 0.052500
0 0.783438 0.374774 0.088338 0.065870
0 0.635333 0.299320 0.039842 0.032539
0 0.170783 0.100763 0.027981 0.022926
0 0.130939 0.142380 0.035104 0.027208
0 0.913095 0.030474 0.127620 0.060948