0 0.513228 0.859675 0.043537 0.042865
0 0.229287 0.552611 0.097680 0.095970
0 0.545224 0.685883 0.035456 0.034935
0 0.522817 0.907907 0.022975 0.022536
0 0.446644 0.272175 0.027194 0.027101
0 0.059851 0.194226 0.033766 0.032760
0 0.409279 0.148493 0.042312 0.041063
0 0.449990 0.167696 0.029637 0.029448
0 0.054407 0.483219 0.024437 0.024415
0 0.957263 0.115182 0.034497 0.032498
0 0.346037 0.237533 0.026774 0.026778
0 0.186586 0.396946 0.023709 0.023785
0 0.348730 0.489721 0.027940 0.028246
0 0.340184 0.418912 0.022827 0.022922
0 0.404924 0.481936 0.034037 0.033095
0 0.964018 0.262283 0.028918 0.027684
0 0.660328 0.726131 0.024690 0.024315
0 0.181965 0.293592 0.021847 0.021483
0 0.042073 0.650581 0.027061 0.026798
0 0.425768 0.635208 0.019804 0.019619
0 0.662715 0.432004 0.031783 0.030661
0 0.610407 0.700326 0.027189 0.026973
0 0.149296 0.172608 0.022816 0.023136
0 0.065551 0.651042 0.022315 0.022453
0 0.505305 0.584358 0.021386 0.021326
0 0.085504 0.166259 0.033205 0.032671
0 0.095736 0.590917 0.033982 0.033798
0 0.112567 0.047973 0.030868 0.030894
0 0.084296 0.716643 0.045652 0.045616
0 0.682049 0.736096 0.020902 0.020611
0 0.147104 0.120311 0.022926 0.022408
0 0.554211 0.417754 0.024354 0.023018
0 0.184117 0.417334 0.020995 0.020857
0 0.071218 0.414540 0.043143 0.046494
0 0.994584 0.944753 0.010827 0.031300
0 0.476689 0.157446 0.024597 0.023789
0 0.776055 0.870933 0.020558 0.019526
0 0.323060 0.388239 0.021405 0.021363
0 0.466219 0.624418 0.018750 0.018553
0 0.701532 0.681621 0.024975 0.024168
0 0.079007 0.793117 0.046242 0.044798
0 0.589487 0.798155 0.017878 0.017691
0 0.144782 0.731290 0.033067 0.032477
0 0.388917 0.979414 0.017806 0.018585
0 0.909134 0.385532 0.026214 0.025859
0 0.320741 0.617443 0.036605 0.034567
0 0.082491 0.758399 0.045535 0.043702
0 0.372668 0.026024 0.020603 0.020061
0 0.985944 0.066180 0.024142 0.022827
0 0.775084 0.758647 0.021308 0.020733
0 0.452191 0.970744 0.018376 0.018383
0 0.185336 0.740306 0.042381 0.040846
0 0.196194 0.783586 0.042356 0.041350