0 0.687376 0.289096 0.070312 0.066980
0 0.309551 0.948044 0.092428 0.086597
0 0.025613 0.969729 0.051226 0.059636
0 0.215297 0.924791 0.041611 0.036748
0 0.794634 0.075756 0.056687 0.052663
0 0.751371 0.333165 0.044731 0.043026
0 0.972650 0.528526 0.054700 0.110800
0 0.271736 0.803580 0.093414 0.084362
0 0.101379 0.536280 0.179947 0.144816
0 0.070494 0.389672 0.034402 0.029769
0 0.861283 0.397433 0.045907 0.042408
0 0.018320 0.206680 0.034976 0.031126
0 0.402619 0.901553 0.040037 0.033179
0 0.303078 0.646757 0.093190 0.079962
0 0.771254 0.181295 0.044230 0.041743
0 0.090250 0.841542 0.053519 0.046670
0 0.034708 0.055153 0.069416 0.079755
0 0.237603 0.613516 0.059220 0.052294
0 0.158140 0.497366 0.061024 0.054648
0 0.126910 0.300369 0.053952 0.048789
0 0.656393 0.671276 0.058108 0.052556
0 0.420933 0.196765 0.038521 0.036482
0 0.043365 0.905124 0.061953 0.053360
0 0.181692 0.262679 0.041464 0.038443
0 0.173753 0.837051 0.107691 0.090588
0 0.317093 0.063060 0.043524 0.040274
0 0.896506 0.021285 0.065467 0.042121
0 0.950584 0.253424 0.097467 0.327513
0 0.400777 0.269194 0.032808 0.031229
0 0.406058 0.982238 0.076517 0.035523
0 0.285585 0.545318 0.048386 0.043573
0 0.883342 0.147616 0.030573 0.028912
0 0.614325 0.903986 0.082088 0.076775
0 0.419769 0.046543 0.081454 0.073051
0 0.218973 0.049245 0.049318 0.043838
0 0.035874 0.424200 0.049039 0.041628
0 0.081508 0.985011 0.061995 0.029979
0 0.267572 0.450303 0.036468 0.031188
0 0.163832 0.757416 0.085718 0.076906
0 0.080925 0.451985 0.051359 0.042271
0 0.658425 0.410339 0.030408 0.028689
0 0.474063 0.238956 0.054040 0.050257
0 0.843282 0.915193 0.028350 0.027818
0 0.978949 0.872988 0.036607 0.037165
0 0.454832 0.722396 0.078162 0.067455
0 0.356978 0.543143 0.030328 0.027334
0 0.181115 0.979507 0.083691 0.040987
0 0.208960 0.204743 0.034499 0.031318
0 0.548213 0.939460 0.061102 0.053703
0 0.451332 0.515242 0.040339 0.037571
0 0.780778 0.234577 0.029426 0.028558
0 0.570996 0.592966 0.030663 0.029302
0 0.098792 0.345224 0.067774 0.061502
0 0.738112 0.753104 0.040006 0.037873
0 0.900648 0.796914 0.029515 0.029001
0 0.057602 0.277013 0.035954 0.031838
0 0.655770 0.369303 0.038098 0.037206
0 0.912385 0.523613 0.049257 0.045931
0 0.013533 0.077508 0.027065 0.026799