0 0.705423 0.064380 0.055212 0.054331
0 0.832973 0.345652 0.050494 0.047389
0 0.872327 0.511473 0.044558 0.041657
0 0.540065 0.319141 0.036273 0.034718
0 0.560814 0.248313 0.033482 0.032316
0 0.780632 0.233725 0.030161 0.029124
0 0.894061 0.570926 0.036239 0.034466
0 0.801917 0.624933 0.029910 0.027903
0 0.887156 0.042411 0.035795 0.034771
0 0.338430 0.387074 0.027439 0.026161
0 0.515394 0.587130 0.037724 0.035563
0 0.792563 0.330223 0.033240 0.031804
0 0.643305 0.075077 0.028450 0.027136
0 0.892363 0.404329 0.030936 0.029270
0 0.867277 0.219893 0.027932 0.026753
0 0.175942 0.104883 0.056817 0.053579
0 0.889936 0.381032 0.029141 0.028646
0 0.967224 0.418908 0.029583 0.027982
0 0.626873 0.899754 0.030901 0.028443
0 0.357691 0.480936 0.024802 0.024298
0 0.871602 0.546467 0.029030 0.026946
0 0.873384 0.438104 0.029017 0.027987
0 0.656858 0.889228 0.037781 0.035187
0 0.916273 0.006616 0.055453 0.013169
0 0.991104 0.389286 0.017791 0.052213
0 0.987924 0.100282 0.024152 0.028747
0 0.623297 0.721470 0.026078 0.024650
0 0.577262 0.419684 0.028755 0.028888
0 0.947929 0.578256 0.028831 0.027476
0 0.652098 0.866847 0.034765 0.032053
0 0.994299 0.265598 0.011402 0.057869
0 0.873486 0.255038 0.039777 0.036554
0 0.061682 0.380492 0.029116 0.028314
0 0.886965 0.306192 0.051022 0.049511
0 0.971863 0.625570 0.027051 0.025450
0 0.961013 0.663943 0.027100 0.025685
0 0.689757 0.828003 0.024830 0.024390
0 0.934112 0.629351 0.046874 0.045682
0 0.984484 0.483982 0.029387 0.029138
0 0.609331 0.008089 0.051111 0.016178
0 0.035326 0.407271 0.027786 0.025418
0 0.767310 0.716025 0.033930 0.030719
0 0.542983 0.374886 0.023156 0.022355
0 0.966275 0.073920 0.044782 0.043250
0 0.008051 0.210749 0.016102 0.043871
0 0.597285 0.318913 0.023549 0.022688
0 0.086032 0.070677 0.039301 0.037567
0 0.882168 0.309415 0.042162 0.039816
0 0.772895 0.964163 0.065070 0.058141
0 0.362091 0.709397 0.024124 0.024123
0 0.623598 0.267292 0.068508 0.066569