0 0.724277 0.141476 0.037597 0.036824
0 0.272628 0.493947 0.029857 0.029161
0 0.256364 0.396865 0.093545 0.093276
0 0.153115 0.100982 0.060398 0.056441
0 0.471272 0.412419 0.062328 0.059893
0 0.747624 0.484693 0.036167 0.035196
0 0.385013 0.327154 0.100083 0.100175
0 0.913517 0.486874 0.143350 0.139457
0 0.514961 0.266857 0.072118 0.067096
0 0.899763 0.534243 0.042142 0.038147
0 0.316953 0.160912 0.060780 0.058352
0 0.663554 0.317837 0.100874 0.096102
0 0.395413 0.308122 0.046946 0.045879
0 0.205193 0.107371 0.039816 0.040618
0 0.518519 0.188712 0.154278 0.144110
0 0.410762 0.067037 0.067584 0.065474
0 0.045632 0.204016 0.052938 0.054473
0 0.295961 0.594224 0.037505 0.036247
0 0.209419 0.555657 0.118516 0.108442
0 0.816612 0.396493 0.034668 0.032860
0 0.210760 0.725487 0.040751 0.038858
0 0.251537 0.359821 0.031834 0.031411
0 0.955805 0.660397 0.044913 0.044681