0 0.068603 0.018024 0.043691 0.034788
0 0.505277 0.510825 0.074088 0.053111
0 0.628906 0.388839 0.045845 0.033003
0 0.864788 0.865598 0.048483 0.036271
0 0.310662 0.443942 0.037703 0.029223
0 0.899556 0.889044 0.038273 0.029622
0 0.158745 0.269533 0.036715 0.027922
0 0.368510 0.256648 0.118701 0.093695
0 0.818418 0.051009 0.038334 0.030710
0 0.513334 0.965805 0.090320 0.068389
0 0.222237 0.050263 0.105004 0.094045
0 0.241026 0.986643 0.035553 0.026559
0 0.771392 0.346862 0.034499 0.027687
0 0.872184 0.155925 0.107095 0.079860
0 0.479266 0.019292 0.063446 0.037478
0 0.656283 0.004602 0.043149 0.009087
0 0.889950 0.013706 0.036379 0.026937
0 0.833356 0.218649 0.088308 0.066140
0 0.864485 0.774210 0.050538 0.036585
0 0.467744 0.243312 0.052030 0.039865
0 0.698610 0.311378 0.081929 0.064331
0 0.789775 0.032786 0.038426 0.032724
0 0.139123 0.829631 0.158173 0.143125