0 0.727079 0.301168 0.046467 0.038519
0 0.615631 0.887475 0.084116 0.068462
0 0.031732 0.384321 0.054725 0.044639
0 0.779023 0.575635 0.067658 0.059867
0 0.165988 0.022648 0.067437 0.045221
0 0.570689 0.613115 0.067729 0.054647
0 0.666193 0.436723 0.085213 0.068435
0 0.262969 0.082197 0.056385 0.040927
0 0.111843 0.498868 0.066349 0.056700
0 0.655617 0.364102 0.046552 0.038824
0 0.298180 0.849047 0.041903 0.033584
0 0.542838 0.975657 0.077634 0.048513
0 0.478428 0.981252 0.061169 0.037472
0 0.261050 0.661893 0.050356 0.038669
0 0.191806 0.846685 0.044893 0.033494
0 0.199139 0.226003 0.051469 0.042438
0 0.317458 0.604353 0.063433 0.049243
0 0.803367 0.944667 0.072315 0.062981
0 0.105087 0.064138 0.079661 0.065964
0 0.369981 0.412012 0.041580 0.030670
0 0.429521 0.173619 0.052057 0.043557
0 0.379280 0.582376 0.039476 0.031312
0 0.110843 0.917674 0.041249 0.029453
0 0.377229 0.268792 0.087935 0.071114
0 0.144774 0.192717 0.085247 0.066435
0 0.006763 0.416505 0.013361 0.037393
0 0.123049 0.157323 0.045774 0.032595
0 0.246215 0.209111 0.053826 0.037361
0 0.571680 0.938657 0.066737 0.054386
0 0.211810 0.168703 0.041864 0.034279
0 0.490097 0.738440 0.053491 0.043900
0 0.061769 0.722877 0.066530 0.050539
0 0.259706 0.600624 0.046798 0.039695
0 0.485802 0.801606 0.046015 0.036817
0 0.125538 0.952389 0.084463 0.066512
0 0.640633 0.637744 0.059995 0.048878
0 0.557841 0.984430 0.085868 0.030726
0 0.011446 0.852365 0.022893 0.055383
0 0.464664 0.290529 0.049752 0.037784
0 0.536134 0.110878 0.035971 0.031735
0 0.970457 0.962166 0.058831 0.075564
0 0.448414 0.660721 0.075828 0.063504
0 0.191532 0.076541 0.036848 0.030022
0 0.644072 0.013828 0.062257 0.027556
0 0.440179 0.355214 0.049386 0.039403
0 0.193082 0.593538 0.060698 0.049072
0 0.651070 0.092996 0.041216 0.033968
0 0.254889 0.657148 0.062523 0.041717
0 0.363708 0.196953 0.039576 0.031991
0 0.541534 0.248943 0.072434 0.053410
0 0.243422 0.649564 0.061438 0.045842
0 0.420434 0.300003 0.043236 0.033990
0 0.525764 0.770592 0.041649 0.034328
0 0.927519 0.950399 0.050268 0.043196
0 0.455784 0.649030 0.054965 0.040747
0 0.433857 0.722963 0.055164 0.039105
0 0.552090 0.661170 0.049866 0.039529
0 0.652451 0.126584 0.039848 0.034499