0 0.209988 0.958421 0.060061 0.058812
0 0.373946 0.707082 0.052293 0.050481
0 0.851656 0.296953 0.039594 0.038860
0 0.206001 0.900526 0.043721 0.044069
0 0.883541 0.327678 0.069360 0.069631
0 0.108485 0.821468 0.051923 0.050868
0 0.073540 0.733458 0.050552 0.049835
0 0.822787 0.626993 0.041317 0.040164
0 0.619295 0.981872 0.033424 0.032955
0 0.622072 0.308479 0.034572 0.034875
0 0.628084 0.065247 0.029417 0.028461
0 0.831003 0.530529 0.031640 0.031574
0 0.588231 0.410105 0.031342 0.031234
0 0.577241 0.690976 0.034654 0.036010
0 0.672845 0.419038 0.031903 0.031974
0 0.990253 0.099649 0.019449 0.040874
0 0.116129 0.148490 0.231925 0.293449
0 0.902168 0.265432 0.027122 0.026700
0 0.368058 0.615552 0.029747 0.030194
0 0.642718 0.415506 0.033706 0.033328
0 0.581272 0.449272 0.038394 0.038368
0 0.684069 0.340540 0.068353 0.067392
0 0.411350 0.677565 0.027836 0.028025
0 0.509775 0.392145 0.034172 0.033285
0 0.095566 0.769069 0.060283 0.062043
0 0.821091 0.327747 0.050851 0.050883
0 0.779860 0.236534 0.027156 0.026699
0 0.549399 0.446699 0.032466 0.031481
0 0.323835 0.787240 0.029186 0.028880
0 0.244653 0.541626 0.038701 0.038492
0 0.891369 0.934261 0.028484 0.028062
0 0.393505 0.518727 0.030642 0.029693
0 0.844261 0.081589 0.116754 0.113850
0 0.989726 0.171960 0.020524 0.042000
0 0.602269 0.328835 0.026760 0.026842
0 0.819681 0.246530 0.349824 0.428673
0 0.982830 0.574969 0.033160 0.034877
0 0.342172 0.486863 0.034494 0.035980
0 0.973658 0.152451 0.022189 0.022790
0 0.953990 0.100756 0.022146 0.022156
0 0.012480 0.841142 0.024960 0.055020
0 0.485252 0.465602 0.029652 0.030725
0 0.460787 0.608288 0.027182 0.026972
0 0.743641 0.067304 0.064675 0.066276
0 0.241174 0.833414 0.026300 0.025575
0 0.058931 0.564086 0.027469 0.027024
0 0.905053 0.241649 0.025940 0.025473
0 0.091494 0.776336 0.070808 0.071980
0 0.938360 0.053532 0.123280 0.107065
0 0.894648 0.685002 0.028805 0.028371
0 0.168786 0.724618 0.034384 0.034996
0 0.599593 0.871723 0.104317 0.105470