0 0.216171 0.809763 0.199986 0.201063
0 0.919598 0.306300 0.160803 0.198803
0 0.517043 0.074076 0.062942 0.062277
0 0.255944 0.670019 0.067466 0.064998
0 0.489731 0.432263 0.057980 0.057990
0 0.349916 0.046536 0.054036 0.053645
0 0.298570 0.451567 0.107135 0.103701
0 0.298936 0.146824 0.108417 0.106520
0 0.865369 0.837567 0.041608 0.041992
0 0.819128 0.456705 0.053046 0.053089
0 0.621308 0.496089 0.036220 0.035937
0 0.162674 0.365087 0.159767 0.153008
0 0.627190 0.960157 0.163630 0.079117
0 0.426208 0.180480 0.035636 0.035064
0 0.504430 0.571603 0.172499 0.172754
0 0.215340 0.505192 0.033476 0.031915
0 0.372993 0.348004 0.093496 0.090807
0 0.241336 0.260319 0.203308 0.193773
0 0.331425 0.084740 0.041849 0.041398
0 0.187072 0.193260 0.038120 0.036822
0 0.881023 0.981876 0.045547 0.036248
0 0.666644 0.251976 0.043468 0.042533
0 0.062267 0.125181 0.040524 0.040155
0 0.530310 0.555242 0.032208 0.030827
0 0.900699 0.487897 0.134701 0.136436
0 0.776934 0.988842 0.038852 0.022317
0 0.425078 0.739352 0.028845 0.028916
0 0.364179 0.282790 0.057919 0.059044
0 0.389739 0.714362 0.106750 0.106293
0 0.107771 0.830204 0.126805 0.119666
0 0.286400 0.505724 0.029524 0.028555
0 0.914119 0.856714 0.024347 0.024144
0 0.947742 0.538125 0.104173 0.193469
0 0.602601 0.115601 0.042497 0.041074
0 0.821271 0.195508 0.174086 0.170837
0 0.550964 0.113278 0.047421 0.044874
0 0.856787 0.133381 0.029712 0.029185
0 0.429366 0.291887 0.027318 0.027345
0 0.363822 0.274795 0.052343 0.050545
0 0.945713 0.173570 0.056905 0.055686
0 0.319542 0.209781 0.027906 0.026984
0 0.180685 0.023015 0.027872 0.026831
0 0.945867 0.512348 0.105288 0.296289
0 0.829692 0.520655 0.028738 0.027547
0 0.768512 0.774373 0.060106 0.056587
0 0.562311 0.391105 0.123213 0.126054
0 0.856662 0.808590 0.023489 0.022520
0 0.469169 0.009790 0.028789 0.019481
0 0.121365 0.894389 0.063400 0.059549
0 0.092400 0.908887 0.181997 0.182227
0 0.463842 0.310736 0.109666 0.109308
0 0.021728 0.208594 0.041972 0.044620
0 0.342510 0.603855 0.034089 0.034432