0 0.170539 0.362062 0.191334 0.185497
0 0.919468 0.350734 0.061592 0.056410
0 0.079952 0.671616 0.072835 0.065935
0 0.082206 0.571902 0.090955 0.083735
0 0.643815 0.420929 0.076063 0.071286
0 0.480047 0.583435 0.062125 0.058647
0 0.445853 0.861171 0.049086 0.046659
0 0.110387 0.719263 0.058474 0.053003
0 0.792661 0.134685 0.107425 0.095693
0 0.252521 0.437319 0.039923 0.037820
0 0.071778 0.313788 0.037771 0.037236
0 0.932757 0.450327 0.047877 0.047371
0 0.166347 0.211108 0.050981 0.049345
0 0.781778 0.837021 0.147042 0.143788
0 0.188901 0.158588 0.030978 0.030467
0 0.075410 0.085052 0.107495 0.103208
0 0.237024 0.497660 0.031534 0.030440
0 0.951181 0.315102 0.055533 0.051962
0 0.655757 0.985799 0.062092 0.028401
0 0.571492 0.520778 0.077924 0.074142
0 0.781458 0.652216 0.098800 0.097024
0 0.059527 0.287464 0.041339 0.041131
0 0.286891 0.299505 0.042179 0.038991
0 0.114768 0.772146 0.032344 0.030040
0 0.985938 0.181501 0.028124 0.044861
0 0.020440 0.773243 0.040880 0.048549
0 0.918135 0.753713 0.069521 0.066355
0 0.169028 0.026674 0.029520 0.028152
0 0.730854 0.193819 0.041640 0.039525
0 0.324643 0.832528 0.093567 0.084888
0 0.227324 0.127045 0.027324 0.025750
0 0.469251 0.808407 0.038482 0.036622
0 0.275118 0.095400 0.027872 0.026865
0 0.024805 0.202886 0.029158 0.029243
0 0.108807 0.290487 0.046383 0.044897
0 0.704816 0.124946 0.105457 0.095683
0 0.563996 0.317662 0.031141 0.029596
0 0.614573 0.923726 0.033598 0.033111
0 0.705335 0.017825 0.103150 0.035614
0 0.137167 0.825816 0.054545 0.048965
0 0.111598 0.190545 0.054444 0.052799
0 0.884249 0.653377 0.060104 0.057379
0 0.100713 0.831101 0.029334 0.028675
0 0.510070 0.209264 0.040133 0.036848
0 0.948315 0.952281 0.103326 0.095438
0 0.971340 0.783564 0.057085 0.067474
0 0.656865 0.085380 0.081933 0.077152
0 0.581269 0.218815 0.032369 0.030421
0 0.382715 0.338569 0.036190 0.034399
0 0.514169 0.761493 0.103113 0.096609
0 0.539867 0.580654 0.055396 0.051136
0 0.882064 0.517625 0.039243 0.037195
0 0.157427 0.705500 0.037113 0.035631
0 0.524822 0.840570 0.098084 0.092638
0 0.445448 0.464362 0.029682 0.028098
0 0.899296 0.932048 0.029539 0.029195
0 0.430399 0.582241 0.037726 0.035687
0 0.453654 0.635880 0.031944 0.031767
0 0.752178 0.029972 0.065925 0.058695
0 0.208904 0.877118 0.034955 0.032367
0 0.922665 0.861085 0.145834 0.132007
0 0.604377 0.889203 0.032101 0.030972
0 0.518532 0.635114 0.063049 0.060780
0 0.218916 0.102919 0.030304 0.028973
0 0.303676 0.230037 0.025451 0.024712
0 0.740769 0.982534 0.055073 0.034452
0 0.020067 0.038472 0.031586 0.029635
0 0.432305 0.114939 0.030318 0.027916
0 0.569544 0.473394 0.055221 0.049819
0 0.323384 0.403249 0.123199 0.122913
0 0.288976 0.038153 0.033070 0.032077
0 0.353276 0.412552 0.045123 0.043177
0 0.670298 0.494749 0.034632 0.030600
0 0.274382 0.855857 0.032326 0.030504
0 0.453575 0.004917 0.046565 0.009833
0 0.952354 0.487551 0.028301 0.028024
0 0.354622 0.019592 0.163814 0.039183
0 0.815639 0.714948 0.039706 0.037909
0 0.813145 0.814241 0.082677 0.088313
0 0.509118 0.964166 0.035469 0.033398