0 0.839680 0.275648 0.137964 0.106190
0 0.586753 0.140759 0.070072 0.055426
0 0.809057 0.405418 0.056081 0.041488
0 0.523219 0.550532 0.068608 0.053181
0 0.075656 0.683220 0.031517 0.024676
0 0.493018 0.078884 0.090605 0.068663
0 0.595632 0.463214 0.034660 0.028580
0 0.624487 0.087610 0.029475 0.024534
0 0.498809 0.093445 0.118055 0.092725
0 0.602367 0.611823 0.057997 0.046290
0 0.366891 0.305689 0.033964 0.028684
0 0.505159 0.633624 0.064704 0.050737
0 0.643358 0.063521 0.047620 0.036220
0 0.376022 0.458315 0.108831 0.092402
0 0.677291 0.590595 0.032607 0.028166
0 0.862211 0.642528 0.028438 0.025105
0 0.506413 0.720337 0.076152 0.063045
0 0.649934 0.544119 0.029541 0.023217
0 0.493940 0.362613 0.036840 0.032429
0 0.697031 0.339701 0.043543 0.032217
0 0.552238 0.262906 0.102555 0.073946
0 0.851826 0.589904 0.029128 0.026839
0 0.330771 0.924478 0.027979 0.024374
0 0.407854 0.323581 0.056536 0.046212
0 0.517902 0.978696 0.110658 0.042607
0 0.744438 0.824157 0.030045 0.026347
0 0.616841 0.986906 0.102996 0.026188
0 0.503715 0.677378 0.058894 0.048608
0 0.734930 0.728869 0.216808 0.179141