0 0.341317 0.451288 0.068557 0.068719
0 0.081262 0.072427 0.059342 0.056882
0 0.305262 0.228535 0.067844 0.066598
0 0.212881 0.057726 0.075124 0.072216
0 0.517874 0.812147 0.034857 0.034955
0 0.389113 0.946923 0.051584 0.052603
0 0.507476 0.890429 0.036515 0.035168
0 0.770525 0.525220 0.033946 0.033422
0 0.437863 0.742095 0.044910 0.043234
0 0.221868 0.662640 0.034429 0.032754
0 0.546874 0.923361 0.058301 0.059823
0 0.555650 0.740335 0.034150 0.033951
0 0.463605 0.922005 0.029454 0.029481
0 0.839232 0.356693 0.048683 0.048412
0 0.219088 0.214348 0.124928 0.119214
0 0.013791 0.421611 0.027582 0.031205
0 0.245908 0.759429 0.084999 0.084162
0 0.441698 0.211335 0.049677 0.049058
0 0.439096 0.979716 0.108125 0.040568
0 0.091012 0.653857 0.151195 0.138044
0 0.282391 0.092303 0.028192 0.027260
0 0.463461 0.166056 0.031785 0.031297
0 0.640031 0.072748 0.039830 0.040107
0 0.347157 0.156578 0.092950 0.095257
0 0.563760 0.577464 0.081517 0.082845
0 0.216017 0.182637 0.037053 0.037902
0 0.426724 0.654212 0.026286 0.025958
0 0.290318 0.165917 0.040408 0.040715
0 0.554698 0.174657 0.038287 0.040069
0 0.215128 0.014338 0.100607 0.028476
0 0.124578 0.313732 0.029688 0.028996
0 0.324559 0.802954 0.097957 0.096482
0 0.211443 0.551444 0.028187 0.027412
0 0.105687 0.837036 0.071745 0.070482
0 0.368344 0.867930 0.024930 0.023923
0 0.678741 0.991837 0.028938 0.016326
0 0.914881 0.952531 0.027515 0.026950
0 0.424380 0.527408 0.046929 0.046163
0 0.155413 0.014540 0.044117 0.028998
0 0.242144 0.546053 0.035496 0.035699
0 0.110353 0.733427 0.112222 0.110101
0 0.381490 0.237800 0.028017 0.028463
0 0.578046 0.559508 0.041987 0.042888
0 0.336480 0.149558 0.115811 0.109618
0 0.618710 0.929272 0.025202 0.024727
0 0.662135 0.694874 0.076109 0.076556
0 0.689543 0.118032 0.030300 0.029453
0 0.360519 0.117815 0.027589 0.027764
0 0.109104 0.896651 0.059811 0.057809
0 0.485672 0.545961 0.041026 0.042036
0 0.487178 0.536668 0.039971 0.040038
0 0.282058 0.419526 0.027656 0.027105
0 0.823120 0.021795 0.133556 0.043488
0 0.809700 0.701883 0.068763 0.070127
0 0.410131 0.018774 0.134116 0.037226
0 0.020671 0.791020 0.041341 0.065359
0 0.423609 0.578785 0.027632 0.027627
0 0.182717 0.348654 0.053533 0.052077
0 0.226467 0.009746 0.075351 0.019492
0 0.237330 0.009053 0.053634 0.018106
0 0.488092 0.531120 0.036392 0.034093
0 0.379199 0.431538 0.026126 0.026632
0 0.823060 0.453850 0.353879 0.542677
0 0.373145 0.010534 0.052587 0.020895