0 0.140806 0.778873 0.053462 0.052068
0 0.849992 0.584206 0.086246 0.084361
0 0.349097 0.123500 0.064192 0.063315
0 0.412549 0.089114 0.036700 0.036841
0 0.803126 0.932512 0.044376 0.042219
0 0.417162 0.421217 0.037275 0.036969
0 0.464419 0.176646 0.048435 0.048705
0 0.943087 0.324199 0.041943 0.043208
0 0.298147 0.512987 0.034603 0.034127
0 0.029541 0.198333 0.054698 0.052608
0 0.480906 0.817860 0.033191 0.031888
0 0.216305 0.257392 0.036980 0.036647
0 0.375960 0.842690 0.030714 0.030486
0 0.072903 0.797861 0.042802 0.041331
0 0.426346 0.804475 0.034230 0.033195
0 0.555368 0.545003 0.029844 0.029745
0 0.763375 0.252027 0.030695 0.030531
0 0.206701 0.883424 0.031164 0.030006
0 0.304054 0.080462 0.030282 0.029410
0 0.053055 0.583516 0.031402 0.030836
0 0.869291 0.018726 0.028814 0.029857
0 0.201006 0.570599 0.027339 0.026742
0 0.660255 0.211581 0.031839 0.031203
0 0.393986 0.274810 0.031658 0.030199
0 0.225979 0.784304 0.030304 0.029861
0 0.021382 0.249131 0.037355 0.036394
0 0.203525 0.018525 0.043091 0.037050
0 0.643661 0.009954 0.027781 0.019378
0 0.391318 0.403140 0.028874 0.029042
0 0.151149 0.860964 0.032688 0.032022
0 0.281898 0.675608 0.030559 0.029319
0 0.283990 0.257876 0.045261 0.044257
0 0.749831 0.131577 0.026116 0.025604
0 0.228641 0.657476 0.027381 0.026113
0 0.602619 0.043538 0.025707 0.025076
0 0.301350 0.014883 0.040605 0.029765
0 0.547061 0.266073 0.060860 0.059464
0 0.333323 0.111998 0.215708 0.221433
0 0.013252 0.103863 0.026288 0.040147
0 0.559366 0.033232 0.026217 0.026235
0 0.157012 0.929361 0.040387 0.037946
0 0.290086 0.868756 0.028549 0.027719
0 0.486962 0.606348 0.025704 0.025428
0 0.370407 0.205221 0.036293 0.036877
0 0.191241 0.646592 0.026031 0.025461
0 0.321810 0.270577 0.035703 0.035723
0 0.544520 0.960009 0.025731 0.025601
0 0.472654 0.076157 0.067688 0.067344
0 0.553697 0.221675 0.055739 0.053768
0 0.091631 0.006953 0.043787 0.013605
0 0.934690 0.696852 0.025541 0.026542
0 0.210084 0.059910 0.035546 0.036035
0 0.182708 0.220460 0.028010 0.028607
0 0.127351 0.552503 0.024738 0.024142
0 0.492354 0.938447 0.025044 0.023958
0 0.359607 0.261842 0.036339 0.035615
0 0.590236 0.396511 0.027818 0.027988
0 0.514198 0.181566 0.056241 0.056646
0 0.151482 0.907773 0.028745 0.026237
0 0.076382 0.773672 0.026656 0.026153
0 0.134880 0.708550 0.025718 0.025217
0 0.109386 0.806199 0.029049 0.028151
0 0.167188 0.516602 0.025343 0.024901
0 0.795827 0.056657 0.024130 0.023459
0 0.977310 0.211473 0.024854 0.024660
0 0.149432 0.686997 0.026441 0.025811
0 0.019732 0.705601 0.026204 0.026136
0 0.297799 0.195143 0.041212 0.040109
0 0.955285 0.151442 0.024747 0.025256
0 0.429626 0.285842 0.040864 0.041843
0 0.155620 0.921068 0.037906 0.044085