0 0.332245 0.285587 0.070456 0.054154
0 0.699339 0.527755 0.072150 0.053729
0 0.074352 0.542398 0.146712 0.133808
0 0.090297 0.680544 0.065425 0.053544
0 0.707661 0.184999 0.048418 0.038004
0 0.620176 0.840298 0.038528 0.034206
0 0.347356 0.483970 0.131784 0.109425
0 0.121198 0.406852 0.089938 0.069131
0 0.446829 0.983193 0.035854 0.029475
0 0.028114 0.157866 0.049035 0.039571
0 0.756532 0.974846 0.216418 0.050309
0 0.553952 0.457858 0.166112 0.135164
0 0.176110 0.760023 0.097755 0.087331
0 0.174004 0.453930 0.077511 0.063996
0 0.013778 0.666883 0.025973 0.031284
0 0.139749 0.603930 0.034395 0.029403
0 0.900261 0.190251 0.198882 0.380502
0 0.511484 0.524755 0.049622 0.043955
0 0.364412 0.981144 0.083086 0.037712
0 0.903230 0.655175 0.109557 0.091325
0 0.610586 0.814164 0.201926 0.162018
0 0.647507 0.236946 0.034982 0.029170
0 0.798273 0.475028 0.123856 0.107111
0 0.932584 0.501224 0.132397 0.111745
0 0.262015 0.983054 0.040226 0.032733
0 0.893602 0.508449 0.034381 0.030239
0 0.113169 0.836323 0.028442 0.026731
0 0.196199 0.250024 0.043970 0.033887
0 0.518625 0.016118 0.128233 0.031951
0 0.599765 0.930563 0.166723 0.136968
0 0.946476 0.385091 0.039243 0.032681
0 0.857518 0.848919 0.280496 0.262734
0 0.166638 0.694786 0.078712 0.067004
0 0.249722 0.727112 0.090113 0.076825
0 0.216008 0.178867 0.336898 0.273880
0 0.506037 0.951291 0.033585 0.027452
0 0.115296 0.709568 0.037846 0.033448
0 0.415411 0.526530 0.034554 0.026020
0 0.084644 0.621340 0.059564 0.048433
0 0.518136 0.933773 0.030473 0.024943
0 0.307006 0.979246 0.047980 0.037437
0 0.632665 0.336226 0.033431 0.027908
0 0.128845 0.653383 0.033932 0.027606
0 0.511251 0.015882 0.091022 0.031529
0 0.443118 0.229068 0.031067 0.026445
0 0.719681 0.802329 0.028271 0.024444
0 0.205564 0.081875 0.315634 0.158699
0 0.748281 0.119552 0.032195 0.026013