0 0.162269 0.278871 0.052260 0.052703
0 0.057640 0.726049 0.066603 0.065355
0 0.166347 0.233454 0.041466 0.040136
0 0.451632 0.414681 0.040423 0.039745
0 0.034280 0.662632 0.043986 0.043505
0 0.949593 0.301267 0.032338 0.032167
0 0.793089 0.036822 0.044098 0.044417
0 0.660555 0.525902 0.044879 0.046491
0 0.016326 0.334624 0.032296 0.035246
0 0.018689 0.619140 0.037378 0.049070
0 0.258837 0.414899 0.040572 0.040594
0 0.438163 0.788352 0.037105 0.029578
0 0.523919 0.219247 0.030389 0.030632
0 0.624704 0.611755 0.031005 0.031201
0 0.734854 0.386222 0.043522 0.042629
0 0.353064 0.377620 0.031127 0.030711
0 0.438735 0.445726 0.028027 0.027222
0 0.266968 0.576328 0.089105 0.089470
0 0.244608 0.093538 0.029768 0.028539
0 0.608499 0.717750 0.031977 0.031040
0 0.785659 0.790739 0.030169 0.025863
0 0.636591 0.184889 0.036372 0.036839
0 0.115080 0.780858 0.057649 0.042678
0 0.011764 0.688741 0.023528 0.029659
0 0.641168 0.700446 0.038219 0.038308
0 0.727048 0.128328 0.026437 0.026824
0 0.148706 0.434000 0.093015 0.092325
0 0.877117 0.529151 0.132833 0.131639
0 0.885627 0.184240 0.037310 0.036854
0 0.632001 0.211594 0.071049 0.072191
0 0.455565 0.509639 0.066128 0.064196
0 0.354143 0.643640 0.102967 0.101952
0 0.686052 0.401249 0.029095 0.028831
0 0.818015 0.370547 0.024973 0.025056
0 0.431828 0.188976 0.026272 0.026560
0 0.116038 0.774541 0.066161 0.055503
0 0.079569 0.183340 0.061993 0.057304
0 0.196511 0.346672 0.039729 0.039732
0 0.644685 0.189037 0.052375 0.049088
0 0.788366 0.304300 0.025098 0.024548
0 0.978492 0.425097 0.043017 0.081692
0 0.985575 0.157506 0.023988 0.023682
0 0.974493 0.132701 0.025773 0.025757
0 0.395140 0.399911 0.069934 0.067694
0 0.928181 0.010866 0.055952 0.021568
0 0.073642 0.119311 0.074117 0.073062
0 0.427841 0.706218 0.025752 0.025525
0 0.823215 0.429471 0.082537 0.085812
0 0.207218 0.620996 0.061440 0.061887
0 0.992953 0.119462 0.014095 0.024643
0 0.577861 0.009214 0.026032 0.018428
0 0.591849 0.437960 0.081169 0.080820