0 0.717129 0.194887 0.064820 0.063405
0 0.542411 0.253985 0.046135 0.044851
0 0.973127 0.722719 0.040014 0.038981
0 0.105055 0.499324 0.039924 0.039361
0 0.196537 0.758788 0.036889 0.036188
0 0.845540 0.744334 0.039525 0.039025
0 0.051276 0.392636 0.031087 0.030405
0 0.033675 0.360049 0.038542 0.037983
0 0.684752 0.151329 0.034129 0.033617
0 0.429372 0.413789 0.038058 0.036530
0 0.686684 0.016710 0.052482 0.032966
0 0.659330 0.900455 0.033170 0.031391
0 0.394293 0.408082 0.042120 0.041852
0 0.820293 0.704150 0.057418 0.056772
0 0.727233 0.866385 0.047318 0.045097
0 0.053832 0.419045 0.027782 0.027275
0 0.116751 0.076430 0.029488 0.028801
0 0.463980 0.419089 0.033201 0.033381
0 0.363262 0.031605 0.054957 0.050887
0 0.404386 0.813489 0.028969 0.028313
0 0.820801 0.118828 0.116025 0.113344
0 0.295257 0.176366 0.044696 0.043335
0 0.308850 0.927198 0.042489 0.040424
0 0.252518 0.473911 0.113483 0.112329
0 0.319989 0.234567 0.081113 0.078822
0 0.197024 0.615821 0.034645 0.035855
0 0.297534 0.790793 0.047456 0.047473
0 0.270083 0.189442 0.431521 0.378884
0 0.564923 0.103368 0.033155 0.032804
0 0.652860 0.696360 0.150723 0.147421
0 0.248669 0.356530 0.028049 0.027560
0 0.298424 0.136418 0.042827 0.039774
0 0.735927 0.268577 0.079497 0.077987
0 0.642326 0.480768 0.051841 0.051027
0 0.290583 0.695154 0.038873 0.038064
0 0.522472 0.888413 0.027199 0.026615
0 0.797098 0.643279 0.040054 0.038299
0 0.678768 0.058691 0.064070 0.065704
0 0.701291 0.353411 0.027486 0.027344
0 0.452096 0.313896 0.059347 0.059535
0 0.253788 0.975117 0.068852 0.049397
0 0.218557 0.012275 0.041420 0.024550
0 0.255369 0.554429 0.047044 0.046274
0 0.222880 0.087491 0.051348 0.047439
0 0.943755 0.282090 0.039820 0.039470
0 0.293680 0.956915 0.024943 0.025667
0 0.950216 0.032003 0.051457 0.051863
0 0.636681 0.033406 0.028652 0.028086