0 0.443676 0.528894 0.035053 0.034476
0 0.941611 0.917935 0.028668 0.028235
0 0.202343 0.119296 0.027468 0.026553
0 0.213863 0.614428 0.051817 0.049558
0 0.203059 0.569317 0.048728 0.048681
0 0.338665 0.537662 0.062927 0.061408
0 0.911378 0.436536 0.029156 0.028204
0 0.485529 0.489767 0.044383 0.042743
0 0.774360 0.103809 0.042160 0.041366
0 0.756077 0.051645 0.091338 0.091065
0 0.255761 0.591041 0.060090 0.056218
0 0.044214 0.543939 0.065934 0.063486
0 0.433667 0.212370 0.023152 0.022502
0 0.030802 0.497809 0.046819 0.046571
0 0.935124 0.947838 0.025039 0.023664
0 0.494941 0.330394 0.024941 0.024107
0 0.750822 0.174784 0.032096 0.031229