0 0.490695 0.885307 0.376934 0.229386
0 0.400742 0.522360 0.077181 0.059888
0 0.902351 0.141790 0.042418 0.033415
0 0.823550 0.066997 0.219335 0.131605
0 0.181956 0.083823 0.359939 0.167353
0 0.355653 0.351332 0.060148 0.049289
0 0.155294 0.940227 0.083180 0.060197
0 0.778754 0.745178 0.039900 0.032796
0 0.956514 0.007729 0.046037 0.015457
0 0.064040 0.172765 0.046588 0.036687
0 0.018439 0.454733 0.035402 0.032704
0 0.231930 0.922845 0.086879 0.061476
0 0.017170 0.481684 0.034340 0.033079
0 0.047609 0.931903 0.031286 0.027585
0 0.755569 0.494141 0.050899 0.040774
0 0.974550 0.875814 0.050605 0.046144
0 0.774833 0.579103 0.093002 0.070472
0 0.151130 0.983619 0.086596 0.031934
0 0.496400 0.680724 0.167183 0.132528
0 0.632033 0.442637 0.126106 0.102773
0 0.761654 0.342403 0.032309 0.027901
0 0.022542 0.166857 0.040143 0.034899
0 0.460758 0.018855 0.031130 0.026658
0 0.649006 0.183895 0.247211 0.207540