0 0.299550 0.415187 0.220239 0.193710
0 0.857464 0.749387 0.186830 0.164783
0 0.747383 0.362476 0.054501 0.046823
0 0.660075 0.693740 0.053733 0.041890
0 0.947653 0.421767 0.049215 0.041370
0 0.317180 0.379707 0.039637 0.034573
0 0.894331 0.605900 0.041312 0.033897
0 0.826470 0.146796 0.049177 0.041545
0 0.847115 0.398993 0.043630 0.034998
0 0.633151 0.542987 0.036922 0.029452
0 0.887671 0.156216 0.047392 0.043637
0 0.805561 0.547867 0.037450 0.030777
0 0.888669 0.472950 0.037628 0.030994
0 0.444586 0.855601 0.507704 0.285697
0 0.736999 0.836184 0.036261 0.028992
0 0.777960 0.075016 0.038423 0.032248
0 0.830126 0.530105 0.033103 0.028816
0 0.327937 0.521572 0.041720 0.032842
0 0.647370 0.066109 0.232223 0.126934
0 0.769672 0.599690 0.036026 0.029971
0 0.925649 0.127334 0.045248 0.042445
0 0.371786 0.405541 0.030827 0.025536
0 0.861044 0.544869 0.034539 0.027806
0 0.985596 0.189191 0.027498 0.029230
0 0.348775 0.390013 0.028152 0.025278
0 0.716774 0.465856 0.035721 0.029189
0 0.856315 0.018457 0.058356 0.036711
0 0.692957 0.989491 0.063290 0.020207
0 0.277510 0.377322 0.032462 0.028774
0 0.161941 0.871696 0.063296 0.059083
0 0.993287 0.702508 0.013425 0.032847
0 0.240058 0.406847 0.029157 0.027645
0 0.860607 0.364929 0.032568 0.029135
0 0.986498 0.660215 0.027005 0.030499
0 0.786490 0.399999 0.029720 0.026786
0 0.976290 0.399370 0.030988 0.028203
0 0.863201 0.016552 0.047985 0.032517
0 0.746665 0.405842 0.050897 0.047248
0 0.906544 0.643348 0.038095 0.029656
0 0.835649 0.767599 0.028211 0.025332
0 0.690350 0.986888 0.077063 0.026050
0 0.534076 0.975239 0.028483 0.023242
0 0.159499 0.986091 0.092928 0.027817
0 0.890117 0.359775 0.036180 0.030503