0 0.061070 0.089240 0.032568 0.032672
0 0.257126 0.191616 0.027979 0.027708
0 0.101424 0.297297 0.042122 0.041484
0 0.032014 0.116782 0.033718 0.033319
0 0.859237 0.367947 0.056517 0.052523
0 0.889178 0.200374 0.054586 0.049491
0 0.982791 0.182350 0.034418 0.038233
0 0.738741 0.595993 0.335700 0.293227
0 0.432151 0.114909 0.041512 0.039657
0 0.239599 0.248807 0.032419 0.031900
0 0.764360 0.919673 0.042927 0.038459
0 0.125460 0.575819 0.032460 0.031350
0 0.982812 0.661874 0.034115 0.033658
0 0.202609 0.491226 0.031868 0.031914
0 0.036460 0.749359 0.030011 0.029156
0 0.359454 0.282961 0.024944 0.025234
0 0.049490 0.973598 0.062553 0.052187
0 0.004178 0.323784 0.008300 0.021858
0 0.650767 0.701652 0.038789 0.036143
0 0.886970 0.853357 0.050301 0.046709
0 0.032258 0.350975 0.021275 0.021076
0 0.169034 0.149578 0.023541 0.023653
0 0.402547 0.458676 0.026950 0.027390
0 0.025923 0.308445 0.018750 0.018429
0 0.051813 0.575639 0.044602 0.044722
0 0.552454 0.917627 0.135110 0.129228
0 0.535342 0.596456 0.027826 0.027282
0 0.777253 0.875941 0.037367 0.033832
0 0.929148 0.969861 0.033575 0.030450
0 0.840082 0.127182 0.030610 0.029675
0 0.638037 0.959063 0.076394 0.072733
0 0.461160 0.319909 0.027642 0.027385
0 0.584072 0.838014 0.033373 0.031502
0 0.438545 0.887828 0.050132 0.047477