0 0.420081 0.592174 0.101101 0.098175
0 0.273419 0.493296 0.100706 0.098561
0 0.107486 0.293758 0.051141 0.049973
0 0.398438 0.752149 0.038109 0.035954
0 0.777313 0.927060 0.053810 0.048122
0 0.037026 0.134129 0.045769 0.042312
0 0.796732 0.637355 0.035735 0.033708
0 0.935007 0.124109 0.036286 0.034637
0 0.020163 0.299008 0.040326 0.059171
0 0.753310 0.014408 0.036238 0.028450
0 0.957872 0.140048 0.033433 0.032761
0 0.884662 0.860378 0.048179 0.044893
0 0.939154 0.754739 0.030752 0.029745
0 0.989689 0.304478 0.020578 0.041464
0 0.485980 0.873978 0.058415 0.053201
0 0.537729 0.603695 0.045579 0.043573
0 0.275828 0.227907 0.038058 0.036084
0 0.937972 0.885881 0.043909 0.038200
0 0.008637 0.728346 0.017274 0.066615
0 0.410364 0.197627 0.044955 0.042921
0 0.163064 0.730731 0.029682 0.029890
0 0.575915 0.478219 0.032559 0.031281
0 0.054456 0.387642 0.036514 0.036041
0 0.052818 0.792818 0.032194 0.032222
0 0.250781 0.637960 0.113562 0.117776
0 0.607530 0.906541 0.045035 0.040024
0 0.046652 0.007432 0.034138 0.014544
0 0.317655 0.591210 0.031039 0.029278
0 0.906833 0.729710 0.151018 0.138695
0 0.226299 0.428837 0.055237 0.050219
0 0.530356 0.072237 0.066754 0.065604
0 0.513311 0.804513 0.118634 0.107543
0 0.037949 0.026883 0.030753 0.028256
0 0.438485 0.939096 0.088354 0.082830
0 0.775431 0.291296 0.029872 0.028408
0 0.956929 0.828611 0.034820 0.034526
0 0.828184 0.554593 0.025636 0.025225
0 0.151497 0.489004 0.044489 0.041613
0 0.095672 0.951798 0.033152 0.032204
0 0.058705 0.502925 0.117410 0.155737
0 0.557060 0.181012 0.028418 0.027627
0 0.449832 0.156651 0.028810 0.028674
0 0.988290 0.487375 0.023420 0.036531
0 0.557315 0.548088 0.041479 0.041120
0 0.508628 0.007020 0.043743 0.013802
0 0.766789 0.792302 0.033825 0.031283
0 0.444009 0.887544 0.028503 0.025941
0 0.018648 0.892961 0.029685 0.029030
0 0.897846 0.551318 0.028386 0.027923
0 0.566300 0.088344 0.035040 0.033937
0 0.490335 0.049116 0.039498 0.038350
0 0.882513 0.398275 0.233453 0.459619
0 0.006934 0.936321 0.013817 0.031130
0 0.901488 0.178683 0.037308 0.035341
0 0.128313 0.022636 0.040652 0.040471
0 0.134646 0.720575 0.025003 0.024846
0 0.010684 0.422503 0.021151 0.035442
0 0.585223 0.147598 0.036930 0.034463
0 0.522743 0.731880 0.027592 0.027299