0 0.878059 0.253718 0.057541 0.055319
0 0.694107 0.572799 0.067575 0.063651
0 0.608951 0.900670 0.058022 0.054998
0 0.017874 0.815151 0.035749 0.041018
0 0.094955 0.372547 0.049104 0.046864
0 0.771928 0.314393 0.036863 0.035881
0 0.156334 0.030742 0.042564 0.039480
0 0.947006 0.206002 0.032753 0.031803
0 0.435125 0.703545 0.034502 0.034812
0 0.710128 0.508507 0.034015 0.032324
0 0.598643 0.344259 0.038079 0.036886
0 0.534595 0.049283 0.037790 0.037161
0 0.949177 0.151943 0.044477 0.041015
0 0.484404 0.027789 0.046721 0.043440
0 0.813177 0.230366 0.034716 0.032532
0 0.815990 0.761107 0.028431 0.028267
0 0.756482 0.967797 0.037084 0.033975
0 0.143209 0.160365 0.034259 0.032784
0 0.649639 0.859579 0.029188 0.027758
0 0.605205 0.855561 0.025314 0.024863
0 0.138786 0.287434 0.031449 0.030425
0 0.967546 0.744887 0.024328 0.023230
0 0.332769 0.148342 0.026948 0.026129
0 0.189542 0.232756 0.025664 0.024136
0 0.266772 0.793392 0.026853 0.026576
0 0.706720 0.913817 0.024028 0.023883
0 0.549065 0.918790 0.044240 0.042197
0 0.289355 0.743580 0.029614 0.028725
0 0.218619 0.343898 0.023820 0.023232
0 0.213398 0.217173 0.030277 0.029981
0 0.657169 0.840186 0.026261 0.025401
0 0.992141 0.703594 0.015717 0.023535
0 0.015901 0.522097 0.031802 0.067876
0 0.929781 0.496856 0.051623 0.050462
0 0.928229 0.344950 0.025684 0.024677
0 0.063037 0.244399 0.037552 0.034911
0 0.543081 0.711303 0.027553 0.026617
0 0.746543 0.987796 0.020351 0.020988
0 0.271952 0.435465 0.026871 0.025809
0 0.980982 0.774959 0.025233 0.024691
0 0.768798 0.233467 0.025187 0.024273
0 0.653466 0.317012 0.024503 0.024280
0 0.011894 0.510305 0.023402 0.044494
0 0.398320 0.981104 0.028158 0.026769
0 0.458498 0.063108 0.024167 0.023671