0 0.602018 0.684646 0.046717 0.045462
0 0.641155 0.040575 0.039290 0.037578
0 0.726281 0.749317 0.054192 0.049831
0 0.011940 0.290375 0.023879 0.046113
0 0.652606 0.459947 0.037419 0.035245
0 0.849401 0.295214 0.032260 0.030892
0 0.680312 0.677568 0.039060 0.037748
0 0.080864 0.379209 0.025316 0.025024
0 0.548841 0.731192 0.033781 0.033389
0 0.409506 0.344548 0.024850 0.024806
0 0.478357 0.878597 0.043565 0.042054
0 0.599887 0.025847 0.024615 0.023534
0 0.850900 0.925718 0.032764 0.033172
0 0.422914 0.331591 0.026045 0.024798
0 0.784432 0.754583 0.032570 0.032006
0 0.119912 0.438052 0.025366 0.024912
0 0.769489 0.347770 0.031313 0.030495