0 0.531913 0.511724 0.042132 0.042142
0 0.842335 0.637126 0.274489 0.260415
0 0.157540 0.450011 0.036435 0.036375
0 0.722212 0.417915 0.071520 0.072588
0 0.770851 0.958324 0.109392 0.083352
0 0.288679 0.770468 0.039802 0.039241
0 0.411188 0.034749 0.070596 0.067328
0 0.699753 0.164124 0.033908 0.034189
0 0.327573 0.357573 0.026048 0.025753
0 0.674134 0.910567 0.042878 0.041224
0 0.505587 0.944129 0.027598 0.026375
0 0.624760 0.839447 0.029305 0.029120
0 0.099726 0.918006 0.026217 0.025905
0 0.394155 0.355630 0.028516 0.027370
0 0.020497 0.263290 0.022781 0.023328
0 0.833786 0.025323 0.023876 0.023307
0 0.643493 0.684899 0.028913 0.028201
0 0.367127 0.348283 0.025381 0.024622
0 0.058196 0.287647 0.116198 0.164711
0 0.686787 0.051649 0.034633 0.034942
0 0.462313 0.903692 0.024527 0.024250
0 0.209572 0.120868 0.022787 0.022580
0 0.281988 0.683578 0.148888 0.146951