0 0.627587 0.765597 0.093404 0.071059
0 0.186363 0.442985 0.068635 0.058865
0 0.193772 0.195493 0.040954 0.032452
0 0.297779 0.923466 0.048412 0.037082
0 0.484980 0.838423 0.040180 0.029825
0 0.264332 0.764009 0.041941 0.033525
0 0.248946 0.988943 0.041969 0.022110
0 0.799264 0.435934 0.037832 0.028653
0 0.325180 0.774840 0.045358 0.036562
0 0.298227 0.855126 0.035739 0.029828
0 0.181323 0.556664 0.046322 0.037493
0 0.349744 0.809978 0.039010 0.028554
0 0.798921 0.394766 0.034662 0.027660
0 0.169028 0.593377 0.038322 0.031698
0 0.511366 0.026724 0.033812 0.027751
0 0.528988 0.639024 0.035615 0.028384
0 0.222081 0.662805 0.042151 0.032160
0 0.444073 0.934825 0.033570 0.025936
0 0.294348 0.678737 0.033789 0.026484
0 0.980472 0.111284 0.033889 0.029066
0 0.189518 0.520580 0.031751 0.029212
0 0.668188 0.673642 0.035538 0.028646
0 0.196813 0.620004 0.040136 0.034593
0 0.979431 0.566490 0.031161 0.024562
0 0.535504 0.778335 0.035597 0.026491
0 0.747069 0.346670 0.041534 0.033157
0 0.582213 0.470478 0.029338 0.023110
0 0.524812 0.054101 0.032718 0.026321
0 0.196206 0.651991 0.032540 0.026659
0 0.437848 0.827844 0.032424 0.024806
0 0.018840 0.250053 0.031411 0.024924
0 0.924686 0.089698 0.032145 0.026026
0 0.578130 0.391845 0.036173 0.026506