0 0.673668 0.650495 0.033401 0.032174
0 0.269753 0.059128 0.034588 0.034157
0 0.022601 0.459159 0.045202 0.108747
0 0.139951 0.451220 0.026592 0.026084
0 0.020623 0.871614 0.029302 0.029330
0 0.470423 0.929659 0.026714 0.026224
0 0.934484 0.665956 0.029317 0.026764
0 0.144939 0.875198 0.026956 0.025934
0 0.022658 0.806296 0.045317 0.059446
0 0.415203 0.083746 0.032688 0.031707
0 0.454625 0.082982 0.037717 0.035302
0 0.181206 0.022083 0.039255 0.038229
0 0.328840 0.129065 0.023512 0.023518
0 0.900064 0.985286 0.043693 0.029017
0 0.077276 0.790773 0.025609 0.024946
0 0.590775 0.254659 0.095561 0.091261
0 0.060572 0.907960 0.024112 0.023995
0 0.225790 0.131632 0.046372 0.045600