0 0.457500 0.663796 0.142103 0.138604
0 0.816467 0.153780 0.067022 0.064649
0 0.664636 0.422730 0.091340 0.090358
0 0.120774 0.142399 0.038694 0.037329
0 0.683415 0.290237 0.065548 0.064164
0 0.750982 0.363630 0.036427 0.035752
0 0.068840 0.172699 0.047645 0.047299
0 0.302223 0.560869 0.094976 0.093962
0 0.690247 0.350452 0.083792 0.083904
0 0.793509 0.601858 0.108500 0.104194
0 0.928047 0.911856 0.057302 0.054071
0 0.500344 0.953533 0.071359 0.067800
0 0.355246 0.365897 0.043955 0.044158
0 0.255300 0.679185 0.076938 0.076048
0 0.796032 0.943567 0.047853 0.046075
0 0.316957 0.979310 0.048834 0.041380
0 0.878258 0.171361 0.044315 0.041157
0 0.268499 0.600902 0.034710 0.033275
0 0.012394 0.431221 0.024076 0.029101
0 0.091395 0.987730 0.037495 0.024540
0 0.891777 0.507820 0.053097 0.049770
0 0.087173 0.380723 0.026987 0.026870
0 0.720713 0.404674 0.029765 0.029433
0 0.466182 0.786171 0.310418 0.256495
0 0.573074 0.422369 0.029230 0.028632
0 0.901558 0.986094 0.035561 0.027811
0 0.637770 0.934905 0.034910 0.032243
0 0.993302 0.359274 0.013395 0.050952
0 0.256580 0.621632 0.032504 0.030773
0 0.716770 0.174594 0.029493 0.028856
0 0.270695 0.454403 0.029719 0.027532
0 0.908429 0.598282 0.050260 0.049869
0 0.776182 0.540793 0.087531 0.081367
0 0.306514 0.218728 0.070341 0.070183
0 0.744999 0.855045 0.253240 0.253405
0 0.350997 0.735784 0.027717 0.026472
0 0.324763 0.385743 0.029750 0.029630
0 0.843981 0.808836 0.057101 0.056404
0 0.103153 0.538946 0.056105 0.057303
0 0.069338 0.454029 0.024931 0.024150
0 0.258498 0.535366 0.035008 0.033604
0 0.982688 0.385083 0.028083 0.028420
0 0.046349 0.965810 0.063646 0.061591
0 0.559990 0.341799 0.027030 0.026364
0 0.635332 0.487305 0.068441 0.068424
0 0.051686 0.960495 0.049810 0.048708
0 0.634615 0.619898 0.063314 0.057316
0 0.365289 0.629669 0.052225 0.052481
0 0.352600 0.281087 0.098862 0.095044
0 0.647725 0.665646 0.039953 0.037217
0 0.242168 0.655403 0.029282 0.030040
0 0.297002 0.379777 0.028112 0.029376
0 0.713677 0.554522 0.054511 0.053642
0 0.949987 0.468441 0.057271 0.056511
0 0.073385 0.351032 0.026959 0.026572
0 0.284954 0.312855 0.028129 0.026883
0 0.273088 0.372647 0.024178 0.023874
0 0.112240 0.629898 0.024012 0.023958