0 0.845305 0.107571 0.087240 0.084289
0 0.212169 0.466047 0.050900 0.051640
0 0.959285 0.735124 0.037195 0.036347
0 0.402471 0.742871 0.048596 0.048299
0 0.118385 0.278032 0.036657 0.035646
0 0.903335 0.149094 0.038542 0.039024
0 0.531455 0.668577 0.035356 0.034869
0 0.832884 0.613847 0.039637 0.039710
0 0.455313 0.143377 0.029799 0.029380
0 0.645358 0.119935 0.027627 0.027450
0 0.374035 0.797912 0.028704 0.028998
0 0.598350 0.189199 0.031834 0.030967
0 0.350760 0.905275 0.030365 0.031340
0 0.822716 0.570775 0.044126 0.044669
0 0.750346 0.345911 0.027172 0.027014
0 0.834806 0.401519 0.030675 0.031669
0 0.016300 0.305704 0.029162 0.028521
0 0.362283 0.306157 0.030499 0.030866
0 0.596595 0.884148 0.026915 0.026194
0 0.210337 0.511118 0.025611 0.025688
0 0.627067 0.611450 0.023908 0.023921
0 0.805084 0.222993 0.043020 0.044045
0 0.893858 0.387276 0.024943 0.025727
0 0.665774 0.087483 0.030438 0.028933
0 0.617118 0.921848 0.026805 0.026099
0 0.602336 0.988987 0.023647 0.021679
0 0.409825 0.956419 0.027789 0.027800
0 0.951798 0.493184 0.037181 0.035953
0 0.377935 0.488360 0.032301 0.032667
0 0.710749 0.139116 0.025930 0.025780
0 0.750114 0.138711 0.024911 0.025068
0 0.143839 0.781715 0.027375 0.026993
0 0.733029 0.430093 0.024748 0.024742