0 0.628264 0.814363 0.050888 0.050442
0 0.954342 0.538299 0.029266 0.028700
0 0.491511 0.945307 0.020976 0.020842
0 0.770419 0.595740 0.025020 0.024991
0 0.154813 0.695154 0.022030 0.021147
0 0.708006 0.813248 0.062838 0.060182
0 0.658717 0.359330 0.021268 0.021293
0 0.421120 0.988641 0.043120 0.022447
0 0.585868 0.810151 0.033970 0.033569
0 0.119725 0.235283 0.049874 0.048319
0 0.964391 0.703011 0.019885 0.021454
0 0.535297 0.275639 0.041318 0.041069
0 0.088390 0.332526 0.026579 0.026648
0 0.482167 0.022860 0.019990 0.020318
0 0.471218 0.123122 0.022287 0.022241
0 0.177819 0.831429 0.019418 0.019901
0 0.961074 0.702480 0.024201 0.025334
0 0.126297 0.815340 0.021272 0.021490
0 0.378890 0.057024 0.019161 0.019286
0 0.813529 0.807307 0.018674 0.018153