0 0.112631 0.324461 0.072992 0.072725
0 0.531572 0.134029 0.059199 0.056820
0 0.669957 0.624400 0.074910 0.072508
0 0.892555 0.288579 0.041032 0.041846
0 0.963794 0.879818 0.037111 0.035275
0 0.070321 0.544945 0.039331 0.038877
0 0.531698 0.399100 0.033221 0.032442
0 0.508161 0.698929 0.029830 0.028207
0 0.022696 0.240729 0.029045 0.029336
0 0.539342 0.858986 0.027927 0.027255
0 0.384942 0.699305 0.030636 0.030225
0 0.490431 0.475823 0.027693 0.027215
0 0.064004 0.267205 0.025892 0.025897
0 0.969967 0.963211 0.026567 0.026160
0 0.974413 0.815883 0.051174 0.071887