0 0.813547 0.541744 0.067833 0.065389
0 0.239613 0.167055 0.051554 0.052346
0 0.426157 0.523015 0.039241 0.037940
0 0.890594 0.757442 0.052698 0.052255
0 0.062444 0.019969 0.036290 0.034411
0 0.898972 0.399338 0.040400 0.039767
0 0.122643 0.277041 0.040335 0.039986
0 0.985690 0.257404 0.028621 0.035951
0 0.854626 0.046585 0.046508 0.046140
0 0.275519 0.039172 0.056031 0.055078
0 0.232039 0.021013 0.053748 0.042027
0 0.518474 0.155285 0.052518 0.052174
0 0.155865 0.577287 0.039575 0.039121
0 0.968435 0.340363 0.056724 0.057023
0 0.506705 0.263009 0.035216 0.033889
0 0.385453 0.269588 0.067131 0.065406
0 0.076553 0.378460 0.039906 0.040985
0 0.093106 0.134731 0.033893 0.033381
0 0.642460 0.447520 0.039067 0.038864
0 0.843513 0.431544 0.040054 0.039439
0 0.746726 0.027266 0.068831 0.054533
0 0.721287 0.611119 0.033908 0.032746
0 0.273508 0.549434 0.029986 0.030065
0 0.407573 0.734501 0.052030 0.049462
0 0.682895 0.417177 0.038746 0.035953
0 0.979123 0.066755 0.028656 0.027942
0 0.221206 0.687188 0.045809 0.045494
0 0.684358 0.087269 0.081998 0.080277
0 0.927402 0.073490 0.032499 0.031995
0 0.381851 0.420274 0.031548 0.030467
0 0.956557 0.098573 0.033537 0.033020
0 0.861673 0.578815 0.031059 0.030369
0 0.816490 0.451854 0.036103 0.036680
0 0.291343 0.090633 0.048687 0.047315
0 0.976517 0.376352 0.046206 0.047789
0 0.809792 0.007747 0.042347 0.015494
0 0.980097 0.114939 0.023639 0.024620
0 0.971683 0.440384 0.056484 0.101112
0 0.163593 0.214385 0.033905 0.033904
0 0.056765 0.256923 0.030318 0.030672
0 0.924102 0.226889 0.040181 0.040246
0 0.631276 0.589639 0.052502 0.053736
0 0.695229 0.123232 0.053045 0.051269
0 0.741254 0.638152 0.038573 0.037584
0 0.932302 0.603576 0.033140 0.031021
0 0.643807 0.196572 0.036302 0.035671
0 0.198339 0.413858 0.129506 0.126344
0 0.977316 0.203184 0.045368 0.088996
0 0.923308 0.555226 0.027515 0.027894
0 0.035720 0.154017 0.071440 0.308033
0 0.474091 0.168708 0.032284 0.032272
0 0.583331 0.389968 0.166670 0.163250
0 0.881847 0.506761 0.027990 0.028727
0 0.486460 0.306817 0.107812 0.102682
0 0.113718 0.305259 0.032616 0.033696
0 0.875816 0.239713 0.027308 0.026454
0 0.843526 0.112786 0.029411 0.029197
0 0.212918 0.136333 0.033464 0.034197
0 0.315638 0.349183 0.028524 0.028315
0 0.806035 0.142946 0.031693 0.030763
0 0.821357 0.085289 0.050718 0.049321
0 0.992626 0.021736 0.014647 0.043224
0 0.587517 0.203621 0.057305 0.058671
0 0.781116 0.778579 0.029325 0.029573
0 0.810284 0.152970 0.034610 0.033737
0 0.567816 0.011416 0.059853 0.022832
0 0.500692 0.460939 0.036404 0.034812
0 0.360002 0.330286 0.062165 0.060450
0 0.926655 0.169807 0.068980 0.068041
0 0.994128 0.358743 0.011744 0.031065
0 0.914631 0.128146 0.026961 0.026200
0 0.036689 0.464804 0.033355 0.033130
0 0.880907 0.143854 0.039206 0.039002
0 0.132991 0.718107 0.265452 0.172151
0 0.285132 0.010141 0.049897 0.019919
0 0.664086 0.021639 0.110624 0.043277
0 0.672732 0.786822 0.027049 0.027464
0 0.882144 0.162747 0.025800 0.025262