0 0.561334 0.576983 0.065058 0.064863
0 0.240691 0.209951 0.079119 0.077797
0 0.426328 0.806405 0.041776 0.040913
0 0.627982 0.161683 0.033444 0.031809
0 0.217333 0.270117 0.053186 0.051513
0 0.410353 0.912687 0.031514 0.030365
0 0.219191 0.416296 0.030938 0.029709
0 0.176507 0.555371 0.037374 0.035872
0 0.328020 0.270656 0.035055 0.033934
0 0.468782 0.190139 0.032667 0.032226
0 0.182100 0.300913 0.038977 0.038216
0 0.472385 0.335853 0.030211 0.029704
0 0.146230 0.146973 0.072487 0.069392
0 0.165770 0.674075 0.029990 0.029196
0 0.478851 0.447796 0.027373 0.025483
0 0.214127 0.350476 0.030640 0.029348
0 0.949962 0.793651 0.026844 0.026399
0 0.038225 0.346239 0.032681 0.032224
0 0.625084 0.310924 0.030779 0.030738
0 0.142882 0.466639 0.034833 0.033967
0 0.568979 0.715095 0.038015 0.036759
0 0.344004 0.634781 0.029166 0.027633
0 0.868572 0.789769 0.024498 0.023837
0 0.666741 0.934510 0.030029 0.028470
0 0.610536 0.297140 0.032821 0.031752
0 0.606123 0.708569 0.041743 0.041773
0 0.957507 0.044589 0.084986 0.088992
0 0.897426 0.854644 0.025217 0.024692
0 0.763461 0.085399 0.318918 0.170798
0 0.796425 0.322909 0.024080 0.023312
0 0.943626 0.497631 0.034218 0.031961
0 0.072917 0.800523 0.051672 0.049877
0 0.763530 0.130876 0.024343 0.023896
0 0.950568 0.494817 0.023994 0.024369
0 0.014761 0.277572 0.029523 0.068934
0 0.095130 0.215471 0.028792 0.027980
0 0.343727 0.130666 0.643333 0.261331
0 0.297200 0.149415 0.025204 0.025031