0 0.055151 0.133384 0.060647 0.047814
0 0.155469 0.624116 0.071156 0.055763
0 0.328564 0.367892 0.106536 0.084039
0 0.027464 0.945315 0.049247 0.040352
0 0.278315 0.026479 0.081548 0.052958
0 0.038812 0.983710 0.077161 0.032579
0 0.979010 0.740173 0.041981 0.095608
0 0.377550 0.507968 0.039367 0.030128
0 0.146985 0.234702 0.039179 0.030476
0 0.788325 0.724398 0.076314 0.056945
0 0.245216 0.547267 0.308665 0.217077
0 0.324328 0.676826 0.066325 0.049472
0 0.134455 0.553740 0.106293 0.078783
0 0.677500 0.270520 0.622956 0.541040
0 0.804492 0.380585 0.329265 0.280629
0 0.342763 0.087108 0.052205 0.040099
0 0.356832 0.484428 0.036916 0.027211
0 0.741927 0.723428 0.182199 0.144437
0 0.676277 0.358262 0.590669 0.344061
0 0.070832 0.368234 0.038499 0.029417
0 0.980404 0.981057 0.039192 0.037885
0 0.733968 0.379492 0.466625 0.288764
0 0.134801 0.790218 0.039187 0.030414
0 0.513459 0.529714 0.060311 0.043952
0 0.402412 0.041777 0.031502 0.024530
0 0.498729 0.039682 0.209140 0.079364
0 0.637939 0.308349 0.050953 0.038290
0 0.434692 0.077664 0.053355 0.044280
0 0.457422 0.748570 0.033018 0.028732
0 0.080620 0.844256 0.044131 0.034327
0 0.470167 0.618531 0.079212 0.059552
0 0.893244 0.639418 0.060066 0.042328
0 0.534762 0.270036 0.169200 0.124356
0 0.689051 0.194609 0.523286 0.377139
0 0.085726 0.825539 0.037024 0.025163
0 0.036936 0.447172 0.029581 0.025106