0 0.794004 0.532026 0.084231 0.081769
0 0.277190 0.773693 0.090396 0.090691
0 0.489463 0.962037 0.079541 0.074448
0 0.754904 0.943594 0.100647 0.099039
0 0.798237 0.380594 0.044277 0.043673
0 0.825696 0.071234 0.046882 0.045880
0 0.574713 0.507133 0.067789 0.063603
0 0.545887 0.957333 0.047591 0.045733
0 0.979780 0.827048 0.035363 0.034582
0 0.790649 0.805122 0.041084 0.040336
0 0.614388 0.322911 0.061719 0.059827
0 0.808721 0.733881 0.063363 0.062446
0 0.697002 0.696429 0.109873 0.104119
0 0.482451 0.503048 0.109323 0.104830
0 0.858196 0.760472 0.061372 0.059278
0 0.230439 0.567803 0.266600 0.272476
0 0.982266 0.601471 0.035469 0.053886
0 0.704416 0.765483 0.044885 0.043956
0 0.622024 0.734429 0.082940 0.077370
0 0.612288 0.674615 0.043810 0.041934
0 0.946057 0.405489 0.107533 0.191995
0 0.870839 0.355836 0.053809 0.053789
0 0.586596 0.555992 0.046154 0.043188
0 0.470644 0.416815 0.064886 0.063851
0 0.647997 0.546889 0.078988 0.077242
0 0.973165 0.507945 0.028292 0.028137
0 0.911942 0.932533 0.056413 0.055129
0 0.843910 0.695584 0.041012 0.040553
0 0.594578 0.461497 0.030982 0.029447
0 0.665619 0.349747 0.036028 0.034059
0 0.846503 0.950937 0.089182 0.087736
0 0.887107 0.312687 0.035225 0.033086
0 0.644018 0.640769 0.063004 0.058309
0 0.512676 0.356931 0.072788 0.072136
0 0.598633 0.807251 0.042509 0.039664
0 0.344593 0.935379 0.028363 0.027912
0 0.057259 0.516962 0.113809 0.286495
0 0.526862 0.026684 0.040933 0.036639
0 0.848540 0.047478 0.031417 0.031324
0 0.945124 0.620104 0.038485 0.037837
0 0.401201 0.767330 0.167068 0.156758
0 0.360855 0.678030 0.062970 0.057251
0 0.954399 0.734073 0.071377 0.071661
0 0.882775 0.714375 0.037424 0.036680
0 0.508158 0.798441 0.065124 0.063155
0 0.495343 0.153743 0.056450 0.056548
0 0.522390 0.556557 0.028193 0.027990
0 0.908743 0.620457 0.032342 0.031520
0 0.681560 0.018677 0.073098 0.037208
0 0.651809 0.376126 0.047555 0.047019
0 0.896453 0.814123 0.031133 0.030250
0 0.905237 0.670511 0.092033 0.088177
0 0.505881 0.622296 0.057743 0.054818
0 0.597031 0.148313 0.050258 0.048977
0 0.990300 0.283241 0.019400 0.031463
0 0.980347 0.853818 0.034342 0.031565
0 0.242900 0.057494 0.446426 0.113219
0 0.694265 0.674238 0.040658 0.041823
0 0.504628 0.358727 0.094096 0.086734
0 0.859209 0.607554 0.027859 0.027652
0 0.379647 0.666765 0.043728 0.047438
0 0.610610 0.214475 0.036608 0.036673
0 0.576443 0.423567 0.046419 0.045248
0 0.771192 0.021502 0.028721 0.027613
0 0.550839 0.825340 0.045546 0.045199
0 0.830882 0.891925 0.035423 0.034848
0 0.218541 0.985525 0.053770 0.028704
0 0.535731 0.022809 0.061106 0.045311
0 0.410703 0.852873 0.139560 0.133005
0 0.704150 0.144198 0.026021 0.025534
0 0.162488 0.953629 0.061923 0.057295
0 0.589580 0.427334 0.070801 0.061056
0 0.832552 0.962659 0.071140 0.069493
0 0.387943 0.473973 0.076184 0.071663
0 0.956827 0.242726 0.071326 0.071557
0 0.699190 0.669165 0.056317 0.056477
0 0.771193 0.629102 0.032306 0.031386