0 0.647518 0.160529 0.085658 0.075916
0 0.645109 0.492764 0.055212 0.046432
0 0.480894 0.830554 0.062383 0.052714
0 0.633080 0.444683 0.057041 0.048138
0 0.666684 0.396403 0.063805 0.051141
0 0.093665 0.330842 0.061842 0.052496
0 0.347799 0.237389 0.050141 0.040757
0 0.429640 0.111393 0.059170 0.049898
0 0.948113 0.492423 0.082590 0.067407
0 0.338316 0.631532 0.058139 0.046843
0 0.378893 0.394838 0.055014 0.042566
0 0.553286 0.537241 0.038936 0.033550
0 0.184024 0.131344 0.049720 0.039841
0 0.662954 0.532957 0.040407 0.033221
0 0.643790 0.334515 0.068562 0.058907
0 0.107792 0.363397 0.042286 0.037669
0 0.571486 0.051198 0.036235 0.031523
0 0.781405 0.814583 0.141880 0.119930
0 0.953966 0.338622 0.092068 0.153426
0 0.849949 0.711681 0.074596 0.063236
0 0.255161 0.327378 0.043284 0.036035
0 0.979548 0.953614 0.040904 0.049739
0 0.865301 0.568758 0.081175 0.067631
0 0.015928 0.425536 0.031856 0.035876
0 0.324074 0.585980 0.035040 0.030127
0 0.626017 0.747521 0.032234 0.027848
0 0.036970 0.938028 0.033624 0.031882
0 0.064594 0.414210 0.040033 0.034034
0 0.579785 0.484317 0.036072 0.030898
0 0.865265 0.037347 0.269470 0.074694
0 0.852983 0.260945 0.113307 0.098916
0 0.526002 0.583225 0.091221 0.074254
0 0.675987 0.571009 0.037507 0.029225
0 0.314107 0.334611 0.036157 0.030323
0 0.853137 0.721490 0.086913 0.079785
0 0.626776 0.289583 0.034649 0.029213
0 0.692398 0.769452 0.077665 0.069287
0 0.806367 0.300100 0.035092 0.029355
0 0.027144 0.106652 0.038170 0.034832
0 0.849738 0.869817 0.044667 0.037962
0 0.408645 0.186490 0.050994 0.043814
0 0.931944 0.637232 0.136112 0.157919
0 0.032644 0.008248 0.059107 0.016497
0 0.968866 0.284743 0.060986 0.057926
0 0.314627 0.291107 0.037204 0.031438
0 0.970868 0.218405 0.057756 0.080111
0 0.714630 0.462845 0.120000 0.105717
0 0.522139 0.847616 0.036999 0.030746
0 0.900340 0.289333 0.033794 0.029492
0 0.986681 0.634313 0.026638 0.043451
0 0.320409 0.805562 0.031094 0.027027
0 0.323690 0.384266 0.046434 0.042307
0 0.073468 0.370391 0.031465 0.029061
0 0.462910 0.044356 0.106527 0.086882
0 0.469783 0.394421 0.036047 0.029044
0 0.405010 0.182278 0.061237 0.053075
0 0.465113 0.958338 0.046684 0.041494
0 0.267232 0.608407 0.083483 0.073243
0 0.013549 0.607440 0.027099 0.026416
0 0.420321 0.434878 0.076269 0.066510
0 0.825803 0.991069 0.027294 0.017583
0 0.710955 0.257100 0.151369 0.120604
0 0.841713 0.203260 0.031677 0.027469
0 0.820951 0.437685 0.057155 0.046655
0 0.598819 0.533582 0.081525 0.061915