0 0.399258 0.054683 0.070791 0.066317
0 0.841094 0.287421 0.059335 0.055790
0 0.287532 0.459753 0.058654 0.053137
0 0.170622 0.064276 0.074574 0.071231
0 0.441055 0.981419 0.050982 0.037162
0 0.507307 0.085948 0.049295 0.046564
0 0.209316 0.028805 0.063019 0.056714
0 0.222995 0.097158 0.056307 0.051053
0 0.832339 0.909658 0.056399 0.051413
0 0.632937 0.272495 0.039783 0.037050
0 0.731228 0.684434 0.040395 0.038293
0 0.736939 0.584417 0.037446 0.035553
0 0.768117 0.775256 0.036709 0.035064
0 0.589045 0.961329 0.034276 0.031803
0 0.529938 0.826117 0.041108 0.038684
0 0.766953 0.917082 0.041899 0.039589
0 0.019801 0.522492 0.035910 0.033768
0 0.697899 0.308375 0.035898 0.033812
0 0.702668 0.162356 0.034181 0.032436
0 0.402520 0.817804 0.027038 0.025057
0 0.316834 0.303762 0.035164 0.033619
0 0.598799 0.754447 0.033996 0.031597
0 0.425586 0.094168 0.051510 0.046643
0 0.479020 0.391497 0.030411 0.028616
0 0.745787 0.808260 0.029493 0.027084
0 0.461229 0.209696 0.030863 0.028305
0 0.945765 0.352074 0.033794 0.031059
0 0.650669 0.720973 0.044814 0.042214
0 0.841066 0.749964 0.036902 0.036010
0 0.274601 0.414376 0.028003 0.026145
0 0.143827 0.467965 0.032302 0.032135
0 0.358882 0.295310 0.030834 0.028077
0 0.958487 0.377561 0.032831 0.030299
0 0.038723 0.226459 0.029385 0.027383
0 0.825743 0.948574 0.025000 0.024454
0 0.685569 0.544464 0.028616 0.026496
0 0.007432 0.456333 0.014567 0.049892
0 0.816256 0.480193 0.032608 0.030401
0 0.517929 0.396731 0.028757 0.027290
0 0.482155 0.186810 0.038619 0.036782
0 0.129982 0.227597 0.031092 0.029772
0 0.626758 0.520126 0.025945 0.024445
0 0.340533 0.918791 0.026090 0.024602
0 0.188936 0.946185 0.025842 0.024028
0 0.670021 0.130571 0.029560 0.028749
0 0.979657 0.751815 0.029620 0.027633
0 0.499098 0.993476 0.030042 0.013048
0 0.804094 0.446454 0.029083 0.027878
0 0.733754 0.772117 0.029999 0.028931
0 0.461067 0.375506 0.026492 0.025966
0 0.841074 0.602054 0.028080 0.025532
0 0.529689 0.687342 0.026354 0.025910
0 0.940780 0.264686 0.028531 0.027918
0 0.367133 0.894429 0.023408 0.022852
0 0.725541 0.992911 0.026597 0.014160
0 0.609154 0.625622 0.027761 0.025817
0 0.721801 0.061599 0.048110 0.047288
0 0.120428 0.621291 0.028254 0.025703
0 0.864920 0.419918 0.031308 0.031193
0 0.835678 0.464995 0.035630 0.034541
0 0.044689 0.005423 0.042167 0.010847
0 0.391593 0.792445 0.023538 0.022762
0 0.737556 0.934042 0.022959 0.022826