0 0.070059 0.690985 0.115759 0.112274
0 0.162893 0.427308 0.046021 0.045161
0 0.935265 0.054419 0.040319 0.038418
0 0.824380 0.018006 0.031015 0.030496
0 0.482837 0.976107 0.051243 0.046521
0 0.576955 0.047292 0.036597 0.035490
0 0.365861 0.277728 0.040257 0.039164
0 0.353571 0.807974 0.380000 0.354650
0 0.884114 0.410025 0.056864 0.055578
0 0.183553 0.973020 0.055486 0.052682
0 0.927552 0.840480 0.031722 0.030505
0 0.932731 0.609763 0.041159 0.039502
0 0.050156 0.107276 0.052826 0.053908
0 0.646578 0.489396 0.035792 0.035568
0 0.654184 0.306372 0.044627 0.043378
0 0.205580 0.094002 0.046377 0.044590
0 0.843713 0.379974 0.045375 0.043753
0 0.316898 0.391880 0.033103 0.032814
0 0.405326 0.142768 0.033664 0.032651
0 0.456923 0.394259 0.032517 0.031093
0 0.073478 0.284859 0.032134 0.031976
0 0.250513 0.281597 0.036022 0.034489
0 0.722892 0.292418 0.038693 0.035788
0 0.260755 0.087754 0.040520 0.039322
0 0.626847 0.385568 0.030786 0.029740
0 0.771982 0.612304 0.051957 0.050457
0 0.232367 0.048532 0.037599 0.036033
0 0.129277 0.081737 0.032553 0.032639
0 0.129072 0.321649 0.031778 0.031032
0 0.540599 0.241567 0.032803 0.031707
0 0.886103 0.361272 0.048178 0.047143
0 0.013992 0.287870 0.027760 0.029352
0 0.189807 0.914443 0.062191 0.060805
0 0.358126 0.027149 0.026738 0.026927
0 0.321925 0.453801 0.026955 0.025825
0 0.531931 0.198833 0.027241 0.026013
0 0.435724 0.139901 0.026527 0.026403
0 0.464205 0.202271 0.028707 0.028052
0 0.258094 0.009788 0.027938 0.019152
0 0.408760 0.316504 0.025582 0.024359
0 0.143962 0.258048 0.027367 0.026791
0 0.570071 0.461664 0.033348 0.030925
0 0.234377 0.755742 0.047153 0.045117
0 0.753363 0.725852 0.493274 0.537887
0 0.313437 0.821663 0.026356 0.025371
0 0.400485 0.378566 0.024660 0.024066
0 0.945156 0.378076 0.047237 0.045849
0 0.064271 0.989966 0.041387 0.020005
0 0.065524 0.951336 0.044860 0.042831
0 0.646560 0.211883 0.026091 0.025342
0 0.605757 0.308627 0.029818 0.028138
0 0.784724 0.519104 0.024791 0.024084
0 0.211045 0.199288 0.025964 0.025606
0 0.182557 0.048518 0.032550 0.032380
0 0.337303 0.960337 0.031304 0.030433
0 0.449322 0.779173 0.034421 0.033489
0 0.215133 0.673173 0.027088 0.026950
0 0.424448 0.289363 0.037149 0.036869
0 0.164133 0.176777 0.026537 0.026332
0 0.493219 0.396639 0.023495 0.022840
0 0.335701 0.308036 0.023843 0.023497
0 0.701865 0.326970 0.059341 0.057787
0 0.899343 0.375232 0.023785 0.022279
0 0.662872 0.347397 0.030972 0.030379
0 0.503906 0.125659 0.022994 0.022545
0 0.414378 0.206323 0.065821 0.062487
0 0.529466 0.409954 0.024868 0.024641
0 0.992995 0.418930 0.014010 0.041367
0 0.875534 0.222830 0.023345 0.023074
0 0.249564 0.740404 0.022745 0.022584
0 0.410195 0.212395 0.078836 0.077052
0 0.807373 0.906744 0.024215 0.023918
0 0.253944 0.341887 0.034459 0.033360
0 0.322062 0.131762 0.041927 0.040530
0 0.242158 0.205255 0.029172 0.028985
0 0.735412 0.317408 0.022835 0.022170
0 0.849217 0.082517 0.021259 0.021125
0 0.125370 0.128098 0.125036 0.120950
0 0.008763 0.770133 0.017526 0.023545