0 0.943914 0.212502 0.068916 0.054756
0 0.682395 0.523093 0.094266 0.073864
0 0.249362 0.245264 0.072734 0.058281
0 0.596314 0.058718 0.057331 0.044895
0 0.510069 0.024081 0.053488 0.043730
0 0.710726 0.146820 0.252940 0.199540
0 0.086599 0.498542 0.070584 0.054576
0 0.597798 0.569877 0.045863 0.035550
0 0.581646 0.326998 0.081547 0.062854
0 0.888245 0.246922 0.064790 0.048450
0 0.613873 0.910667 0.038091 0.030576
0 0.737471 0.055070 0.054778 0.043077
0 0.301736 0.702697 0.034862 0.030459
0 0.964184 0.176435 0.040639 0.032796
0 0.216837 0.980580 0.057163 0.038840
0 0.257646 0.098544 0.202509 0.169119
0 0.859728 0.969461 0.136610 0.060942
0 0.338545 0.371565 0.205579 0.168216
0 0.907039 0.364114 0.104669 0.081294
0 0.463931 0.851319 0.039605 0.033399
0 0.450462 0.469182 0.056823 0.047241
0 0.882516 0.425493 0.035020 0.028896
0 0.531074 0.700255 0.068159 0.055926
0 0.123922 0.436086 0.036082 0.030066
0 0.415190 0.697465 0.045408 0.036260
0 0.758969 0.348981 0.094513 0.075714
0 0.799301 0.260901 0.089810 0.065088
0 0.017612 0.423230 0.035224 0.033865
0 0.371828 0.976848 0.104519 0.046304
0 0.183508 0.681796 0.031863 0.026230
0 0.849674 0.460566 0.035315 0.028279
0 0.527810 0.431008 0.043627 0.036143
0 0.958865 0.044948 0.064838 0.055071
0 0.955780 0.274327 0.088230 0.073990
0 0.259105 0.750028 0.039115 0.030442
0 0.663420 0.321431 0.093601 0.073014
0 0.641868 0.044049 0.055078 0.044160
0 0.039861 0.176698 0.079722 0.068062
0 0.686591 0.387735 0.094573 0.076735
0 0.662863 0.651763 0.053234 0.043311
0 0.906191 0.884921 0.064564 0.050365
0 0.073232 0.689587 0.146464 0.282427
0 0.881824 0.122064 0.106468 0.083356
0 0.053555 0.831509 0.107110 0.116106
0 0.095120 0.060594 0.176581 0.121187
0 0.883334 0.280257 0.048588 0.038550
0 0.168377 0.866652 0.069154 0.057087
0 0.313630 0.523617 0.094794 0.067606
0 0.010857 0.981830 0.021416 0.036340
0 0.595217 0.981680 0.028224 0.025135
0 0.169212 0.150414 0.098381 0.077394
0 0.899247 0.060274 0.040959 0.033157
0 0.187767 0.400201 0.110071 0.091487
0 0.019096 0.106966 0.038191 0.079760
0 0.477061 0.983322 0.081807 0.033356
0 0.351308 0.835937 0.034390 0.028732
0 0.835939 0.812498 0.032072 0.026415
0 0.180741 0.614844 0.117779 0.094640
0 0.079159 0.713926 0.156158 0.170064
0 0.691134 0.851578 0.033294 0.026372
0 0.726805 0.284194 0.073867 0.059725
0 0.989305 0.315791 0.021390 0.047389