0 0.550508 0.810712 0.051303 0.050573
0 0.101735 0.047934 0.037660 0.035481
0 0.947825 0.615190 0.045872 0.043325
0 0.888355 0.239422 0.033012 0.032491
0 0.988838 0.604728 0.022323 0.032792
0 0.485103 0.881646 0.024814 0.024570
0 0.149754 0.429998 0.299509 0.496229
0 0.834546 0.610335 0.105776 0.102735
0 0.951937 0.775386 0.032307 0.031394
0 0.575503 0.954228 0.047511 0.046112
0 0.260918 0.019515 0.048954 0.038308
0 0.982213 0.850329 0.035574 0.138000
0 0.866231 0.681548 0.090626 0.089859
0 0.768112 0.861975 0.031536 0.030608
0 0.755431 0.788010 0.105749 0.099043
0 0.303852 0.017734 0.039106 0.035301
0 0.889589 0.833649 0.080216 0.083276
0 0.642192 0.958793 0.047100 0.046297
0 0.576960 0.636532 0.023324 0.023010
0 0.611417 0.625918 0.314148 0.286177
0 0.190652 0.957269 0.019688 0.019476
0 0.860761 0.848448 0.141659 0.130847
0 0.733549 0.236969 0.317465 0.303636
0 0.879338 0.835450 0.101142 0.095865