0 0.946289 0.310547 0.072030 0.068162
0 0.337055 0.042179 0.089252 0.082478
0 0.107932 0.144264 0.067799 0.064529
0 0.611080 0.172257 0.047675 0.044580
0 0.487494 0.038112 0.044575 0.041529
0 0.277687 0.185152 0.053602 0.049148
0 0.827910 0.965499 0.069695 0.063979
0 0.485873 0.256203 0.057242 0.054157
0 0.050608 0.261718 0.039642 0.037155
0 0.150331 0.646181 0.070537 0.064998
0 0.169908 0.856109 0.045123 0.042714
0 0.891516 0.382387 0.032270 0.031620
0 0.962947 0.111719 0.030357 0.029663
0 0.530378 0.278309 0.039425 0.037013
0 0.400753 0.695996 0.041768 0.036995
0 0.818958 0.158666 0.031039 0.030002
0 0.080916 0.410145 0.033817 0.033012
0 0.524534 0.315904 0.040459 0.038204
0 0.326989 0.259305 0.043215 0.036985
0 0.564773 0.120487 0.039540 0.038118
0 0.665045 0.719524 0.033982 0.032192
0 0.592626 0.969244 0.063356 0.056240
0 0.835335 0.900172 0.045066 0.043039
0 0.559421 0.244976 0.047656 0.043984
0 0.928996 0.056331 0.027396 0.026125
0 0.960452 0.741484 0.062736 0.058661
0 0.571994 0.609193 0.029947 0.028110
0 0.634367 0.366955 0.035657 0.033296
0 0.391570 0.487229 0.032327 0.032812
0 0.856782 0.930915 0.031600 0.028192
0 0.013674 0.367975 0.026463 0.029164
0 0.962736 0.582974 0.034026 0.033028
0 0.607556 0.694146 0.039672 0.038552
0 0.226868 0.021370 0.069975 0.042504
0 0.416283 0.070718 0.060251 0.053864
0 0.905615 0.920854 0.040322 0.036520
0 0.369235 0.080493 0.041107 0.035334
0 0.290176 0.521262 0.044204 0.038586
0 0.496153 0.400162 0.034837 0.032549
0 0.337962 0.205839 0.037092 0.031938
0 0.943275 0.937346 0.037243 0.034241
0 0.255470 0.556112 0.030615 0.028185
0 0.612993 0.955471 0.030023 0.029573
0 0.040584 0.989504 0.081168 0.020991
0 0.913499 0.654302 0.029294 0.028186
0 0.704967 0.184033 0.028770 0.028010
0 0.272428 0.908447 0.030032 0.027809
0 0.358608 0.324123 0.034444 0.030638
0 0.342472 0.172988 0.033296 0.028559
0 0.557456 0.818326 0.025167 0.024253
0 0.595438 0.986826 0.044556 0.026349
0 0.326109 0.566213 0.032581 0.030541
0 0.298273 0.380158 0.031882 0.030426
0 0.046268 0.985684 0.092535 0.028632
0 0.592979 0.977901 0.055165 0.043544