0 0.164605 0.522812 0.072406 0.070674
0 0.202770 0.116228 0.114521 0.112118
0 0.711804 0.446857 0.043792 0.042037
0 0.526013 0.490793 0.037913 0.037631
0 0.164865 0.904312 0.040807 0.040284
0 0.239445 0.541802 0.036697 0.036210
0 0.759192 0.949226 0.036526 0.035917
0 0.113696 0.228733 0.055706 0.054380
0 0.660037 0.822631 0.032701 0.032027
0 0.592585 0.892477 0.029964 0.029708
0 0.628164 0.899993 0.027765 0.027364
0 0.554508 0.030810 0.031787 0.030876
0 0.495596 0.587312 0.075850 0.072476
0 0.570855 0.941835 0.030315 0.029703
0 0.025193 0.461864 0.032647 0.031369
0 0.544486 0.423297 0.028718 0.027983
0 0.591580 0.144379 0.035380 0.033622
0 0.527424 0.399309 0.028708 0.028511
0 0.727055 0.521080 0.030888 0.029525
0 0.519002 0.095019 0.027572 0.026633
0 0.933560 0.488987 0.032005 0.030934
0 0.625610 0.988649 0.029303 0.022663
0 0.886962 0.665415 0.030671 0.029946
0 0.562983 0.137516 0.025646 0.024719
0 0.520029 0.543675 0.025653 0.025872
0 0.264723 0.298675 0.037298 0.036300
0 0.171811 0.263250 0.080271 0.078691
0 0.493737 0.743334 0.027205 0.026704
0 0.188518 0.763342 0.026192 0.025114
0 0.596003 0.702004 0.024291 0.023937
0 0.513960 0.379134 0.025748 0.025719
0 0.591775 0.548343 0.061550 0.060644
0 0.382548 0.040277 0.024306 0.023566
0 0.923588 0.468746 0.029661 0.029589
0 0.372917 0.060729 0.026457 0.025856
0 0.191594 0.931635 0.028942 0.029149
0 0.250075 0.876869 0.027120 0.027021
0 0.040303 0.963458 0.028816 0.028527