0 0.353166 0.892634 0.054892 0.046853
0 0.281003 0.652828 0.041162 0.037302
0 0.415982 0.982971 0.061385 0.034058
0 0.342850 0.753765 0.039774 0.035689
0 0.308678 0.828054 0.043337 0.038157
0 0.316619 0.778898 0.031815 0.027852
0 0.368571 0.855987 0.037421 0.031592
0 0.266396 0.685825 0.033245 0.031176
0 0.929293 0.984937 0.028124 0.026305
0 0.411398 0.873318 0.032110 0.028547
0 0.102145 0.943681 0.036800 0.029636
0 0.845316 0.297804 0.031446 0.028520
0 0.200534 0.577122 0.031116 0.028084
0 0.249742 0.836090 0.031514 0.028068
0 0.068486 0.036096 0.030965 0.028010
0 0.743632 0.005400 0.046732 0.010800
0 0.130951 0.069403 0.026623 0.024535
0 0.925309 0.619222 0.026787 0.022523
0 0.801147 0.111179 0.027283 0.023276
0 0.249861 0.594930 0.028173 0.026510