0 0.864438 0.080171 0.082957 0.081571
0 0.878119 0.449910 0.021532 0.021321
0 0.917789 0.144062 0.025910 0.026003
0 0.525977 0.597887 0.037765 0.037754
0 0.577808 0.656268 0.023694 0.023903
0 0.660118 0.367280 0.032884 0.032516
0 0.800785 0.923346 0.048957 0.049414
0 0.783741 0.456879 0.025738 0.025341
0 0.631118 0.792021 0.023164 0.023198
0 0.553303 0.382543 0.028708 0.028673
0 0.769296 0.965297 0.032307 0.032205
0 0.738059 0.840716 0.026540 0.026779
0 0.735395 0.455920 0.018770 0.018755
0 0.768385 0.881391 0.029383 0.029305
0 0.103160 0.712126 0.033987 0.033837
0 0.697283 0.405935 0.033863 0.034265
0 0.578490 0.780031 0.022185 0.022655
0 0.844616 0.866243 0.040846 0.041187
0 0.685816 0.431621 0.053148 0.052345
0 0.179535 0.889101 0.030176 0.030687
0 0.441266 0.557211 0.034828 0.035004
0 0.699689 0.561345 0.022124 0.022500
0 0.415983 0.941785 0.067491 0.068043
0 0.957256 0.199268 0.024198 0.024141
0 0.176849 0.431686 0.032525 0.033250
0 0.427805 0.660014 0.023747 0.023012
0 0.429430 0.465875 0.030259 0.029969
0 0.208243 0.667112 0.027036 0.026969
0 0.680348 0.507517 0.017677 0.017672
0 0.154542 0.481363 0.027393 0.027295
0 0.880597 0.737402 0.027411 0.027799
0 0.805691 0.832124 0.026505 0.026311
0 0.351717 0.803843 0.021476 0.021126
0 0.050083 0.539694 0.019226 0.018960
0 0.113419 0.596839 0.019310 0.019066
0 0.903988 0.465353 0.018329 0.018840
0 0.461663 0.876526 0.095985 0.096210
0 0.658063 0.484242 0.037490 0.036917
0 0.353587 0.844742 0.017845 0.018044
0 0.986457 0.704507 0.017933 0.017984
0 0.231266 0.665705 0.018727 0.018865
0 0.532662 0.853331 0.050059 0.050495
0 0.270902 0.628381 0.025202 0.024585
0 0.727860 0.163461 0.018289 0.018488
0 0.482523 0.006209 0.044218 0.012419
0 0.740108 0.527963 0.015627 0.015786
0 0.962007 0.978813 0.018441 0.018084
0 0.226646 0.992649 0.036802 0.014702
0 0.990490 0.920542 0.018837 0.021385
0 0.646714 0.716617 0.039349 0.038854
0 0.541153 0.615017 0.013136 0.013482
0 0.083182 0.588754 0.015974 0.016795
0 0.726817 0.973844 0.021240 0.021489
0 0.523372 0.957744 0.028320 0.028185
0 0.974578 0.038246 0.018840 0.018662
0 0.822600 0.289485 0.017398 0.017349
0 0.091176 0.864005 0.051646 0.051555
0 0.358000 0.423168 0.023129 0.023013
0 0.409125 0.768356 0.025489 0.025013
0 0.198946 0.991474 0.020243 0.017051
0 0.883190 0.563554 0.018295 0.018243
0 0.995554 0.060478 0.008893 0.030801
0 0.397897 0.707533 0.018438 0.017876
0 0.240919 0.059110 0.022978 0.022582
0 0.918298 0.370190 0.016002 0.016077
0 0.397385 0.608769 0.023208 0.023218
0 0.788941 0.604913 0.020462 0.021010
0 0.457917 0.801793 0.035274 0.036212
0 0.742237 0.990946 0.016279 0.015839
0 0.612213 0.315457 0.016724 0.016870