0 0.367621 0.349396 0.125326 0.102185
0 0.816914 0.517704 0.061672 0.051107
0 0.854096 0.673219 0.071742 0.053767
0 0.723004 0.846247 0.050240 0.041061
0 0.475822 0.202521 0.074054 0.059261
0 0.313501 0.171627 0.055085 0.044272
0 0.935114 0.110092 0.040837 0.035030
0 0.132682 0.386672 0.051434 0.043166
0 0.711423 0.174115 0.041213 0.035917
0 0.092639 0.494110 0.043838 0.034976
0 0.251618 0.983879 0.038234 0.029416
0 0.768639 0.051358 0.041743 0.033750
0 0.479500 0.570483 0.031607 0.025548
0 0.904542 0.032668 0.027710 0.024116
0 0.842251 0.437053 0.030666 0.027085
0 0.237285 0.027266 0.030181 0.026906
0 0.339715 0.936600 0.029684 0.026397
0 0.508472 0.605515 0.031078 0.025330
0 0.627922 0.348966 0.030284 0.025345
0 0.517575 0.520684 0.029921 0.025031
0 0.988101 0.927273 0.023797 0.028055
0 0.278968 0.703134 0.334765 0.278047
0 0.150968 0.417628 0.036351 0.030690
0 0.615850 0.823159 0.047708 0.034151
0 0.069102 0.216348 0.034128 0.026455