0 0.033331 0.308366 0.066647 0.123288
0 0.985905 0.959658 0.028180 0.042600
0 0.751044 0.794263 0.049639 0.049102
0 0.695502 0.490661 0.043794 0.043381
0 0.582009 0.311755 0.069902 0.067237
0 0.334837 0.968153 0.040014 0.038794
0 0.755176 0.882516 0.040175 0.039518
0 0.629249 0.619615 0.032318 0.032448
0 0.758407 0.144643 0.031690 0.030518
0 0.580508 0.818310 0.039647 0.039078
0 0.400220 0.559120 0.046106 0.044002
0 0.094625 0.489811 0.055406 0.052537
0 0.661735 0.100195 0.154080 0.155140
0 0.728056 0.868703 0.026300 0.026405
0 0.633961 0.330763 0.039764 0.038394
0 0.641444 0.826040 0.071959 0.070231
0 0.843407 0.175518 0.035404 0.033210
0 0.618808 0.109719 0.083716 0.081085
0 0.784252 0.246385 0.045011 0.042675
0 0.235594 0.661911 0.034003 0.033771
0 0.214010 0.498564 0.042788 0.040875
0 0.083355 0.518057 0.039345 0.038956
0 0.324111 0.529527 0.045731 0.043499
0 0.415618 0.518746 0.051159 0.050438
0 0.617692 0.258042 0.037748 0.037327
0 0.611546 0.361757 0.038271 0.036682
0 0.012703 0.541180 0.024940 0.031764
0 0.661772 0.277175 0.065048 0.062318
0 0.630502 0.195374 0.078583 0.077033
0 0.252374 0.894566 0.037931 0.036086
0 0.152558 0.664464 0.049488 0.048511
0 0.014245 0.251687 0.028416 0.035472
0 0.331041 0.598381 0.035430 0.034112
0 0.193194 0.673984 0.037619 0.035065
0 0.350427 0.565213 0.045654 0.045253
0 0.476996 0.508642 0.041254 0.040173
0 0.550528 0.452891 0.042285 0.040673
0 0.087219 0.591197 0.067844 0.066326
0 0.118062 0.232814 0.043613 0.042816
0 0.740277 0.248559 0.031374 0.030882
0 0.406514 0.438866 0.048718 0.049299
0 0.758971 0.748810 0.030645 0.029719
0 0.949236 0.215045 0.100399 0.338063
0 0.705639 0.895120 0.041502 0.040476
0 0.121265 0.244010 0.026296 0.023225
0 0.886177 0.164706 0.046582 0.045979
0 0.215491 0.177962 0.024872 0.025315
0 0.611260 0.042972 0.145026 0.085047
0 0.494480 0.420079 0.081943 0.085138
0 0.060731 0.118831 0.030713 0.031017
0 0.553824 0.437865 0.041669 0.042048
0 0.575645 0.973577 0.058921 0.051695
0 0.834591 0.354228 0.027955 0.025815
0 0.879573 0.617990 0.236343 0.572168
0 0.604212 0.927187 0.087845 0.089256
0 0.762878 0.220790 0.031970 0.031012
0 0.576302 0.350671 0.035177 0.035486
0 0.449117 0.554497 0.049972 0.048299
0 0.229906 0.580324 0.073795 0.071768
0 0.516880 0.263784 0.025657 0.025061
0 0.013731 0.722153 0.027427 0.087770
0 0.830802 0.375694 0.026194 0.025995
0 0.503615 0.196543 0.042703 0.042370