0 0.152310 0.384836 0.044888 0.044240
0 0.902103 0.404792 0.033530 0.032349
0 0.860294 0.246399 0.042927 0.041829
0 0.961633 0.655702 0.032481 0.031921
0 0.477175 0.093882 0.034916 0.034133
0 0.958054 0.582980 0.031544 0.031929
0 0.089986 0.644805 0.035389 0.034727
0 0.976145 0.509501 0.030266 0.029409
0 0.879304 0.119831 0.029290 0.028264
0 0.968756 0.445821 0.029767 0.029116
0 0.179520 0.341155 0.028377 0.027066
0 0.783170 0.089616 0.026046 0.025367
0 0.536334 0.309155 0.024559 0.024603
0 0.153731 0.979036 0.026352 0.027025
0 0.956192 0.389618 0.025978 0.025360
0 0.134747 0.136718 0.023859 0.023777