0 0.446515 0.605303 0.067005 0.060694
0 0.491148 0.934170 0.039902 0.033097
0 0.032611 0.332604 0.050631 0.039100
0 0.089362 0.739963 0.081091 0.067473
0 0.546585 0.876743 0.032634 0.027657
0 0.306203 0.316179 0.065123 0.056227
0 0.126873 0.309075 0.035043 0.028013
0 0.322361 0.069349 0.114109 0.087268
0 0.446815 0.478606 0.198254 0.171693
0 0.490379 0.755099 0.034616 0.028394
0 0.960878 0.323297 0.039812 0.031967
0 0.442331 0.663599 0.058918 0.047990
0 0.268855 0.219946 0.058351 0.044842
0 0.422173 0.352246 0.069405 0.055531
0 0.397011 0.891775 0.049909 0.038812
0 0.506510 0.856973 0.052053 0.040883
0 0.326536 0.048625 0.035954 0.030135
0 0.432731 0.558145 0.055162 0.045530
0 0.424282 0.242065 0.032380 0.025942
0 0.590481 0.494421 0.032091 0.026277
0 0.832172 0.819772 0.330254 0.360457
0 0.027094 0.216349 0.054188 0.060242
0 0.236814 0.314266 0.104286 0.083049
0 0.814708 0.344029 0.083332 0.071862
0 0.466976 0.113303 0.036131 0.029548
0 0.286405 0.913278 0.033975 0.027134
0 0.039198 0.485695 0.075268 0.062127
0 0.721007 0.985083 0.031254 0.026632
0 0.113621 0.961924 0.085099 0.074358
0 0.337058 0.911984 0.032249 0.027563
0 0.974171 0.437832 0.047455 0.042015
0 0.165734 0.404076 0.055593 0.044117
0 0.375911 0.286643 0.034382 0.027121
0 0.697168 0.654109 0.032028 0.026295
0 0.521841 0.710455 0.032786 0.028229
0 0.680447 0.595674 0.062933 0.047212
0 0.504015 0.404351 0.080895 0.066032
0 0.800049 0.201188 0.079027 0.062844
0 0.066606 0.796523 0.054244 0.049449
0 0.645635 0.693251 0.147023 0.118878
0 0.291389 0.818488 0.151592 0.125967
0 0.375645 0.539036 0.026774 0.023732
0 0.913905 0.415705 0.069673 0.055967
0 0.387022 0.321446 0.040998 0.035629
0 0.504646 0.413345 0.098783 0.084104
0 0.307429 0.739315 0.030691 0.025884
0 0.392771 0.664797 0.041332 0.037122
0 0.092082 0.616096 0.098920 0.076853
0 0.568606 0.736021 0.046677 0.038515
0 0.544091 0.056127 0.367447 0.111012
0 0.502878 0.493449 0.074897 0.064540