0 0.828843 0.740182 0.050309 0.044964
0 0.110956 0.883080 0.101566 0.094752
0 0.522843 0.536803 0.083939 0.071585
0 0.907852 0.922984 0.034317 0.031571
0 0.843769 0.078789 0.034674 0.030743
0 0.345178 0.361708 0.049934 0.046287
0 0.302779 0.587178 0.035474 0.031543
0 0.667634 0.887789 0.029357 0.028315
0 0.232290 0.916513 0.034804 0.031033
0 0.538198 0.164818 0.130908 0.114698
0 0.198284 0.722657 0.176178 0.163743
0 0.991808 0.977491 0.016384 0.045018
0 0.603458 0.965920 0.103696 0.068159
0 0.323680 0.474693 0.218038 0.208138
0 0.865099 0.519694 0.027792 0.024399
0 0.063874 0.918629 0.035240 0.032216
0 0.775675 0.944911 0.073836 0.070609
0 0.340199 0.257478 0.029881 0.027425
0 0.732474 0.649943 0.029697 0.027144
0 0.724444 0.762514 0.030823 0.028632
0 0.959400 0.105028 0.081199 0.090118
0 0.420766 0.380794 0.109611 0.103730
0 0.146179 0.778185 0.114299 0.102019
0 0.715137 0.259195 0.025869 0.023998
0 0.882411 0.689233 0.098594 0.083994
0 0.951053 0.552801 0.059421 0.052799
0 0.005422 0.431671 0.010844 0.025242
0 0.340148 0.980920 0.027568 0.026585
0 0.846756 0.108023 0.030804 0.027736
0 0.733721 0.972909 0.063309 0.053020
0 0.942458 0.229940 0.025093 0.022416
0 0.040450 0.858288 0.040442 0.036469
0 0.804072 0.437628 0.027742 0.026719
0 0.655627 0.153499 0.099764 0.089520
0 0.976075 0.993932 0.030343 0.012137