0 0.794375 0.063466 0.124716 0.095002
0 0.860711 0.954228 0.058051 0.039937
0 0.247617 0.806297 0.180561 0.123735
0 0.961177 0.836953 0.043446 0.033650
0 0.420983 0.551889 0.080859 0.061936
0 0.573512 0.480497 0.061787 0.045085
0 0.842968 0.174896 0.101349 0.075742
0 0.892386 0.901999 0.047986 0.035199
0 0.469614 0.730265 0.122596 0.084672
0 0.417112 0.076192 0.333786 0.149085
0 0.245337 0.342152 0.139471 0.108442
0 0.945331 0.598139 0.064053 0.050811
0 0.262547 0.615399 0.082330 0.057452
0 0.731201 0.024385 0.137084 0.048548
0 0.270577 0.661188 0.055808 0.039095
0 0.687285 0.792439 0.050715 0.036239
0 0.897263 0.208490 0.092884 0.067269
0 0.727385 0.194889 0.049639 0.034990
0 0.444233 0.222877 0.061232 0.048369
0 0.707832 0.097326 0.046580 0.035645
0 0.759828 0.217833 0.050308 0.036155
0 0.766960 0.168761 0.058502 0.044005
0 0.880455 0.046128 0.068785 0.055048
0 0.736935 0.956455 0.054057 0.039717
0 0.888286 0.504134 0.059706 0.045114
0 0.305476 0.282573 0.048454 0.036801
0 0.402140 0.928114 0.062084 0.042778
0 0.941571 0.476825 0.077056 0.055592
0 0.981384 0.341019 0.037232 0.042777
0 0.971249 0.192524 0.057010 0.064704
0 0.042655 0.512238 0.084432 0.083086
0 0.160707 0.043477 0.038911 0.031120
0 0.926853 0.281814 0.039795 0.032755
0 0.672159 0.204609 0.050696 0.035440
0 0.300053 0.950055 0.080816 0.059232
0 0.375499 0.213596 0.072414 0.052169
0 0.221465 0.675646 0.040344 0.031648
0 0.947930 0.087496 0.081454 0.057330
0 0.378578 0.196689 0.101496 0.079120
0 0.971610 0.500737 0.041073 0.029478
0 0.978993 0.012283 0.042013 0.024529
0 0.286012 0.167082 0.108972 0.082626
0 0.965470 0.376829 0.042912 0.034295
0 0.699765 0.061052 0.038547 0.028934
0 0.017874 0.259516 0.035437 0.063231
0 0.388029 0.669489 0.088855 0.063883
0 0.320826 0.370736 0.074774 0.058653
0 0.949159 0.007646 0.047085 0.015291
0 0.628639 0.718708 0.081968 0.060082
0 0.588548 0.076621 0.052654 0.037933
0 0.633679 0.625055 0.041931 0.031656
0 0.950873 0.077840 0.093870 0.068526
0 0.295313 0.953987 0.071039 0.045947
0 0.539610 0.610923 0.058360 0.041684
0 0.834928 0.173311 0.085616 0.062688
0 0.111527 0.156730 0.037247 0.031296
0 0.149318 0.167931 0.257988 0.214953
0 0.879820 0.168510 0.043913 0.032785
0 0.383705 0.180294 0.078248 0.056898
0 0.522302 0.257476 0.038033 0.029872
0 0.468025 0.163191 0.077788 0.060831
0 0.945964 0.441181 0.050999 0.036393
0 0.860973 0.015091 0.048949 0.030182
0 0.668865 0.109994 0.034327 0.026278
0 0.559659 0.982114 0.082154 0.035771
0 0.850724 0.131331 0.037204 0.029142
0 0.153144 0.696903 0.116814 0.092750
0 0.869884 0.090606 0.047829 0.035030
0 0.377623 0.205353 0.090740 0.062142
0 0.377311 0.220164 0.064261 0.045837
0 0.967119 0.011015 0.065762 0.021873
0 0.995183 0.244755 0.009634 0.041516
0 0.239812 0.023803 0.071725 0.047563
0 0.385692 0.595856 0.049927 0.035851
0 0.699749 0.621213 0.042224 0.031400
0 0.618440 0.728859 0.049426 0.033690
0 0.888541 0.134936 0.048130 0.033714
0 0.838365 0.107631 0.035279 0.024509
0 0.982577 0.614315 0.034388 0.057953