0 0.942719 0.449108 0.063757 0.061470
0 0.072514 0.948039 0.066264 0.062703
0 0.341101 0.449057 0.043591 0.042248
0 0.015603 0.512674 0.031206 0.036794
0 0.968512 0.592625 0.032506 0.030843
0 0.527305 0.982592 0.049461 0.034817
0 0.145025 0.043261 0.045932 0.043292
0 0.110823 0.506465 0.032765 0.031639
0 0.271697 0.599250 0.031263 0.029885
0 0.603355 0.983092 0.114388 0.033816
0 0.598512 0.041814 0.030938 0.030250
0 0.872422 0.836687 0.026754 0.025616
0 0.385284 0.375930 0.030969 0.029494
0 0.987913 0.636423 0.023448 0.022900
0 0.285671 0.023973 0.025494 0.023166
0 0.230694 0.218697 0.023007 0.021864
0 0.843971 0.406922 0.025259 0.023752
0 0.829357 0.102663 0.070098 0.068841
0 0.049741 0.089803 0.023157 0.022743
0 0.006127 0.092969 0.012255 0.029290