0 0.971043 0.500383 0.039956 0.038251
0 0.690304 0.563427 0.051550 0.051133
0 0.180866 0.413640 0.038349 0.038145
0 0.427118 0.336201 0.037755 0.037633
0 0.959922 0.380412 0.054914 0.055584
0 0.757458 0.280054 0.097979 0.094968
0 0.202304 0.776428 0.029315 0.029166
0 0.459518 0.398906 0.030980 0.029844
0 0.978634 0.689769 0.036909 0.036693
0 0.063756 0.559983 0.029397 0.028716
0 0.039245 0.576941 0.027940 0.028211
0 0.598780 0.067725 0.026100 0.026345
0 0.599393 0.664591 0.027208 0.026235
0 0.534784 0.429431 0.033563 0.033928
0 0.799897 0.912917 0.024512 0.023315
0 0.217056 0.925175 0.068667 0.067708
0 0.714469 0.972691 0.024768 0.022572
0 0.641874 0.315172 0.029509 0.029152
0 0.974322 0.900407 0.027759 0.026103
0 0.675371 0.316030 0.024219 0.024356
0 0.632113 0.339733 0.023077 0.023354
0 0.745366 0.915331 0.026176 0.025015
0 0.675418 0.718257 0.040671 0.037346
0 0.725596 0.991787 0.025780 0.016258