0 0.839800 0.377125 0.205799 0.162723
0 0.686843 0.748884 0.483847 0.360205
0 0.643458 0.277146 0.149327 0.113811
0 0.212905 0.863476 0.043289 0.033872
0 0.199902 0.668488 0.266702 0.191244
0 0.920866 0.953721 0.053982 0.039888
0 0.039754 0.314810 0.079473 0.076246
0 0.749732 0.053959 0.241620 0.107196
0 0.111662 0.379429 0.048313 0.035888
0 0.034528 0.809335 0.069057 0.076805
0 0.226521 0.796469 0.048641 0.038453
0 0.537975 0.497531 0.044280 0.033539
0 0.498662 0.508621 0.227925 0.178168
0 0.130263 0.582289 0.039439 0.030141
0 0.933632 0.068883 0.130748 0.137766
0 0.376843 0.895045 0.042325 0.031203
0 0.881981 0.987006 0.050349 0.025763
0 0.602353 0.931552 0.055789 0.038368
0 0.258716 0.088487 0.181052 0.148248
0 0.021217 0.392659 0.042433 0.037715
0 0.701235 0.118330 0.058533 0.042984
0 0.348437 0.759681 0.118618 0.087861
0 0.952832 0.874717 0.045823 0.034848
0 0.096567 0.858015 0.082900 0.065637
0 0.353129 0.226562 0.037680 0.027771
0 0.891370 0.201390 0.062855 0.049179
0 0.347809 0.287205 0.036143 0.030428
0 0.867881 0.956652 0.046981 0.036240
0 0.364137 0.447624 0.162649 0.127332
0 0.355018 0.927311 0.057724 0.044288
0 0.203990 0.734358 0.126879 0.090225
0 0.973659 0.903290 0.043682 0.032021
0 0.465341 0.988314 0.041799 0.023373
0 0.044554 0.982886 0.079876 0.034227
0 0.050334 0.458354 0.032821 0.025920
0 0.026696 0.910333 0.053392 0.179334
0 0.138257 0.254005 0.069006 0.048992
0 0.532439 0.940651 0.243706 0.118698
0 0.048243 0.252033 0.096486 0.119740
0 0.877452 0.930136 0.040002 0.029372
0 0.236154 0.023621 0.152222 0.046484
0 0.740046 0.793168 0.028837 0.022996
0 0.087579 0.175262 0.085206 0.066085
0 0.030347 0.159723 0.050002 0.040563
0 0.164781 0.644451 0.194223 0.149441
0 0.657254 0.485638 0.062089 0.051402
0 0.099229 0.952549 0.116767 0.089602
0 0.986646 0.665465 0.026511 0.024656
0 0.076773 0.019569 0.150969 0.039138