0 0.570570 0.615052 0.090370 0.089011
0 0.267183 0.850325 0.322711 0.299351
0 0.162367 0.726308 0.084744 0.082109
0 0.714665 0.394116 0.258231 0.245668
0 0.246412 0.443022 0.125093 0.126720
0 0.108472 0.186903 0.093871 0.093763
0 0.511905 0.683111 0.039282 0.038495
0 0.734002 0.620669 0.036979 0.036603
0 0.760781 0.683920 0.034639 0.034613
0 0.580918 0.081112 0.056133 0.053905
0 0.149810 0.045924 0.150171 0.091847
0 0.330542 0.165452 0.071457 0.069140
0 0.866304 0.659317 0.030593 0.029577
0 0.468565 0.519354 0.029157 0.028156
0 0.054831 0.415724 0.027639 0.027394
0 0.039438 0.084742 0.078877 0.080577
0 0.562243 0.482657 0.067550 0.063833
0 0.984548 0.295416 0.025568 0.024212
0 0.061762 0.567844 0.026505 0.026128
0 0.842452 0.190646 0.044164 0.040711
0 0.869814 0.231760 0.031226 0.029621
0 0.321781 0.008831 0.029466 0.017510
0 0.394545 0.599013 0.026446 0.025811
0 0.601001 0.523026 0.031144 0.030427
0 0.276542 0.908229 0.025389 0.025834
0 0.261570 0.121129 0.057516 0.057937
0 0.845158 0.567693 0.025905 0.026882
0 0.025033 0.216312 0.050066 0.089590
0 0.653331 0.986728 0.023750 0.023883
0 0.592175 0.555375 0.039969 0.038049
0 0.552427 0.410340 0.096448 0.087882
0 0.040359 0.017800 0.077215 0.035053
0 0.432604 0.532828 0.024938 0.024960
0 0.530906 0.268634 0.136916 0.126619
0 0.153546 0.526789 0.068608 0.068520
0 0.651758 0.493920 0.033423 0.031494
0 0.523493 0.809796 0.023467 0.023684
0 0.052110 0.501853 0.104220 0.279337
0 0.766888 0.713215 0.026167 0.025025