0 0.808562 0.148427 0.041947 0.041233
0 0.719561 0.779197 0.071686 0.069248
0 0.820574 0.934236 0.048975 0.046731
0 0.414012 0.982330 0.056518 0.035255
0 0.072765 0.478650 0.048171 0.046932
0 0.635707 0.376425 0.031921 0.031722
0 0.706233 0.827943 0.229783 0.224800
0 0.971240 0.701106 0.030484 0.029851
0 0.345986 0.913852 0.037173 0.036994
0 0.939081 0.572753 0.030523 0.029679
0 0.118950 0.412359 0.053753 0.051065
0 0.676743 0.052704 0.027468 0.026799
0 0.507383 0.010815 0.057180 0.021606
0 0.052274 0.437205 0.048582 0.046482
0 0.616819 0.310358 0.027001 0.026118
0 0.031424 0.468164 0.045150 0.043085
0 0.707542 0.394530 0.026374 0.025812
0 0.212656 0.523107 0.026437 0.025350
0 0.689617 0.694793 0.037558 0.036361
0 0.402907 0.854761 0.114401 0.113675
0 0.989669 0.013695 0.020661 0.027390
0 0.795174 0.449934 0.026023 0.025146
0 0.857672 0.205842 0.023966 0.023735
0 0.378789 0.964924 0.040730 0.038932
0 0.426159 0.188809 0.024710 0.023819
0 0.550917 0.023494 0.024473 0.023855
0 0.087736 0.649990 0.051577 0.050023
0 0.037607 0.498789 0.039905 0.038182
0 0.448578 0.830714 0.030101 0.030504
0 0.145343 0.620173 0.071327 0.068983
0 0.120074 0.461848 0.053816 0.052159
0 0.484320 0.585580 0.022913 0.022637
0 0.012981 0.542196 0.025963 0.127545
0 0.813738 0.937527 0.187119 0.124945
0 0.924434 0.867719 0.030143 0.030632