0 0.607982 0.351711 0.234307 0.234063
0 0.857849 0.377068 0.058329 0.057341
0 0.853547 0.924513 0.033861 0.033099
0 0.546123 0.829835 0.041050 0.039677
0 0.764525 0.895831 0.038417 0.037785
0 0.082744 0.186763 0.064991 0.063106
0 0.099459 0.010048 0.037950 0.019817
0 0.283443 0.487110 0.029661 0.029311
0 0.696753 0.891897 0.030101 0.029849
0 0.327163 0.543079 0.028375 0.028387
0 0.413451 0.695337 0.028382 0.027864
0 0.506869 0.811064 0.037320 0.035199
0 0.988119 0.614638 0.023762 0.030052
0 0.159487 0.555306 0.035940 0.035473
0 0.934982 0.052597 0.038452 0.039133
0 0.761218 0.940400 0.026280 0.026335
0 0.756124 0.587151 0.065581 0.064937
0 0.130960 0.180527 0.038635 0.038794
0 0.658466 0.687608 0.094222 0.095921
0 0.755578 0.865492 0.024285 0.024232
0 0.354677 0.805049 0.105205 0.102138
0 0.228381 0.683469 0.024338 0.024446
0 0.562284 0.991068 0.028411 0.017701
0 0.006398 0.364836 0.012795 0.025083
0 0.022656 0.662485 0.029546 0.028377
0 0.648946 0.979943 0.063472 0.040115
0 0.899362 0.035256 0.040390 0.039163
0 0.180002 0.680115 0.025771 0.026070
0 0.039989 0.515389 0.031487 0.031588