0 0.297559 0.828087 0.034425 0.033586
0 0.082782 0.157981 0.033168 0.031172
0 0.263631 0.966755 0.033835 0.033190
0 0.084457 0.732629 0.168913 0.320014
0 0.726947 0.786816 0.038798 0.038495
0 0.670367 0.873802 0.042150 0.041518
0 0.201623 0.047570 0.050140 0.046231
0 0.422711 0.135078 0.035771 0.034519
0 0.986734 0.074772 0.026531 0.049830
0 0.453160 0.785658 0.049665 0.049387
0 0.234500 0.867902 0.029121 0.028489
0 0.795639 0.083693 0.062609 0.060971
0 0.199935 0.863634 0.037656 0.035796
0 0.473085 0.886420 0.050731 0.049458
0 0.680003 0.918806 0.079141 0.076555
0 0.356473 0.218398 0.056551 0.054879
0 0.785393 0.742779 0.051148 0.048583
0 0.814805 0.614438 0.040591 0.039361
0 0.078821 0.977947 0.056897 0.044106
0 0.989879 0.039487 0.020242 0.049175
0 0.720857 0.865261 0.052428 0.050126
0 0.986482 0.061410 0.026629 0.079459
0 0.973692 0.738693 0.052616 0.146628
0 0.672792 0.683767 0.038742 0.036367
0 0.491264 0.339966 0.055606 0.052904
0 0.724900 0.747208 0.027927 0.027375
0 0.409046 0.870445 0.074181 0.074267
0 0.774604 0.685894 0.052651 0.051410
0 0.964423 0.005403 0.026945 0.010356
0 0.834353 0.340706 0.025375 0.025230
0 0.991821 0.034136 0.016358 0.050806
0 0.686686 0.915953 0.066238 0.061963
0 0.723974 0.862308 0.062290 0.061789
0 0.099066 0.770251 0.031027 0.031974
0 0.465058 0.741250 0.026575 0.026678
0 0.773806 0.121632 0.024886 0.025493
0 0.693767 0.911362 0.052541 0.050751
0 0.523511 0.844069 0.027936 0.028977
0 0.485644 0.430440 0.054560 0.051348
0 0.127694 0.957195 0.049983 0.050181