0 0.166327 0.876743 0.206440 0.162049
0 0.417992 0.805864 0.067492 0.050187
0 0.650645 0.709246 0.081385 0.063137
0 0.976706 0.411097 0.046348 0.067133
0 0.902971 0.568731 0.039507 0.031232
0 0.478992 0.309456 0.047764 0.036424
0 0.378149 0.129061 0.038780 0.032451
0 0.538148 0.663218 0.042285 0.034303
0 0.239720 0.316303 0.098481 0.074877
0 0.407431 0.580431 0.053146 0.039838
0 0.430965 0.138131 0.036782 0.029534
0 0.538297 0.904023 0.068834 0.048070
0 0.240720 0.127925 0.040610 0.032404
0 0.963722 0.872164 0.072556 0.147059
0 0.534830 0.721160 0.081450 0.060888
0 0.045754 0.492218 0.054407 0.042813
0 0.976874 0.089082 0.046252 0.083699
0 0.696158 0.405027 0.038026 0.031492
0 0.611122 0.755268 0.085428 0.059618
0 0.079531 0.541478 0.065039 0.056707
0 0.119322 0.482733 0.232943 0.540483
0 0.345867 0.805583 0.068778 0.055915
0 0.574053 0.319420 0.062895 0.052561
0 0.015685 0.578903 0.031370 0.048194
0 0.320535 0.421251 0.074593 0.061449
0 0.019468 0.573075 0.038935 0.056474
0 0.448411 0.705711 0.035395 0.029232
0 0.941364 0.798691 0.087702 0.068297
0 0.372471 0.548765 0.044794 0.036025
0 0.770324 0.486496 0.030468 0.026922
0 0.717810 0.974318 0.360834 0.051364
0 0.145306 0.200805 0.266658 0.197043
0 0.369721 0.399599 0.031086 0.025630
0 0.723437 0.629777 0.037495 0.030079
0 0.506188 0.239517 0.047466 0.038779
0 0.940064 0.034244 0.119872 0.068489
0 0.540800 0.201476 0.666745 0.402952
0 0.744754 0.655451 0.038718 0.030999
0 0.752614 0.977416 0.219098 0.045169
0 0.828417 0.846382 0.028827 0.025430
0 0.553185 0.906028 0.047459 0.033345
0 0.450142 0.950491 0.045898 0.034506