0 0.532456 0.753050 0.061181 0.046903
0 0.283328 0.382950 0.079883 0.061391
0 0.665039 0.478814 0.070479 0.053991
0 0.522663 0.869538 0.065551 0.048488
0 0.927110 0.052622 0.041386 0.033553
0 0.896047 0.972513 0.060545 0.048653
0 0.612601 0.590567 0.036451 0.031367
0 0.660090 0.036851 0.053691 0.040215
0 0.105440 0.385769 0.051515 0.041139
0 0.832362 0.319317 0.057981 0.048548
0 0.208540 0.823982 0.039891 0.031565
0 0.231854 0.933824 0.049455 0.034745
0 0.743292 0.984083 0.039560 0.031363
0 0.857367 0.363712 0.062932 0.050084
0 0.764672 0.038710 0.054026 0.040889
0 0.080119 0.820300 0.054898 0.044309
0 0.204173 0.708591 0.069792 0.053403
0 0.863840 0.623904 0.062227 0.048382
0 0.803045 0.740687 0.034904 0.029252
0 0.693232 0.133243 0.041640 0.031836
0 0.866765 0.405669 0.047467 0.037775
0 0.973147 0.667973 0.036317 0.028885
0 0.465952 0.676108 0.042119 0.033275
0 0.732926 0.881084 0.037914 0.029870
0 0.284816 0.719584 0.074255 0.061312
0 0.965809 0.180950 0.037349 0.028926
0 0.958791 0.434568 0.082417 0.065096
0 0.620938 0.251542 0.053913 0.040521
0 0.375382 0.236526 0.033944 0.028393
0 0.318019 0.960096 0.032651 0.026776
0 0.812475 0.635639 0.041584 0.032553
0 0.419670 0.282436 0.032907 0.027175
0 0.165568 0.470573 0.046799 0.037242
0 0.096661 0.848375 0.032727 0.027423
0 0.651989 0.813794 0.058825 0.047678
0 0.687631 0.857582 0.065525 0.053846
0 0.869667 0.916663 0.151767 0.122977
0 0.955205 0.975011 0.089590 0.049978
0 0.523355 0.007337 0.039944 0.014674
0 0.991958 0.793911 0.015345 0.026266
0 0.112317 0.101259 0.049930 0.040892
0 0.074047 0.664949 0.148093 0.122142
0 0.041765 0.774950 0.035029 0.029382
0 0.231293 0.986773 0.035592 0.025341
0 0.814878 0.176449 0.036142 0.029731
0 0.886909 0.621444 0.225044 0.338889
0 0.852469 0.757676 0.038966 0.030681
0 0.941053 0.298812 0.116606 0.264589
0 0.296039 0.207086 0.040598 0.032289
0 0.319679 0.639559 0.088053 0.071450
0 0.965270 0.973060 0.066419 0.053881
0 0.682128 0.663064 0.085303 0.065404
0 0.683386 0.196711 0.084998 0.063302
0 0.624040 0.061662 0.036837 0.028135
0 0.769819 0.227885 0.034834 0.029798
0 0.458636 0.529626 0.033916 0.027454
0 0.164030 0.154365 0.112119 0.082592
0 0.719362 0.325666 0.183776 0.151624
0 0.404281 0.710421 0.147198 0.115952
0 0.457814 0.595791 0.263309 0.184048
0 0.537289 0.805303 0.067630 0.054601
0 0.520902 0.127282 0.086407 0.069190
0 0.539400 0.910250 0.030719 0.024599
0 0.728576 0.720620 0.101051 0.072437
0 0.092131 0.241243 0.173735 0.152055
0 0.914810 0.401614 0.042529 0.031850
0 0.840755 0.255106 0.081883 0.061375
0 0.327447 0.032931 0.051921 0.042824
0 0.063610 0.078394 0.047779 0.038515
0 0.681018 0.660986 0.073353 0.052692