0 0.138264 0.541065 0.072213 0.056509
0 0.310489 0.341135 0.491376 0.374564
0 0.829759 0.495764 0.049823 0.037887
0 0.241099 0.949173 0.068399 0.050152
0 0.857621 0.828134 0.178376 0.135165
0 0.304265 0.710088 0.215592 0.170131
0 0.969949 0.318664 0.057279 0.047585
0 0.945891 0.330748 0.040413 0.027401
0 0.026599 0.890189 0.052579 0.093619
0 0.812133 0.969708 0.091064 0.060584
0 0.010607 0.153059 0.020985 0.027802
0 0.277996 0.980151 0.035026 0.029789
0 0.970686 0.313272 0.050075 0.039845
0 0.189078 0.502700 0.052240 0.040995
0 0.795406 0.898983 0.094518 0.075662
0 0.030746 0.375813 0.059919 0.062492
0 0.029545 0.990087 0.035957 0.019634
0 0.136308 0.100715 0.036422 0.029523
0 0.417558 0.952475 0.070817 0.055606
0 0.980001 0.591808 0.039998 0.039534
0 0.061036 0.171422 0.117285 0.098623
0 0.859242 0.018522 0.053226 0.036508