0 0.664018 0.768309 0.171339 0.155570
0 0.682366 0.039458 0.062690 0.058394
0 0.588087 0.110034 0.047475 0.045278
0 0.243312 0.377220 0.088089 0.085458
0 0.460240 0.948497 0.123935 0.102724
0 0.893451 0.330779 0.059161 0.052831
0 0.432117 0.850468 0.135958 0.136533
0 0.536218 0.670438 0.035660 0.032591
0 0.614926 0.556732 0.041614 0.037766
0 0.715254 0.313537 0.036960 0.034220
0 0.491997 0.332512 0.423025 0.392456
0 0.201367 0.304952 0.060731 0.060201
0 0.015460 0.282321 0.030047 0.047542
0 0.096642 0.812852 0.071377 0.068724
0 0.085964 0.630184 0.038291 0.036564
0 0.316885 0.466618 0.030915 0.030168
0 0.646634 0.984427 0.061039 0.031145
0 0.306410 0.657766 0.425253 0.462498
0 0.905776 0.801402 0.088737 0.083360
0 0.101193 0.686450 0.029014 0.028390
0 0.981189 0.265886 0.037271 0.037133
0 0.849018 0.791588 0.066517 0.063706
0 0.754474 0.283689 0.042170 0.036371
0 0.037324 0.759169 0.033433 0.031855
0 0.863096 0.423731 0.271027 0.335693
0 0.192998 0.835376 0.028447 0.027373
0 0.159953 0.772635 0.026581 0.026611
0 0.497059 0.739642 0.031542 0.029372
0 0.675210 0.563668 0.033822 0.031326
0 0.231512 0.102002 0.232934 0.200367
0 0.613259 0.941655 0.059871 0.055419
0 0.631419 0.955854 0.037836 0.036047
0 0.677208 0.693426 0.033503 0.032337
0 0.701811 0.983634 0.046339 0.032538
0 0.988098 0.831021 0.023429 0.031370
0 0.151392 0.571642 0.148902 0.140657
0 0.257372 0.607518 0.026752 0.026541
0 0.374045 0.144691 0.052497 0.048484
0 0.758891 0.720936 0.049896 0.046845
0 0.046057 0.298046 0.027377 0.026371
0 0.484904 0.077242 0.324268 0.151969
0 0.055860 0.651813 0.029831 0.027989
0 0.180899 0.793322 0.027095 0.026363
0 0.857356 0.386904 0.030428 0.028375
0 0.772154 0.960738 0.056798 0.051948
0 0.811032 0.988279 0.042808 0.023123
0 0.852614 0.987585 0.043908 0.024831
0 0.661695 0.643140 0.059836 0.055474
0 0.944926 0.893336 0.062010 0.052914
0 0.320065 0.944232 0.048957 0.047199
0 0.700491 0.622292 0.028663 0.026723
0 0.954358 0.901155 0.088783 0.079589
0 0.603626 0.944481 0.041822 0.040627
0 0.971511 0.267807 0.046662 0.036067
0 0.991586 0.213191 0.016790 0.036492
0 0.242932 0.867363 0.024535 0.024766
0 0.113204 0.030184 0.043067 0.039836
0 0.961824 0.984322 0.075991 0.031221
0 0.052748 0.869319 0.024562 0.023581
0 0.957102 0.270770 0.030443 0.029097
0 0.605163 0.597593 0.044433 0.040559
0 0.798503 0.916954 0.036607 0.032952
0 0.622432 0.952495 0.051745 0.046419
0 0.806712 0.903991 0.037783 0.035655
0 0.372308 0.435094 0.056206 0.056138
0 0.803359 0.911560 0.042483 0.039479
0 0.438126 0.124832 0.069854 0.066085
0 0.050536 0.181361 0.028667 0.026882