0 0.672875 0.238898 0.120109 0.099757
0 0.297426 0.424229 0.070601 0.057899
0 0.156941 0.394396 0.106828 0.090335
0 0.839643 0.694318 0.086461 0.071952
0 0.656539 0.369872 0.052333 0.042545
0 0.385164 0.150379 0.101304 0.076943
0 0.955380 0.117844 0.089240 0.110074
0 0.799242 0.422678 0.063065 0.051944
0 0.124012 0.963288 0.068058 0.060665
0 0.444427 0.301864 0.057832 0.044410
0 0.348499 0.223957 0.047040 0.037030
0 0.167458 0.494679 0.049840 0.039704
0 0.223195 0.326338 0.058120 0.045876
0 0.517132 0.248473 0.053515 0.041925
0 0.751661 0.898940 0.038159 0.031810
0 0.659032 0.084763 0.054101 0.044762
0 0.615835 0.360158 0.048036 0.038716
0 0.524053 0.155577 0.053992 0.043978
0 0.635800 0.305534 0.066785 0.053888
0 0.267983 0.065673 0.077452 0.063676
0 0.593825 0.700004 0.037261 0.031840
0 0.570910 0.362933 0.038028 0.029963
0 0.510039 0.065859 0.060674 0.048643
0 0.247913 0.191641 0.040035 0.032637
0 0.259280 0.283952 0.047466 0.040156
0 0.473518 0.617092 0.031872 0.027666
0 0.872121 0.102775 0.079989 0.063677
0 0.397651 0.318322 0.037163 0.029565
0 0.922543 0.158706 0.079482 0.063610
0 0.768990 0.844731 0.095753 0.073624
0 0.556445 0.751695 0.205691 0.190161
0 0.959005 0.396550 0.081990 0.107953
0 0.962193 0.011667 0.075613 0.023314
0 0.886896 0.028380 0.091381 0.056760
0 0.855602 0.013861 0.079212 0.027251
0 0.939677 0.309285 0.031373 0.025940
0 0.866751 0.017479 0.105902 0.034958
0 0.595062 0.009526 0.050844 0.019053
0 0.256572 0.245428 0.033630 0.028355
0 0.523638 0.103054 0.041194 0.034944
0 0.709057 0.151224 0.031584 0.026935
0 0.007792 0.536946 0.015585 0.026009
0 0.078354 0.148710 0.028859 0.026331
0 0.250786 0.675967 0.029652 0.026674
0 0.968084 0.318093 0.026610 0.023733
0 0.390056 0.060978 0.040902 0.032606
0 0.582442 0.276531 0.055505 0.043985
0 0.453024 0.875740 0.114708 0.097272
0 0.927918 0.169232 0.062152 0.044287
0 0.806026 0.083243 0.031296 0.026309
0 0.493400 0.766689 0.313738 0.249091
0 0.940559 0.671231 0.064185 0.053532
0 0.903947 0.716769 0.074790 0.066068
0 0.988397 0.677421 0.023207 0.073055
0 0.550926 0.906297 0.183660 0.156987
0 0.778538 0.966664 0.093874 0.066471