0 0.240209 0.208354 0.113765 0.091591
0 0.482949 0.981969 0.061003 0.035964
0 0.500148 0.478960 0.065608 0.050332
0 0.141030 0.187289 0.102051 0.081684
0 0.153874 0.238569 0.061644 0.044879
0 0.584585 0.641539 0.051057 0.037248
0 0.240805 0.122162 0.126396 0.104573
0 0.121153 0.828403 0.060502 0.048212
0 0.296486 0.743777 0.107799 0.081337
0 0.516010 0.659193 0.082244 0.061482
0 0.234195 0.016551 0.068894 0.032712
0 0.814999 0.082266 0.370002 0.162437
0 0.611015 0.911946 0.060569 0.048872
0 0.812822 0.343684 0.065032 0.049090
0 0.229287 0.475178 0.046675 0.031981
0 0.393818 0.796289 0.112886 0.088661
0 0.878585 0.777467 0.037990 0.032932
0 0.910325 0.255548 0.042566 0.033659
0 0.498543 0.257593 0.143505 0.094246
0 0.546544 0.981901 0.060702 0.036197
0 0.948395 0.415796 0.032681 0.025904
0 0.565197 0.416569 0.065123 0.047708
0 0.339004 0.851544 0.056090 0.046109
0 0.935996 0.935208 0.029165 0.024441
0 0.626439 0.011758 0.031195 0.023517
0 0.513369 0.150476 0.057446 0.044985
0 0.279566 0.169083 0.041243 0.030483
0 0.833449 0.256135 0.091744 0.067823
0 0.158826 0.380098 0.317651 0.318458
0 0.367913 0.819211 0.138079 0.102843
0 0.706520 0.326603 0.037910 0.027776
0 0.891915 0.501802 0.038661 0.031121
0 0.771735 0.293975 0.106673 0.084480
0 0.370215 0.727533 0.071005 0.051517
0 0.826232 0.427301 0.047260 0.034994
0 0.704440 0.915153 0.066177 0.052430
0 0.378637 0.806325 0.137984 0.101664
0 0.437758 0.871879 0.057665 0.045616
0 0.350365 0.827580 0.109273 0.084575
0 0.836987 0.900671 0.080575 0.064238
0 0.126526 0.684858 0.031362 0.025178
0 0.520597 0.865089 0.041340 0.031923
0 0.611990 0.335340 0.038839 0.028859
0 0.312092 0.891777 0.087737 0.069789
0 0.540015 0.971898 0.083768 0.053803
0 0.644492 0.517800 0.108073 0.087517
0 0.301718 0.586767 0.401780 0.270964
0 0.665768 0.293114 0.050709 0.037907
0 0.009416 0.544888 0.018833 0.101736