0 0.805073 0.832840 0.168067 0.165930
0 0.829643 0.167105 0.265566 0.267467
0 0.245576 0.753066 0.073163 0.073126
0 0.349741 0.416804 0.080442 0.079030
0 0.331686 0.781946 0.058455 0.058860
0 0.061530 0.782631 0.039940 0.039180
0 0.192662 0.782033 0.048707 0.046853
0 0.129483 0.581234 0.066202 0.063086
0 0.583816 0.845593 0.181115 0.178852
0 0.304193 0.880765 0.041419 0.040805
0 0.882936 0.735889 0.042989 0.042784
0 0.350623 0.963226 0.040126 0.040596
0 0.193961 0.868413 0.034601 0.033784
0 0.600914 0.802920 0.056780 0.057621
0 0.131728 0.881766 0.032308 0.032316
0 0.764295 0.384020 0.239384 0.215323
0 0.507008 0.880483 0.034706 0.034010
0 0.849480 0.694269 0.030562 0.030715
0 0.298674 0.072511 0.043879 0.039824
0 0.634400 0.604093 0.069070 0.066524
0 0.362383 0.888377 0.038357 0.037674
0 0.776303 0.529738 0.030102 0.030130
0 0.443774 0.851966 0.033052 0.032676
0 0.778470 0.932436 0.379253 0.135128
0 0.155532 0.485753 0.032207 0.030243
0 0.721422 0.647967 0.030106 0.028575
0 0.246344 0.480019 0.029500 0.029278
0 0.587343 0.559381 0.035400 0.033926
0 0.086411 0.821393 0.029030 0.029070
0 0.925494 0.435526 0.028454 0.027547
0 0.479585 0.732152 0.030653 0.030943
0 0.194297 0.748189 0.032331 0.031356
0 0.312896 0.947489 0.031231 0.030594
0 0.816623 0.563775 0.028766 0.028749
0 0.286958 0.556948 0.029147 0.028793
0 0.229066 0.414444 0.051981 0.049511
0 0.423356 0.966241 0.029788 0.029324
0 0.531332 0.402409 0.031904 0.029677
0 0.789625 0.376150 0.196845 0.183395
0 0.894071 0.435894 0.028355 0.026570
0 0.517586 0.516560 0.071307 0.067371
0 0.332955 0.851041 0.034981 0.034262
0 0.151204 0.175456 0.302408 0.347829
0 0.286617 0.229309 0.136198 0.123835
0 0.216534 0.463175 0.038303 0.036805
0 0.600263 0.596970 0.027307 0.025849
0 0.500433 0.945202 0.027411 0.026762
0 0.958610 0.394721 0.071970 0.069281
0 0.393297 0.895361 0.028701 0.028692
0 0.522234 0.523876 0.052631 0.050393
0 0.874804 0.309595 0.026241 0.025374
0 0.792091 0.770939 0.033729 0.034607
0 0.694779 0.281475 0.027827 0.026248
0 0.354328 0.866071 0.028345 0.027694
0 0.899570 0.529177 0.025747 0.024129
0 0.688668 0.402614 0.134686 0.137157
0 0.762107 0.913577 0.380813 0.166221
0 0.205876 0.280528 0.069422 0.062335
0 0.245618 0.843453 0.029974 0.029912
0 0.702244 0.028019 0.078613 0.056038