0 0.354778 0.272088 0.061666 0.060220
0 0.971683 0.018463 0.034797 0.034288
0 0.830664 0.604534 0.051224 0.050795
0 0.157391 0.550510 0.045069 0.043095
0 0.358870 0.910170 0.037150 0.037046
0 0.601263 0.964722 0.074715 0.070557
0 0.324508 0.811068 0.037957 0.036306
0 0.452567 0.120779 0.039205 0.038318
0 0.386511 0.641497 0.095676 0.093184
0 0.812666 0.686153 0.033984 0.033336
0 0.059686 0.209571 0.076903 0.076302
0 0.353446 0.016570 0.028102 0.028009
0 0.853008 0.948075 0.053078 0.051332
0 0.470109 0.613381 0.041448 0.041082
0 0.585286 0.503945 0.040976 0.039405
0 0.887352 0.204878 0.050355 0.051608
0 0.168320 0.881756 0.026121 0.025858
0 0.050778 0.458275 0.044207 0.043169
0 0.054842 0.497058 0.109685 0.115118
0 0.434351 0.087537 0.055287 0.054503
0 0.293540 0.768033 0.085709 0.085928
0 0.773298 0.263330 0.027304 0.027004
0 0.384986 0.185315 0.066370 0.063794
0 0.046552 0.522768 0.077452 0.076400
0 0.993598 0.092210 0.012522 0.023557
0 0.855524 0.663596 0.060769 0.058916
0 0.664722 0.524503 0.028963 0.028619
0 0.660428 0.367005 0.033006 0.032481
0 0.940251 0.672897 0.110361 0.111305
0 0.286711 0.131936 0.093151 0.091676
0 0.304809 0.601809 0.081478 0.083915
0 0.612925 0.034978 0.084013 0.069955
0 0.702673 0.713091 0.044444 0.043360
0 0.881375 0.077854 0.020297 0.020350
0 0.153550 0.466424 0.028512 0.028440
0 0.564511 0.017395 0.025144 0.025827
0 0.048027 0.507691 0.094084 0.101888
0 0.788983 0.640556 0.072945 0.072655
0 0.471710 0.067756 0.027927 0.027736
0 0.217811 0.683107 0.123268 0.127814
0 0.518990 0.696541 0.056164 0.057025
0 0.437877 0.496888 0.081222 0.081710
0 0.820278 0.207884 0.032356 0.031755
0 0.495662 0.989319 0.050700 0.021361
0 0.873387 0.262667 0.057105 0.056204
0 0.073584 0.021265 0.055760 0.041947
0 0.237187 0.987334 0.045894 0.025332
0 0.068911 0.669626 0.089925 0.092282
0 0.239131 0.168368 0.027932 0.027094
0 0.455582 0.937209 0.026672 0.026103
0 0.310444 0.533233 0.029127 0.028358