0 0.880120 0.349736 0.237892 0.298362
0 0.758823 0.737711 0.048068 0.046022
0 0.398239 0.690277 0.052344 0.046894
0 0.430680 0.585313 0.039785 0.037524
0 0.535149 0.861110 0.047188 0.044262
0 0.157124 0.517522 0.046315 0.039353
0 0.563644 0.289336 0.049617 0.045332
0 0.387539 0.596609 0.039318 0.035575
0 0.286292 0.794258 0.033652 0.031913
0 0.226599 0.546166 0.030976 0.027485
0 0.097473 0.385968 0.043330 0.037224
0 0.546948 0.178347 0.052600 0.044052
0 0.818858 0.797894 0.040897 0.039641
0 0.435648 0.933988 0.054978 0.053042
0 0.103884 0.203946 0.032539 0.028390
0 0.122690 0.454736 0.039958 0.033418
0 0.272055 0.253238 0.047612 0.040403
0 0.498549 0.209927 0.063542 0.058279
0 0.561606 0.222311 0.048655 0.044861
0 0.473754 0.571745 0.033457 0.030303
0 0.591661 0.327204 0.042728 0.040019
0 0.837394 0.681540 0.049730 0.046710
0 0.400978 0.952978 0.030141 0.029346
0 0.239791 0.213607 0.037737 0.034040
0 0.406535 0.254725 0.217032 0.198157
0 0.271050 0.866343 0.036778 0.035912
0 0.395627 0.905206 0.035103 0.034371
0 0.170269 0.229897 0.027125 0.025271
0 0.533054 0.813163 0.035585 0.032210
0 0.065187 0.381963 0.030752 0.029816
0 0.257617 0.291703 0.032116 0.027462
0 0.323915 0.925235 0.025820 0.025541
0 0.531879 0.938982 0.032955 0.033071
0 0.237750 0.760199 0.035929 0.033503
0 0.425721 0.816541 0.038067 0.036339
0 0.864229 0.905282 0.046759 0.044451
0 0.135803 0.394815 0.039966 0.034294
0 0.389679 0.928548 0.029712 0.029148
0 0.424719 0.821326 0.033915 0.030416