0 0.689999 0.745188 0.080803 0.065051
0 0.059895 0.146203 0.083814 0.065726
0 0.627615 0.955657 0.118305 0.088343
0 0.816845 0.870992 0.117723 0.095568
0 0.629337 0.310504 0.104733 0.082455
0 0.312452 0.683284 0.052096 0.040053
0 0.761718 0.511126 0.080679 0.062823
0 0.622182 0.716778 0.071921 0.058856
0 0.480697 0.021514 0.059447 0.042625
0 0.602254 0.143163 0.060935 0.046855
0 0.568045 0.650259 0.043303 0.034108
0 0.248803 0.191263 0.053193 0.040426
0 0.829853 0.935686 0.039345 0.031206
0 0.632179 0.557807 0.065108 0.050378
0 0.627950 0.169375 0.039995 0.031821
0 0.330653 0.128938 0.062142 0.046960
0 0.805483 0.557638 0.078225 0.058990
0 0.026141 0.103638 0.041352 0.031482
0 0.858112 0.345861 0.279155 0.336515
0 0.935741 0.822912 0.042884 0.034272
0 0.727574 0.029063 0.041063 0.032713
0 0.791433 0.138349 0.053674 0.037914
0 0.427223 0.695511 0.039394 0.030080
0 0.203412 0.756043 0.050703 0.040253
0 0.735775 0.627336 0.058517 0.043399
0 0.619525 0.009818 0.047459 0.019635
0 0.594166 0.277592 0.289256 0.228052
0 0.011829 0.655289 0.023659 0.069741
0 0.930113 0.451869 0.033357 0.029004
0 0.442217 0.812155 0.034945 0.025382
0 0.327197 0.903517 0.033593 0.027541
0 0.427101 0.380043 0.188696 0.150801
0 0.320521 0.985164 0.094204 0.029673
0 0.179814 0.507648 0.030919 0.024822
0 0.455829 0.216515 0.036394 0.029590
0 0.359574 0.207962 0.035662 0.028206
0 0.926494 0.713546 0.093373 0.073428
0 0.377115 0.856602 0.051129 0.039093
0 0.690862 0.457266 0.179568 0.150992
0 0.301495 0.644015 0.032044 0.026328
0 0.989601 0.889733 0.020799 0.035082
0 0.584597 0.489396 0.032365 0.023873
0 0.335277 0.933360 0.034614 0.027594
0 0.573069 0.012331 0.042488 0.024264
0 0.856499 0.696866 0.044985 0.035728
0 0.465290 0.165753 0.052766 0.041915
0 0.128077 0.704752 0.029857 0.023885
0 0.891131 0.930824 0.030568 0.024311
0 0.259070 0.128474 0.052886 0.041356
0 0.318268 0.717033 0.030227 0.023870
0 0.228157 0.055749 0.031314 0.026927
0 0.981327 0.695050 0.037345 0.052087
0 0.252652 0.462097 0.500500 0.476710
0 0.468863 0.871294 0.038241 0.029877
0 0.442396 0.328249 0.064713 0.049203
0 0.566034 0.410816 0.047496 0.035619
0 0.541475 0.545412 0.033635 0.027636
0 0.709508 0.217242 0.032966 0.026141
0 0.497703 0.084918 0.031954 0.027534
0 0.845963 0.102588 0.041442 0.033070
0 0.524637 0.005772 0.048026 0.011436
0 0.218665 0.146228 0.032769 0.025045
0 0.169180 0.125344 0.063600 0.049688
0 0.541066 0.979051 0.068925 0.041897
0 0.954254 0.090995 0.034788 0.031245
0 0.032173 0.346938 0.064328 0.163709
0 0.861572 0.158599 0.035130 0.028634
0 0.319936 0.280796 0.032084 0.025604
0 0.367853 0.462215 0.033203 0.028067
0 0.297927 0.211532 0.048688 0.039740
0 0.077364 0.870690 0.153998 0.258620
0 0.536691 0.323912 0.079898 0.055098
0 0.382411 0.337674 0.056964 0.041257