0 0.386096 0.445920 0.099965 0.072598
0 0.254875 0.232271 0.056881 0.040569
0 0.277505 0.535750 0.040147 0.030134
0 0.160584 0.552621 0.049295 0.036116
0 0.557518 0.012236 0.042030 0.024194
0 0.344655 0.076478 0.038761 0.031387
0 0.156182 0.620155 0.045300 0.032083
0 0.177548 0.927239 0.036297 0.029156
0 0.358412 0.809107 0.209994 0.169326
0 0.057343 0.109566 0.114545 0.118678
0 0.401505 0.798668 0.035939 0.029244
0 0.963098 0.097160 0.046365 0.038707
0 0.501649 0.931477 0.032616 0.027103
0 0.958017 0.514464 0.032505 0.028964
0 0.600726 0.282087 0.035700 0.030274
0 0.902690 0.117124 0.037984 0.031459
0 0.412711 0.570694 0.033666 0.026834
0 0.246873 0.826154 0.032609 0.028555
0 0.336491 0.393534 0.036850 0.030077
0 0.952395 0.345047 0.095211 0.139429
0 0.567719 0.834849 0.037662 0.029634
0 0.760680 0.710791 0.039629 0.031872
0 0.116251 0.060853 0.061803 0.050512
0 0.066809 0.098219 0.133618 0.145752
0 0.140970 0.201014 0.258963 0.196317
0 0.368359 0.228546 0.174376 0.122693
0 0.253030 0.013037 0.062393 0.026074