0 0.885485 0.343252 0.103699 0.102194
0 0.502827 0.636928 0.105613 0.104725
0 0.762528 0.656549 0.090215 0.088381
0 0.665930 0.748408 0.045333 0.043559
0 0.662615 0.893874 0.298678 0.212251
0 0.608444 0.674853 0.079408 0.079269
0 0.827635 0.272777 0.076135 0.075939
0 0.880790 0.832270 0.073161 0.068720
0 0.627381 0.102661 0.074712 0.075236
0 0.654908 0.552406 0.043404 0.042736
0 0.060513 0.864699 0.121000 0.171209
0 0.197586 0.757042 0.144290 0.139793
0 0.953887 0.183092 0.038469 0.037366
0 0.146882 0.953531 0.049419 0.047125
0 0.428944 0.650663 0.049732 0.049244
0 0.871889 0.415970 0.058046 0.057380
0 0.143103 0.708903 0.056843 0.056318
0 0.855651 0.468636 0.043611 0.042555
0 0.753343 0.594773 0.061690 0.059772
0 0.441460 0.958630 0.063642 0.061978
0 0.719207 0.206981 0.056067 0.055683
0 0.769356 0.259832 0.046784 0.045463
0 0.064428 0.989066 0.046480 0.021869
0 0.602053 0.215223 0.031327 0.030281
0 0.578316 0.446887 0.056708 0.056238
0 0.632500 0.051236 0.029369 0.028063
0 0.057515 0.765243 0.067172 0.064184
0 0.821273 0.170068 0.033675 0.032880
0 0.376465 0.038178 0.051733 0.049206
0 0.157770 0.421872 0.036631 0.036994
0 0.300311 0.565297 0.053826 0.049944
0 0.244425 0.902679 0.040625 0.039867
0 0.263794 0.675623 0.076475 0.075481
0 0.238390 0.551154 0.049105 0.047445
0 0.137430 0.448148 0.049929 0.050908
0 0.899438 0.917230 0.201123 0.165097
0 0.652696 0.229307 0.030575 0.030386
0 0.216629 0.334601 0.037402 0.038819
0 0.443846 0.605256 0.040023 0.041254
0 0.207599 0.597821 0.066422 0.064107
0 0.487617 0.447186 0.175577 0.177615
0 0.905235 0.113804 0.027285 0.026747
0 0.169471 0.156927 0.026948 0.026420
0 0.756979 0.236069 0.053762 0.054420
0 0.905173 0.512962 0.039859 0.037921
0 0.723567 0.398923 0.100427 0.095326
0 0.984594 0.673709 0.030715 0.039778
0 0.945633 0.743980 0.106626 0.332655
0 0.889112 0.061027 0.025358 0.025683
0 0.529931 0.414333 0.044904 0.044090
0 0.171335 0.663203 0.051406 0.049555
0 0.366853 0.737333 0.080294 0.077550
0 0.691645 0.636738 0.081810 0.083604
0 0.369116 0.751089 0.069697 0.067886
0 0.575554 0.399018 0.025657 0.024851
0 0.280898 0.538070 0.030271 0.028427
0 0.411721 0.991764 0.046792 0.016267
0 0.960783 0.036622 0.025805 0.025165
0 0.738266 0.007065 0.033892 0.014130
0 0.327352 0.979775 0.024296 0.023577
0 0.764857 0.253564 0.056150 0.055436
0 0.346890 0.808791 0.042039 0.039359
0 0.214002 0.037659 0.090211 0.074522
0 0.945897 0.690879 0.104070 0.472118
0 0.009204 0.767194 0.018280 0.049440
0 0.129663 0.308249 0.027573 0.027011
0 0.647239 0.178402 0.037780 0.036745
0 0.791120 0.389910 0.024917 0.025001
0 0.409417 0.987411 0.048405 0.024719
0 0.367156 0.710779 0.066136 0.061606
0 0.026354 0.717121 0.049935 0.052678
0 0.145132 0.830091 0.024991 0.024739
0 0.801504 0.829838 0.025157 0.023754
0 0.755034 0.240230 0.046305 0.043464