0 0.194156 0.329528 0.068208 0.061978
0 0.667821 0.457817 0.406189 0.356391
0 0.881730 0.482632 0.059400 0.051396
0 0.267926 0.223091 0.075471 0.066627
0 0.621418 0.806902 0.090932 0.082363
0 0.601378 0.067834 0.064571 0.056437
0 0.968811 0.422262 0.062377 0.062663
0 0.093121 0.214246 0.080856 0.070429
0 0.158230 0.049691 0.110739 0.096506
0 0.184705 0.683509 0.084529 0.075465
0 0.678906 0.896852 0.064037 0.058198
0 0.044119 0.937238 0.088237 0.087271
0 0.110170 0.347801 0.045936 0.040512
0 0.278251 0.911503 0.051111 0.047953
0 0.228562 0.912439 0.039976 0.036436
0 0.079699 0.767041 0.068573 0.062794
0 0.336338 0.588176 0.032803 0.031033
0 0.016205 0.518643 0.032411 0.033716
0 0.808069 0.059273 0.268439 0.118069
0 0.566402 0.849416 0.035845 0.032219
0 0.144740 0.893638 0.050472 0.044395
0 0.770855 0.636825 0.053134 0.045521
0 0.177981 0.285491 0.032831 0.029354
0 0.288466 0.809145 0.035191 0.033088
0 0.256380 0.395379 0.039219 0.033636
0 0.108314 0.946762 0.052184 0.047561
0 0.042621 0.284626 0.030175 0.028229
0 0.901829 0.980681 0.042492 0.036497
0 0.754982 0.140545 0.031742 0.027506
0 0.187485 0.823127 0.033088 0.030656
0 0.654270 0.792355 0.596148 0.415289
0 0.022536 0.778742 0.039403 0.035364
0 0.365285 0.489351 0.063251 0.058758
0 0.934597 0.254727 0.130806 0.178115
0 0.393182 0.012925 0.065051 0.025132
0 0.147407 0.846181 0.052688 0.050122
0 0.912945 0.171243 0.174110 0.342486
0 0.979289 0.882911 0.031605 0.029166
0 0.347757 0.990019 0.028256 0.019807
0 0.502654 0.627212 0.030954 0.028113
0 0.479873 0.369432 0.102069 0.089543
0 0.877480 0.525372 0.030750 0.026903
0 0.299106 0.315501 0.029533 0.027023
0 0.303864 0.493414 0.056522 0.052327
0 0.100807 0.819104 0.109670 0.088054
0 0.571959 0.885770 0.031443 0.030373
0 0.176108 0.143942 0.174627 0.165637
0 0.338140 0.787359 0.028671 0.028594
0 0.617976 0.764663 0.029447 0.026931
0 0.716645 0.927913 0.042321 0.038005
0 0.091417 0.883634 0.027921 0.025177
0 0.400585 0.217525 0.043633 0.036553
0 0.441002 0.064049 0.150724 0.127769
0 0.301842 0.082542 0.074838 0.069765
0 0.958698 0.941461 0.082286 0.117077
0 0.095290 0.659678 0.075368 0.067210
0 0.405005 0.043121 0.055154 0.047261
0 0.425414 0.562667 0.241478 0.230952