0 0.384396 0.654002 0.223120 0.191139
0 0.752895 0.365601 0.276542 0.241832
0 0.856147 0.496203 0.042177 0.036826
0 0.030657 0.337700 0.060785 0.063794
0 0.094537 0.846223 0.165900 0.143182
0 0.723890 0.363879 0.036883 0.032285
0 0.447988 0.296373 0.094357 0.080133
0 0.582074 0.488888 0.066758 0.054250
0 0.595683 0.558553 0.184372 0.157134
0 0.552555 0.125966 0.254830 0.237660
0 0.674455 0.450579 0.067295 0.059181
0 0.044861 0.720290 0.088489 0.213725
0 0.841008 0.062427 0.317984 0.124854
0 0.564309 0.335088 0.031949 0.029941
0 0.424334 0.521407 0.041974 0.035568
0 0.294528 0.378582 0.060717 0.055244
0 0.954704 0.809632 0.032548 0.029380
0 0.353662 0.907003 0.037098 0.029515
0 0.267880 0.720045 0.047374 0.042717
0 0.373553 0.559164 0.098461 0.079096
0 0.468186 0.927117 0.032468 0.028860
0 0.063438 0.934000 0.036149 0.033326
0 0.532947 0.852283 0.031363 0.028575
0 0.608692 0.209132 0.086203 0.080211
0 0.023861 0.531663 0.047723 0.055809
0 0.577538 0.712898 0.031781 0.028875
0 0.240144 0.529074 0.028287 0.025955
0 0.943784 0.319404 0.110862 0.298074
0 0.354108 0.969207 0.120892 0.060648
0 0.392674 0.560332 0.061250 0.054347
0 0.278402 0.567839 0.090203 0.078648
0 0.823642 0.917347 0.063456 0.057036
0 0.563600 0.852862 0.027605 0.025953
0 0.628490 0.745315 0.026959 0.024843
0 0.416998 0.042964 0.044670 0.041812
0 0.376400 0.513026 0.052247 0.049058
0 0.224007 0.525392 0.039701 0.035118
0 0.320467 0.447320 0.139325 0.124056
0 0.152571 0.955262 0.302989 0.089475
0 0.372597 0.525160 0.059348 0.055090